sentences,sentenceIndex,paragraphIndex,section,wikiId
Kang Daniel (Korean: 강다니엘; born Kang Eui-geon,0,0,N/A,55257325
"[강의건]; December 10, 1996) is a South Korean singer-songwriter, actor, and entrepreneur.",1,0,N/A,55257325
He rose to fame in early 2017 as the first-place winner of the second season of reality competition series Produce 101 and is a former member of the show's derivative boy group Wanna One.,2,0,N/A,55257325
"Following the end of Wanna One's activities as a group, Kang took a six-month hiatus from the entertainment industry and took over management of his career.",0,1,N/A,55257325
"In mid-2019, he released his solo debut extended play (EP), Color on Me, which was a commercial success that topped South Korea's Gaon Album Chart.",1,1,N/A,55257325
His subsequent works from his color series titled Cyan (2020) and Magenta (2020) also topped the Gaon Album Chart with the former's title track earning Kang his first top ten single in Korea.,2,1,N/A,55257325
"Furthering his success as a solo artist, Kang earned his first top five single in Korea as well as his first solo appearance on Billboard's World Digital Song Sales chart through the single ""Paranoia"".",3,1,N/A,55257325
"He then released the third and final chapter of his ""color trilogy"", Yellow (2021), which topped the Gaon Album Chart and contained his first domestic number one single titled ""Antidote"".",4,1,N/A,55257325
"Alongside his music career, Kang also appeared as the host of Mnet's Street Woman Fighter (2021) as well as the spin-off show Street Dance Girls Fighter (2021) and made his acting debut through the Disney+ Star original series, Rookie Cops (2022).",0,2,N/A,55257325
His other ventures include establishing an independent entertainment company named Konnect Entertainment to manage his own career that has since expanded to manage other artists in addition to himself.,1,2,N/A,55257325
==,0,3,== Life and career ==,55257325
Life and career ==,1,3,== Life and career ==,55257325
===,0,4,== Life and career == | === Early life and pre-debut ===,55257325
Early life and pre-debut,1,4,== Life and career == | === Early life and pre-debut ===,55257325
===,2,4,== Life and career == | === Early life and pre-debut ===,55257325
"Kang Daniel was born as Kang Eui-geon (강의건) in Busan, South Korea as the only child of his family.",0,5,== Life and career == | === Early life and pre-debut ===,55257325
"After spending his childhood and most of his teen years with his birth name, he decided to legally change it to Daniel due to family and friends having difficulty pronouncing Eui-geon.",1,5,== Life and career == | === Early life and pre-debut ===,55257325
"On an episode of MBC's Radio Star, Kang cited a biblical figure as his source of inspiration for the name Daniel.",2,5,== Life and career == | === Early life and pre-debut ===,55257325
He began dancing in eighth grade through a b-boy club he joined due to a teacher's suggestion and later attended a dance academy in Busan called Nataraja Academy.,3,5,== Life and career == | === Early life and pre-debut ===,55257325
"During a guest appearance at variety show Hello Counselor, Kang revealed that he was ostracized in elementary school because of his appearance and developed passion and built self-esteem through dancing.",4,5,== Life and career == | === Early life and pre-debut ===,55257325
"To further pursue this passion, he attended Peniel Arts High School where he studied modern dance for a year with ballet as his second major and won a gold medal in the dance category at the 49th High School Performing Arts Contest.",5,5,== Life and career == | === Early life and pre-debut ===,55257325
"Prior to appearing on Produce 101 Season 2, Kang had trained for two years and one month.",6,5,== Life and career == | === Early life and pre-debut ===,55257325
He initially started as a trainee under B2M Entertainment until the company's acquisition and then became a trainee under MMO Entertainment.,7,5,== Life and career == | === Early life and pre-debut ===,55257325
"Throughout this training period, Kang did not receive dance or singing lessons due to both company's financial instability.",8,5,== Life and career == | === Early life and pre-debut ===,55257325
"One of the most notable moments during his time as a trainee was his appearance on Her Secret Weapon, performing ""Invitation"" by Uhm Jung-hwa, where he served as a backup dancer to Fiestar's Cao Lu and Spica's Sihyun.",9,5,== Life and career == | === Early life and pre-debut ===,55257325
===,0,6,== Life and career == | === 2017–2018: Produce 101 and Wanna One ===,55257325
2017–2018: Produce 101 and Wanna One,1,6,== Life and career == | === 2017–2018: Produce 101 and Wanna One ===,55257325
===,2,6,== Life and career == | === 2017–2018: Produce 101 and Wanna One ===,55257325
"In 2017, Kang represented MMO Entertainment in the boy group reality survival show, Produce 101 Season 2.",0,7,== Life and career == | === 2017–2018: Produce 101 and Wanna One ===,55257325
He is known for finishing first in the final episode and becoming the center of the project boy group Wanna One under YMC Entertainment.,1,7,== Life and career == | === 2017–2018: Produce 101 and Wanna One ===,55257325
"Kang officially debuted with Wanna One during Wanna One Premier Show-Con on August 7, at the Gocheok Sky Dome, with the debut mini-album 1×1=1 (To Be One).",2,7,== Life and career == | === 2017–2018: Produce 101 and Wanna One ===,55257325
"During the preparation for this debut, he was confirmed to join the pilot season of MBC variety show",3,7,== Life and career == | === 2017–2018: Produce 101 and Wanna One ===,55257325
It's Dangerous Beyond The Blankets which premiered on August 27.,4,7,== Life and career == | === 2017–2018: Produce 101 and Wanna One ===,55257325
"In the same month, he was featured on the cover of Weekly Chosun magazine, one of the major news and current events publications in South Korea, with an article focusing on his popularity among the general public.",5,7,== Life and career == | === 2017–2018: Produce 101 and Wanna One ===,55257325
"Following the conclusion of the mini-album promotion on August 30, he was chosen as the first male celebrity to appear on the cover of InStyle Korea fashion magazine in its 14-year history for its October 2017 issue.",6,7,== Life and career == | === 2017–2018: Produce 101 and Wanna One ===,55257325
"He was also signed as a cast member for SBS's newly launched variety show Master Key, for which he was awarded the variety rookie award at the 2017 SBS Entertainment Awards.",7,7,== Life and career == | === 2017–2018: Produce 101 and Wanna One ===,55257325
"In 2018, Kang was involved in several prominent solo activities, most notably as the main model for Davichi's ""Days Without You"" (너 없는 시간들) music video and as the main cast of the second season of It's Dangerous Beyond the Blankets.",8,7,== Life and career == | === 2017–2018: Produce 101 and Wanna One ===,55257325
He was later awarded the variety rookie award at the 2018 MBC Entertainment Awards for his work at the respective show.,9,7,== Life and career == | === 2017–2018: Produce 101 and Wanna One ===,55257325
"He also continued to promote with Wanna One, including as a part of Wanna One's unit ""Triple Position"" which won the Best Unit Award at the 2018 Mnet Asian Music Awards.",10,7,== Life and career == | === 2017–2018: Produce 101 and Wanna One ===,55257325
"Although he concluded his contract with Wanna One on December 31, he still appeared with the group until its official farewell concerts on January 24–27 in 2019.",11,7,== Life and career == | === 2017–2018: Produce 101 and Wanna One ===,55257325
===,0,8,== Life and career == | === 2019: Solo debut with Color on Me ===,55257325
2019:,1,8,== Life and career == | === 2019: Solo debut with Color on Me ===,55257325
Solo debut with Color on Me =,2,8,== Life and career == | === 2019: Solo debut with Color on Me ===,55257325
==,3,8,== Life and career == | === 2019: Solo debut with Color on Me ===,55257325
"On January 31, 2019, it was reported that Kang would move to LM Entertainment after the end of his activities with Wanna One.",0,9,== Life and career == | === 2019: Solo debut with Color on Me ===,55257325
"However, on March 21, Kang submitted an application to suspend his exclusive contract with LM.",1,9,== Life and career == | === 2019: Solo debut with Color on Me ===,55257325
His legal representative revealed that LM Entertainment signed joint business contracts that sold Kang's exclusive contract rights to third parties without his prior consent.,2,9,== Life and career == | === 2019: Solo debut with Color on Me ===,55257325
"On May 10, the Seoul Central District Court ruled in favor of Kang, allowing the suspension of his contract and his pursuit of individual activities as a celebrity without any interference from the company.",3,9,== Life and career == | === 2019: Solo debut with Color on Me ===,55257325
"Following that, on June 10, Kang was reported to have established his own agency Konnect Entertainment for his future activities.",4,9,== Life and career == | === 2019: Solo debut with Color on Me ===,55257325
LM Entertainment's appeal regarding the contract suspension was rejected by the Seoul Central District Court on July 11.,5,9,== Life and career == | === 2019: Solo debut with Color on Me ===,55257325
"Kang officially debuted as a solo artist on July 25 with the debut EP, Color on Me.",6,9,== Life and career == | === 2019: Solo debut with Color on Me ===,55257325
"As reflected on Hanteo Chart, the EP set records for both the highest first-day and first-week physical sales for a solo artist since the chart's inception.",7,9,== Life and career == | === 2019: Solo debut with Color on Me ===,55257325
"Its lead single ""What Are You Up To"" gave Kang his first-ever solo music show win on KBS2's Music Bank on August 9.",8,9,== Life and career == | === 2019: Solo debut with Color on Me ===,55257325
He kicked off promotions for the EP by holding six different fan-sign events across Korea between July 31 and August 3.,9,9,== Life and career == | === 2019: Solo debut with Color on Me ===,55257325
"Following that, Kang embarked on the first fan meet tour of his solo career, touring six different cities: Singapore, Bangkok, Taipei, Kuala Lumpur, and Manila before returning to Seoul with a two-day fan meet that ended on November 24.",10,9,== Life and career == | === 2019: Solo debut with Color on Me ===,55257325
"In the midst of touring, he also hosted his own radio show on NOW., Naver's online audio streaming service.",11,9,== Life and career == | === 2019: Solo debut with Color on Me ===,55257325
The Kang Daniel Show aired on Chuseok holiday with a total of four episodes released each day from September 11–14; with Gray making a guest appearance on the third episode.,12,9,== Life and career == | === 2019: Solo debut with Color on Me ===,55257325
"In the same month, it was announced that Kang's contract with LM was officially terminated as both sides came to a mutual agreement.",13,9,== Life and career == | === 2019: Solo debut with Color on Me ===,55257325
"Serving as his first comeback, Kang released two digital singles on November 25 called ""Touchin'"" and ""Adulthood"".",14,9,== Life and career == | === 2019: Solo debut with Color on Me ===,55257325
"Unlike his solo debut, Kang was able to promote ""Touchin'"" by performing the song on several Korean music shows and won a trophy on SBS MTV's The Show on December 3.",15,9,== Life and career == | === 2019: Solo debut with Color on Me ===,55257325
"However, after a week of promoting, Konnect announced that Kang would be taking a career break due to health issues.",16,9,== Life and career == | === 2019: Solo debut with Color on Me ===,55257325
===,0,10,"== Life and career == | === 2020–2021: Cyan, Magenta, Yellow, and MC ventures ===",55257325
2020–2021:,1,10,"== Life and career == | === 2020–2021: Cyan, Magenta, Yellow, and MC ventures ===",55257325
"Cyan, Magenta, Yellow, and MC ventures ===",2,10,"== Life and career == | === 2020–2021: Cyan, Magenta, Yellow, and MC ventures ===",55257325
"In 2020, Kang returned to scheduled activities with travel reality show Hello, Daniel which premiered on March 4.",0,11,"== Life and career == | === 2020–2021: Cyan, Magenta, Yellow, and MC ventures ===",55257325
"He then released his second EP, Cyan, on March 24 as the first installment of his ""color trilogy"" project.",1,11,"== Life and career == | === 2020–2021: Cyan, Magenta, Yellow, and MC ventures ===",55257325
"Its lead single ""2U"" gave Kang his first top ten track in Korea along with several trophies on music shows: The Show, Music Bank, Show! Music Core, Show Champion, and M Countdown.",2,11,"== Life and career == | === 2020–2021: Cyan, Magenta, Yellow, and MC ventures ===",55257325
"Prior to the release of Cyan, it was revealed that Kang and Zico would release a song together as part of the Pepsi and Starship Entertainment collaboration project titled ""For The Love of Korea"".",3,11,"== Life and career == | === 2020–2021: Cyan, Magenta, Yellow, and MC ventures ===",55257325
"Their joint single ""Refresh"" was co-produced by Steve Aoki and released on April 23.",4,11,"== Life and career == | === 2020–2021: Cyan, Magenta, Yellow, and MC ventures ===",55257325
"The following month, he participated in 88rising's Asia Rising Forever and the TikTok Stage online concert.",5,11,"== Life and career == | === 2020–2021: Cyan, Magenta, Yellow, and MC ventures ===",55257325
"On June 19, Kang released his first-ever drama OST called ""Something"" through SBS's romantic comedy Backstreet Rookie.",6,11,"== Life and career == | === 2020–2021: Cyan, Magenta, Yellow, and MC ventures ===",55257325
"He also joined the lineup for KCON:TACT 2020 Summer and the Pepsi Online Showcase, for which he hosted the opening and later performed as Pepsi's global K-pop partner.",7,11,"== Life and career == | === 2020–2021: Cyan, Magenta, Yellow, and MC ventures ===",55257325
"To celebrate the first anniversary of his solo debut, Kang held an online fan meeting on July 25 via ten streaming platforms worldwide.",8,11,"== Life and career == | === 2020–2021: Cyan, Magenta, Yellow, and MC ventures ===",55257325
This made him the first Korean celebrity to have a fan meeting broadcast live through China's local platform since the country's ban on Korean culture began in 2016.,9,11,"== Life and career == | === 2020–2021: Cyan, Magenta, Yellow, and MC ventures ===",55257325
"The second installment of his ""color trilogy"" project and third EP, Magenta, was released on August 3.",10,11,"== Life and career == | === 2020–2021: Cyan, Magenta, Yellow, and MC ventures ===",55257325
"With this release, Kang surpassed one million cumulative albums sold within 13 months of debuting as a solo artist.",11,11,"== Life and career == | === 2020–2021: Cyan, Magenta, Yellow, and MC ventures ===",55257325
"The lead single ""Who U Are"" peaked at number 12 in Korea and won trophies on SBS MTV's The Show, KBS2's Music Bank, and MBC's Show!",12,11,"== Life and career == | === 2020–2021: Cyan, Magenta, Yellow, and MC ventures ===",55257325
Music Core.,13,11,"== Life and career == | === 2020–2021: Cyan, Magenta, Yellow, and MC ventures ===",55257325
"Two months later, Kang performed on a special episode of MBC's I Live Alone for the 2021 Summer/Spring Seoul Fashion Week.",14,11,"== Life and career == | === 2020–2021: Cyan, Magenta, Yellow, and MC ventures ===",55257325
"In November, Konnect opened pre-orders for Kang's first artbook Never Standing Still - It's Time to Shine in collaboration with Paul McCartney's personal photographer, MJ Kim.",15,11,"== Life and career == | === 2020–2021: Cyan, Magenta, Yellow, and MC ventures ===",55257325
"As his first collaboration with American artists, Kang was featured on ""State of Wonder"" by Inverness alongside Anthony Russo.",16,11,"== Life and career == | === 2020–2021: Cyan, Magenta, Yellow, and MC ventures ===",55257325
"The single was released by Monstercat on January 15, 2021.",17,11,"== Life and career == | === 2020–2021: Cyan, Magenta, Yellow, and MC ventures ===",55257325
"He then released the digital single ""Paranoia"" on February 16, which gave Kang his first top five track that peaked at number two in Korea and won trophies on several music shows including: The Show, Show Champion, M Countdown, and Show!",18,11,"== Life and career == | === 2020–2021: Cyan, Magenta, Yellow, and MC ventures ===",55257325
Music Core.,19,11,"== Life and career == | === 2020–2021: Cyan, Magenta, Yellow, and MC ventures ===",55257325
It also marked his first solo appearance on Billboard's World Digital Song Sales chart with the single debuting at number five.,20,11,"== Life and career == | === 2020–2021: Cyan, Magenta, Yellow, and MC ventures ===",55257325
"Leading up to his next EP, Kang was featured on YouTube Originals seven-episode documentary series K-Pop Evolution which premiered on March 31.",21,11,"== Life and career == | === 2020–2021: Cyan, Magenta, Yellow, and MC ventures ===",55257325
"He then released his fourth overall EP, Yellow, on April 13 as the final installment of his three-part project aimed to find his true colors as a solo artist.",22,11,"== Life and career == | === 2020–2021: Cyan, Magenta, Yellow, and MC ventures ===",55257325
"Its lead single ""Antidote"" gave Kang his first number one track in Korea along with several trophies on music shows: The Show, Show Champion, Music Bank, Show! Music Core, and Inkigayo.",23,11,"== Life and career == | === 2020–2021: Cyan, Magenta, Yellow, and MC ventures ===",55257325
"Discussing what this project represents, Kang said ""The color series is really about sharing the different stages of self-discovery as an artist with my fans"".",24,11,"== Life and career == | === 2020–2021: Cyan, Magenta, Yellow, and MC ventures ===",55257325
"On May 13, Kang released the promotional single ""Outerspace"" featuring Loco through Universe Music for the mobile application, Universe.",25,11,"== Life and career == | === 2020–2021: Cyan, Magenta, Yellow, and MC ventures ===",55257325
"In celebration of his two-year anniversary as a solo artist, Kang held a virtual reality (VR) fan meeting on July 25.",26,11,"== Life and career == | === 2020–2021: Cyan, Magenta, Yellow, and MC ventures ===",55257325
"In the same month, it was confirmed that Kang was selected as the fixed MC for Mnet's first-ever female dance crew competition show Street Woman Fighter which premiered on August 24.",27,11,"== Life and career == | === 2020–2021: Cyan, Magenta, Yellow, and MC ventures ===",55257325
His background in breakdancing and first-hand knowledge of street dance culture were qualifications cited by a producer of the show as reasons for selecting him as the MC.,28,11,"== Life and career == | === 2020–2021: Cyan, Magenta, Yellow, and MC ventures ===",55257325
"On September 15, Kang was featured on Japanese musician Miyavi's ""Hush Hush"" from the studio album Imaginary.",29,11,"== Life and career == | === 2020–2021: Cyan, Magenta, Yellow, and MC ventures ===",55257325
"He also joined the lineup for ""Cyworld BGM 2021"", a large-scale project to remake the top 100 BGM songs that were most popular on the Cyworld platform in the 2000s.",30,11,"== Life and career == | === 2020–2021: Cyan, Magenta, Yellow, and MC ventures ===",55257325
"As the 14th track of the project, Kang and his labelmate Chancellor released a remake of Epik High's ""Fly"" on November 16.",31,11,"== Life and career == | === 2020–2021: Cyan, Magenta, Yellow, and MC ventures ===",55257325
"Following the success of Street Woman Fighter, Kang was re-selected as the fixed MC for the spin-off show Street Dance Girls Fighter which premiered on November 30.",32,11,"== Life and career == | === 2020–2021: Cyan, Magenta, Yellow, and MC ventures ===",55257325
"The following month, he reunited with nine other members of Wanna One for a special group performance at the 2021 Mnet Asian Music Awards.",33,11,"== Life and career == | === 2020–2021: Cyan, Magenta, Yellow, and MC ventures ===",55257325
===,0,12,== Life and career == | === 2022: Acting debut ===,55257325
2022:,1,12,== Life and career == | === 2022: Acting debut ===,55257325
Acting debut =,2,12,== Life and career == | === 2022: Acting debut ===,55257325
==,3,12,== Life and career == | === 2022: Acting debut ===,55257325
"Prior to the release of ""Paranoia"", it was revealed that Kang was offered to star in the first-ever Korean Disney+ Star original series titled Rookie Cops.",0,13,== Life and career == | === 2022: Acting debut ===,55257325
"With a scheduled release date of January 26, this marked his official debut as an actor as well as the streaming platform's production debut in South Korea.",1,13,== Life and career == | === 2022: Acting debut ===,55257325
"Having previously turned down several offers to appear in Korean dramas, Kang revealed that he was convinced to give this proposal a try for the comfortable atmosphere created by being around people his age.",2,13,== Life and career == | === 2022: Acting debut ===,55257325
==,0,14,== Impact and influence ==,55257325
Impact and influence,1,14,== Impact and influence ==,55257325
==,2,14,== Impact and influence ==,55257325
"Kang has been described as ""one of the highest-earning and most significant male solo acts in K-pop"" with his domestic popularity earning him the nickname ""Nation's Center"" from South Korean media.",0,15,== Impact and influence ==,55257325
"SBS's Late Night Entertainment News described him as ""more than a top idol star"" and stated that ""he created a craze"" that was recreated in an episode of Saturday Night Live Korea.",1,15,== Impact and influence ==,55257325
"In 2018, Kang was selected as an honorary ambassador for the special Korean cultural exhibit at the 2018 Pyeongchang Olympics.",2,15,== Impact and influence ==,55257325
"The following year, he was appointed the honorary ambassador of Busan as a result of a citizen-voted poll.",3,15,== Impact and influence ==,55257325
"A formal ceremony was held on July 9, 2019, at the Sajik Baseball Stadium where he received a mandate from the mayor of the city and threw the ceremonial first pitch for the Lotte Giants' home game.",4,15,== Impact and influence ==,55257325
"In October 2020, Kang participated in the 4352nd anniversary ceremony of Korea's National Foundation Day held by the Korean government at Gyeongbokgung Palace as the only singer invited among 30 national figures, including the prime minister of South Korea.",5,15,== Impact and influence ==,55257325
"His national influence was further seen as South Korean Olympic medalists (Kim Kyeong-Ae, Lee Da-bin, and Hyun Jung-hwa) declared themselves fans of the artist.",6,15,== Impact and influence ==,55257325
"South Korean doo-wop trio The Barberettes also revealed they were fans of Kang as member An Shinae who wrote, composed, and arranged their lead single ""SHOO"" divulged that Kang was the inspiration behind the song.",7,15,== Impact and influence ==,55257325
"In January 2019, Kang set a Guinness World Record for the ""Fastest time to gain one million followers on Instagram"" (11 hours and 36 minutes after joining).",8,15,== Impact and influence ==,55257325
"Later that month, his official Daum fancafe became the fastest in history among idols and idol groups to reach 100,000 members, doing so in under 40 hours.",9,15,== Impact and influence ==,55257325
"He then became the first male celebrity, globally, to front a campaign for Givenchy Beauty after being chosen as its brand ambassador.",10,15,== Impact and influence ==,55257325
"Kang has also been recognized for his marketing power, having topped the Korean Business Research Institute's 'Male Model Brand Power Ranking' and 'Individual Boy Group Members Brand Power Ranking'; becoming the first artist in history to spend 13 consecutive months at the top of the latter.",11,15,== Impact and influence ==,55257325
"His name has appeared in multiple other listicles, such as Gallup Korea's annual list of 'Most Preferred Idols' and Forbes annual lists of '2030 Power Leaders' and 'Korea Power Celebrities'.",12,15,== Impact and influence ==,55257325
"He was also included in Naver TV's 'Most Popular Videos of 2017', taking up six of the top ten clips based on the number of video plays and four of the top ten clips based on the number of likes, including the number one spot.",13,15,== Impact and influence ==,55257325
"Two years later, he was included in Naver TV's 'Most Popular Videos of 2019', taking up four of the top ten clips based on the number of video plays.",14,15,== Impact and influence ==,55257325
His influence is further seen through webtoons as the writer of Ideal Relationship (이상적인 관계) confirmed that Kang was the inspiration behind the character Noah's appearance.,15,15,== Impact and influence ==,55257325
"During an interview in May 2020, the creator of webtoon Eleceed also revealed that Kang was the inspiration behind the main character Seo Jiwoo.",16,15,== Impact and influence ==,55257325
"JoyNews24 placed Kang at number five on its 'Power People of 2019' survey among industry professionals and, in late 2019, he was selected as the third most-preferred advertising model by female consumers in their 10s in a survey conducted by the Korean Broadcast Advertising Corporation.",17,15,== Impact and influence ==,55257325
"In March 2021, he surpassed 150 consecutive weeks at the top of Idol Chart, making him the first and only artist to achieve this.",18,15,== Impact and influence ==,55257325
"The first episode of Kang's travel reality show Hello, Daniel caused a surge in sales for the travel guide If You Want to Live in Portland and led to increased success for the publishing company.",19,15,== Impact and influence ==,55257325
"During an interview with Netflix Korea, Sweet Home actress Park Gyu-young revealed that she was inspired by Kang's pink hair color while he was on Produce 101 for her character Yoon Ji-soo.",20,15,== Impact and influence ==,55257325
==,0,16,== Other ventures ==,55257325
Other ventures ==,1,16,== Other ventures ==,55257325
===,0,17,== Other ventures == | === Business ===,55257325
Business =,1,17,== Other ventures == | === Business ===,55257325
==,2,17,== Other ventures == | === Business ===,55257325
"In June 2019, Kang established two companies named Konnect Entertainment and KD Corporation Ltd. as the chief executive officer (CEO) of both.",0,18,== Other ventures == | === Business ===,55257325
"His activities in the entertainment industry are managed by the former, while all other business-related activities are managed by the latter.",1,18,== Other ventures == | === Business ===,55257325
"Further business ventures through these companies include: a cafe on the first floor of Konnect Entertainment's building called Cafe de Konnect, the development and launch of mobile application ""KANGDANIEL"" to serve as Kang's official fancafe, a collaboration with South Korean game development company Dalcomsoft to release the rhythm game ""SuperStar KANGDANIEL"" as the first app in the series exclusively made for a solo artist, and a partnership agreement with Very Cherry to domestically manage solo artist CL.",2,18,== Other ventures == | === Business ===,55257325
"Expanding its lineup of artists, singer-songwriter and producer Chancellor as well as former GFriend member Yuju signed exclusive contracts with Konnect Entertainment.",3,18,== Other ventures == | === Business ===,55257325
===,0,19,== Other ventures == | === Endorsements ===,55257325
Endorsements ===,1,19,== Other ventures == | === Endorsements ===,55257325
"A year after debuting, Kang became one of the highest-valued celebrities in South Korea's advertisement industry, reportedly making ₩300 million (USD$250,000) per three-month contract and ₩1 billion ($860,000) per one-year contract.",0,20,== Other ventures == | === Endorsements ===,55257325
"Aside from the endorsement deals he had with his group, Kang also signed six individual advertising contracts during his time with Wanna One.",1,20,== Other ventures == | === Endorsements ===,55257325
"In September 2017, Kang signed his first sole advertising contract as the model for Think Nature and increased the brand's online sales by 728%.",0,21,== Other ventures == | === Endorsements ===,55257325
"Two months later, he was chosen as the model for The Spring Home and earned the company over ₩20 million ($16,645) in 10 minutes during a customized sales event.",1,21,== Other ventures == | === Endorsements ===,55257325
"The following year, fashion brand Los Angeles Project (LAP), the world's leading producer of soju (HiteJinro), electronics company Bokuk, and eyewear brand Kissing Heart revealed Kang as their official model.",2,21,== Other ventures == | === Endorsements ===,55257325
"Soon after his solo debut in July 2019, Kang became the model for South Korea's largest telephone company, KT Corporation, advertising the Samsung Galaxy Note 10 Aura Red.",3,21,== Other ventures == | === Endorsements ===,55257325
"Their collaboration generated the sales of 68,000 units and raised KT's pre-booking record by a total of 45%.",4,21,== Other ventures == | === Endorsements ===,55257325
He also became the face of restaurant chain Mexicana Chicken.,5,21,== Other ventures == | === Endorsements ===,55257325
"In September 2019, Kang became a brand ambassador for Givenchy Beauty and modeled various looks from its Le Rouge line in a photoshoot for the October issue of Elle magazine.",6,21,== Other ventures == | === Endorsements ===,55257325
"Later that month, Subway Korea revealed Kang as the new advertisement model for its signature wraps.",7,21,== Other ventures == | === Endorsements ===,55257325
"Shortly after, he was selected as the new face for Calvin Klein Jeans.",8,21,== Other ventures == | === Endorsements ===,55257325
"In October 2019, premium luggage brand Rimowa presented its new collection in collaboration with Kang through photos and videos on Elle and Esquire magazines.",9,21,== Other ventures == | === Endorsements ===,55257325
"In January 2020, Kang became the new brand ambassador for German sportswear brand Puma.",10,21,== Other ventures == | === Endorsements ===,55257325
"Later that month, Puma and Kang's first collaboration ""RS-X Cube"" was released as a part of Puma's RS (Running System) collection.",11,21,== Other ventures == | === Endorsements ===,55257325
"To celebrate the sneaker line, Puma launched an offline promotional event in stores called the ""KD CUBE ROOM"" where visitors enjoyed exclusive content such as unreleased videos, new merchandise, and virtual video calls with Kang.",12,21,== Other ventures == | === Endorsements ===,55257325
"In February 2020, Kang collaborated with KakaoTalk's emoticon service, Kakao Friends.",13,21,== Other ventures == | === Endorsements ===,55257325
"Designed by Kang himself, the collaboration line ""Apeach Kang Daniel Edition"" (inspired by his resemblance to Kakao Friends Muzi Series character Apeach and his own nickname ""Baby Peach"") featured goods that fall under the toy, living, fashion, and fan goods categories and was officially released in Korea and globally on February 7 and 21.",14,21,== Other ventures == | === Endorsements ===,55257325
"Kakao Friends also released a limited-edition beverage and dessert menu for three cafes, including Kang's Cafe de Konnect.",15,21,== Other ventures == | === Endorsements ===,55257325
"Puma and Kang's second collaboration ""RS 2.0"" was released in August 2020 as a part of Puma's RS collection.",16,21,== Other ventures == | === Endorsements ===,55257325
"In the same month, he also became the model for cure-cosmetic brand Icepray.",17,21,== Other ventures == | === Endorsements ===,55257325
"In December 2020, Givenchy Beauty announced that Kang would continue to be its official model for another year and divulged its best selling item in 2020 as the Teint Couture Cushion (also known as the Kang Daniel Cushion).",18,21,== Other ventures == | === Endorsements ===,55257325
"In January 2021, Kang was selected as the brand ambassador for global beauty brand Mernel.",19,21,== Other ventures == | === Endorsements ===,55257325
"Later that month, Mexicana Chicken announced that Kang would continue to be the face of its restaurant chain for another year by confirming the extension of his modeling contract.",20,21,== Other ventures == | === Endorsements ===,55257325
"He also expanded his activities as the brand ambassador of Givenchy Beauty by modeling the brand's newly launched perfume collection, composed of nine unique scents.",21,21,== Other ventures == | === Endorsements ===,55257325
===,0,22,== Other ventures == | === Fashion and modelling ===,55257325
Fashion and modelling ===,1,22,== Other ventures == | === Fashion and modelling ===,55257325
"Industry officials have said ""even if the fashion industry is in a slump, Kang Daniel as a model can still make others spend money"", stating that ""his fee is the highest among rising stars"".",0,23,== Other ventures == | === Fashion and modelling ===,55257325
"Following his debut, he quickly became one of the most sought-after stars among coveted luxury brands and has since collaborated with and endorsed many such as Chanel, Louis Vuitton, Calvin Klein, and Cartier.",1,23,== Other ventures == | === Fashion and modelling ===,55257325
"In January 2018, two months after Kang was seen wearing a duffel coat designed by LAP to the Incheon International Airport, it was announced that he became the official model of the fashion brand.",2,23,== Other ventures == | === Fashion and modelling ===,55257325
"A spokesperson from the brand stated, ""After Kang Daniel wore our coat, the response we received was really positive"" and that ""the product was sold out immediately"".",3,23,== Other ventures == | === Fashion and modelling ===,55257325
"LAP further launched a separate streetwear line named ""Kang Daniel's Pick - Edition"" to better align with his personal style; the collection's popularity resulted in long lines at the Daniel's Pick LAP pop-up stores in Japan and Korea.",4,23,== Other ventures == | === Fashion and modelling ===,55257325
"In June 2018, he was chosen as the newest muse for Chanel Fine Jewelry, making him the second Korean male celebrity to take on the role.",5,23,== Other ventures == | === Fashion and modelling ===,55257325
His collaboration with the French luxury brand as the cover model for the July issue of Elle magazine saw the issue reach a rare high in sales.,6,23,== Other ventures == | === Fashion and modelling ===,55257325
"In March 2019, Kang returned to the cover of Elle magazine as Louis Vuitton's new style icon.",7,23,== Other ventures == | === Fashion and modelling ===,55257325
He and actress Bae Doona were chosen to lead the campaign for Louis Vuitton's Twist handbag; the campaign was released through photos and videos on Elle and the brand's official website one week ahead of the opening of the Louis Vuitton Twist Bag pop-up store in Seoul.,8,23,== Other ventures == | === Fashion and modelling ===,55257325
"Marking the end of summer and acting as an annual reset for the fashion industry, September issues have historically been considered the biggest fashion moment of the year for magazines.",9,23,== Other ventures == | === Fashion and modelling ===,55257325
"In September 2019, Kang was chosen to be the cover model for the prestigious September issues of fashion magazines Arena Homme+ and Vogue.",10,23,== Other ventures == | === Fashion and modelling ===,55257325
"For his two-version Arena Homme+ cover, Kang modeled pieces from Cartier's Juste un Clou collection as a new member of the ""Maison Cartier"" ambassador group; according to the magazine, pre-order sales skyrocketed at the news of him being on the cover.",11,23,== Other ventures == | === Fashion and modelling ===,55257325
Kang was also chosen as a model for Calvin Klein Jeans for its special 50th anniversary celebration.,12,23,== Other ventures == | === Fashion and modelling ===,55257325
"Their collaboration was seen on the October 2019 issue of High Cut fashion magazine, where Kang was the cover model on four different versions and sported Calvin Klein Jeans apparel.",13,23,== Other ventures == | === Fashion and modelling ===,55257325
===,0,24,== Other ventures == | === Philanthropy ===,55257325
Philanthropy =,1,24,== Other ventures == | === Philanthropy ===,55257325
==,2,24,== Other ventures == | === Philanthropy ===,55257325
"On June 12, 2018, Kang participated in the Ice Bucket Challenge to promote ALS awareness and also donated ₩2 million ($1,730).",0,25,== Other ventures == | === Philanthropy ===,55257325
"Two days later, the Seungil Hope Foundation reported its website crashed due to exceeded traffic and there were nearly a thousand donations since Kang participated in the challenge.",1,25,== Other ventures == | === Philanthropy ===,55257325
"In November 2018, photographer Cho Sei-hon selected Jung Woo-sung and Kang Daniel as two people he thought had positive influence in South Korea for his last Letter from Angels exhibition, a 16-year adoption awareness campaign.",2,25,== Other ventures == | === Philanthropy ===,55257325
"Two weeks after Kang was revealed as the exhibition portrait model, Cho divulged the orphan photographed with Kang was adopted.",3,25,== Other ventures == | === Philanthropy ===,55257325
"On December 10, 2018, Kang donated ₩12.1 million ($10,400) for his birthday to the Miral Welfare Foundation to be used for low-income vulnerable groups' medical bills and living expenses.",4,25,== Other ventures == | === Philanthropy ===,55257325
"In response to the April Goseong Fire of 2019, Kang donated ₩30 million ($26,000) to Hope Bridge Disaster Relief.",5,25,== Other ventures == | === Philanthropy ===,55257325
"Hope Bridge reported in May the donations made in Kang's name amounted to ₩180 million ($155,000).",6,25,== Other ventures == | === Philanthropy ===,55257325
"It was then reported that in under three years, the money donated to various charity organizations in his name by his fan club amounted to ₩680 million ($569,907).",7,25,== Other ventures == | === Philanthropy ===,55257325
"In early December, Kang recorded ringtone services with KT for people with hearing or speech impairments for International Day of People with Disabilities (IDPWD).",8,25,== Other ventures == | === Philanthropy ===,55257325
"Ahead of Christmas, Kang donated ₩30 million in his fan club's name to The Snail of Love, a social welfare group for the deaf and hard of hearing.",9,25,== Other ventures == | === Philanthropy ===,55257325
"On February 28, 2020, Kang made a personal donation of ₩50 million ($41,000) to Hope Bridge Disaster Relief to be used to purchase goods such as health masks and hand sanitizers to prevent the spread of COVID-19.",10,25,== Other ventures == | === Philanthropy ===,55257325
"After Konnect was contacted to confirm the news, Kang stated through his agency, ""I wanted to be a little help to medical staff who are struggling.""",11,25,== Other ventures == | === Philanthropy ===,55257325
"On April 17, Kang went to The Snail of Love's office to visit the first of ten children who will receive a cochlear implant under the auspices of his and his fan club's names and provided her with gifts.",12,25,== Other ventures == | === Philanthropy ===,55257325
"A ceremony was held due to their combined donations exceeding ₩99 million ($81,000).",13,25,== Other ventures == | === Philanthropy ===,55257325
==,0,26,== Discography ==,55257325
Discography ==,1,26,== Discography ==,55257325
Color on Me (2019),0,27,== Discography ==,55257325
Cyan (2020),0,28,== Discography ==,55257325
Magenta (2020),0,29,== Discography ==,55257325
Yellow (2021),0,30,== Discography ==,55257325
==,0,31,== Filmography ==,55257325
Filmography ==,1,31,== Filmography ==,55257325
==,0,32,== Awards and achievements ==,55257325
Awards and achievements ==,1,32,== Awards and achievements ==,55257325
==,0,33,== Notes ==,55257325
Notes ==,1,33,== Notes ==,55257325
==,0,34,== References ==,55257325
References ==,1,34,== References ==,55257325
==,0,35,== External links ==,55257325
External links ==,1,35,== External links ==,55257325
Kang Daniel on Instagram,0,36,== External links ==,55257325
Kang Daniel at IMDb,0,37,== External links ==,55257325
