types,URI,entity,support,offset,similarityScore,percentageOfSecondRank,sentence,sentenceIndex,paragraphIndex,section
http://www.w3.org/2002/07/owl#Thing,http://dbpedia.org/resource/Songwriter,songwriter,8871,134,0.9999939862440848,3.770373498491572e-06,"Curtis Roy Boettcher (January 7, 1944 – June 14, 1987), sometimes credited as Curt Boetcher or Curt Becher, was an American singer, songwriter, arranger, musician, and record producer from Wisconsin.",0,0,
http://dbpedia.org/ontology/PersonFunction,http://dbpedia.org/resource/Songwriter,songwriter,8871,134,0.9999939862440848,3.770373498491572e-06,"Curtis Roy Boettcher (January 7, 1944 – June 14, 1987), sometimes credited as Curt Boetcher or Curt Becher, was an American singer, songwriter, arranger, musician, and record producer from Wisconsin.",0,0,
http://www.w3.org/2002/07/owl#Thing,http://dbpedia.org/resource/Arrangement,arranger,8452,146,0.9999535728100808,3.9770006718800775e-05,"Curtis Roy Boettcher (January 7, 1944 – June 14, 1987), sometimes credited as Curt Boetcher or Curt Becher, was an American singer, songwriter, arranger, musician, and record producer from Wisconsin.",0,0,
http://dbpedia.org/ontology/PersonFunction,http://dbpedia.org/resource/Arrangement,arranger,8452,146,0.9999535728100808,3.9770006718800775e-05,"Curtis Roy Boettcher (January 7, 1944 – June 14, 1987), sometimes credited as Curt Boetcher or Curt Becher, was an American singer, songwriter, arranger, musician, and record producer from Wisconsin.",0,0,
http://dbpedia.org/ontology/PersonFunction,http://dbpedia.org/resource/Record_producer,record producer,39381,170,0.9999999981876044,1.8124187578119039e-09,"Curtis Roy Boettcher (January 7, 1944 – June 14, 1987), sometimes credited as Curt Boetcher or Curt Becher, was an American singer, songwriter, arranger, musician, and record producer from Wisconsin.",0,0,
http://dbpedia.org/class/yago/YagoPermanentlyLocatedEntity,http://dbpedia.org/resource/Record_producer,record producer,39381,170,0.9999999981876044,1.8124187578119039e-09,"Curtis Roy Boettcher (January 7, 1944 – June 14, 1987), sometimes credited as Curt Boetcher or Curt Becher, was an American singer, songwriter, arranger, musician, and record producer from Wisconsin.",0,0,
http://dbpedia.org/class/yago/Abstraction100002137,http://dbpedia.org/resource/Record_producer,record producer,39381,170,0.9999999981876044,1.8124187578119039e-09,"Curtis Roy Boettcher (January 7, 1944 – June 14, 1987), sometimes credited as Curt Boetcher or Curt Becher, was an American singer, songwriter, arranger, musician, and record producer from Wisconsin.",0,0,
http://dbpedia.org/class/yago/Act100030358,http://dbpedia.org/resource/Record_producer,record producer,39381,170,0.9999999981876044,1.8124187578119039e-09,"Curtis Roy Boettcher (January 7, 1944 – June 14, 1987), sometimes credited as Curt Boetcher or Curt Becher, was an American singer, songwriter, arranger, musician, and record producer from Wisconsin.",0,0,
http://dbpedia.org/class/yago/Activity100407535,http://dbpedia.org/resource/Record_producer,record producer,39381,170,0.9999999981876044,1.8124187578119039e-09,"Curtis Roy Boettcher (January 7, 1944 – June 14, 1987), sometimes credited as Curt Boetcher or Curt Becher, was an American singer, songwriter, arranger, musician, and record producer from Wisconsin.",0,0,
http://dbpedia.org/class/yago/Event100029378,http://dbpedia.org/resource/Record_producer,record producer,39381,170,0.9999999981876044,1.8124187578119039e-09,"Curtis Roy Boettcher (January 7, 1944 – June 14, 1987), sometimes credited as Curt Boetcher or Curt Becher, was an American singer, songwriter, arranger, musician, and record producer from Wisconsin.",0,0,
http://dbpedia.org/class/yago/Occupation100582388,http://dbpedia.org/resource/Record_producer,record producer,39381,170,0.9999999981876044,1.8124187578119039e-09,"Curtis Roy Boettcher (January 7, 1944 – June 14, 1987), sometimes credited as Curt Boetcher or Curt Becher, was an American singer, songwriter, arranger, musician, and record producer from Wisconsin.",0,0,
http://dbpedia.org/class/yago/PsychologicalFeature100023100,http://dbpedia.org/resource/Record_producer,record producer,39381,170,0.9999999981876044,1.8124187578119039e-09,"Curtis Roy Boettcher (January 7, 1944 – June 14, 1987), sometimes credited as Curt Boetcher or Curt Becher, was an American singer, songwriter, arranger, musician, and record producer from Wisconsin.",0,0,
http://dbpedia.org/class/yago/WikicatOccupations,http://dbpedia.org/resource/Record_producer,record producer,39381,170,0.9999999981876044,1.8124187578119039e-09,"Curtis Roy Boettcher (January 7, 1944 – June 14, 1987), sometimes credited as Curt Boetcher or Curt Becher, was an American singer, songwriter, arranger, musician, and record producer from Wisconsin.",0,0,
http://dbpedia.org/class/yago/WikicatOccupationsInMusic,http://dbpedia.org/resource/Record_producer,record producer,39381,170,0.9999999981876044,1.8124187578119039e-09,"Curtis Roy Boettcher (January 7, 1944 – June 14, 1987), sometimes credited as Curt Boetcher or Curt Becher, was an American singer, songwriter, arranger, musician, and record producer from Wisconsin.",0,0,
http://www.w3.org/2002/07/owl#Thing,http://dbpedia.org/resource/Millennium,Millennium,1191,96,0.9683560677294925,0.0232134679417534,"He was a pivotal figure in what is now termed ""sunshine pop"", working with the Association, the Millennium, Sagittarius, Paul Revere and the Raiders, Tommy Roe, Elton John, Gene Clark, Emitt Rhodes, Tandyn Almer, the Beach Boys, and others.",1,0,
http://dbpedia.org/ontology/Country,http://dbpedia.org/resource/Millennium,Millennium,1191,96,0.9683560677294925,0.0232134679417534,"He was a pivotal figure in what is now termed ""sunshine pop"", working with the Association, the Millennium, Sagittarius, Paul Revere and the Raiders, Tommy Roe, Elton John, Gene Clark, Emitt Rhodes, Tandyn Almer, the Beach Boys, and others.",1,0,
http://dbpedia.org/ontology/PersonFunction,http://dbpedia.org/resource/Record_producer,producer,39381,40,0.9987783305273976,0.0012216274024402,"As it stands, Boettcher — a pop-music producer whose heyday was the late '60s — now survives in rock history mostly as a liner-note credit.",2,1,
http://dbpedia.org/class/yago/YagoPermanentlyLocatedEntity,http://dbpedia.org/resource/Record_producer,producer,39381,40,0.9987783305273976,0.0012216274024402,"As it stands, Boettcher — a pop-music producer whose heyday was the late '60s — now survives in rock history mostly as a liner-note credit.",2,1,
http://dbpedia.org/class/yago/Abstraction100002137,http://dbpedia.org/resource/Record_producer,producer,39381,40,0.9987783305273976,0.0012216274024402,"As it stands, Boettcher — a pop-music producer whose heyday was the late '60s — now survives in rock history mostly as a liner-note credit.",2,1,
http://dbpedia.org/class/yago/Act100030358,http://dbpedia.org/resource/Record_producer,producer,39381,40,0.9987783305273976,0.0012216274024402,"As it stands, Boettcher — a pop-music producer whose heyday was the late '60s — now survives in rock history mostly as a liner-note credit.",2,1,
http://dbpedia.org/class/yago/Activity100407535,http://dbpedia.org/resource/Record_producer,producer,39381,40,0.9987783305273976,0.0012216274024402,"As it stands, Boettcher — a pop-music producer whose heyday was the late '60s — now survives in rock history mostly as a liner-note credit.",2,1,
http://dbpedia.org/class/yago/Event100029378,http://dbpedia.org/resource/Record_producer,producer,39381,40,0.9987783305273976,0.0012216274024402,"As it stands, Boettcher — a pop-music producer whose heyday was the late '60s — now survives in rock history mostly as a liner-note credit.",2,1,
http://dbpedia.org/class/yago/Occupation100582388,http://dbpedia.org/resource/Record_producer,producer,39381,40,0.9987783305273976,0.0012216274024402,"As it stands, Boettcher — a pop-music producer whose heyday was the late '60s — now survives in rock history mostly as a liner-note credit.",2,1,
http://dbpedia.org/class/yago/PsychologicalFeature100023100,http://dbpedia.org/resource/Record_producer,producer,39381,40,0.9987783305273976,0.0012216274024402,"As it stands, Boettcher — a pop-music producer whose heyday was the late '60s — now survives in rock history mostly as a liner-note credit.",2,1,
http://dbpedia.org/class/yago/WikicatOccupations,http://dbpedia.org/resource/Record_producer,producer,39381,40,0.9987783305273976,0.0012216274024402,"As it stands, Boettcher — a pop-music producer whose heyday was the late '60s — now survives in rock history mostly as a liner-note credit.",2,1,
http://dbpedia.org/class/yago/WikicatOccupationsInMusic,http://dbpedia.org/resource/Record_producer,producer,39381,40,0.9987783305273976,0.0012216274024402,"As it stands, Boettcher — a pop-music producer whose heyday was the late '60s — now survives in rock history mostly as a liner-note credit.",2,1,
http://dbpedia.org/ontology/PersonFunction,http://dbpedia.org/resource/Record_producer,producer,39381,32,0.9989197072327236,0.0004315922342105485,"Under the guidance of recording producer Bob Morgan, the vocals were mixed upfront and enriched by double-tracking to sound like six voices.",3,5,== The GoldeBriars ==
http://dbpedia.org/class/yago/YagoPermanentlyLocatedEntity,http://dbpedia.org/resource/Record_producer,producer,39381,32,0.9989197072327236,0.0004315922342105485,"Under the guidance of recording producer Bob Morgan, the vocals were mixed upfront and enriched by double-tracking to sound like six voices.",3,5,== The GoldeBriars ==
http://dbpedia.org/class/yago/Abstraction100002137,http://dbpedia.org/resource/Record_producer,producer,39381,32,0.9989197072327236,0.0004315922342105485,"Under the guidance of recording producer Bob Morgan, the vocals were mixed upfront and enriched by double-tracking to sound like six voices.",3,5,== The GoldeBriars ==
http://dbpedia.org/class/yago/Act100030358,http://dbpedia.org/resource/Record_producer,producer,39381,32,0.9989197072327236,0.0004315922342105485,"Under the guidance of recording producer Bob Morgan, the vocals were mixed upfront and enriched by double-tracking to sound like six voices.",3,5,== The GoldeBriars ==
http://dbpedia.org/class/yago/Activity100407535,http://dbpedia.org/resource/Record_producer,producer,39381,32,0.9989197072327236,0.0004315922342105485,"Under the guidance of recording producer Bob Morgan, the vocals were mixed upfront and enriched by double-tracking to sound like six voices.",3,5,== The GoldeBriars ==
http://dbpedia.org/class/yago/Event100029378,http://dbpedia.org/resource/Record_producer,producer,39381,32,0.9989197072327236,0.0004315922342105485,"Under the guidance of recording producer Bob Morgan, the vocals were mixed upfront and enriched by double-tracking to sound like six voices.",3,5,== The GoldeBriars ==
http://dbpedia.org/class/yago/Occupation100582388,http://dbpedia.org/resource/Record_producer,producer,39381,32,0.9989197072327236,0.0004315922342105485,"Under the guidance of recording producer Bob Morgan, the vocals were mixed upfront and enriched by double-tracking to sound like six voices.",3,5,== The GoldeBriars ==
http://dbpedia.org/class/yago/PsychologicalFeature100023100,http://dbpedia.org/resource/Record_producer,producer,39381,32,0.9989197072327236,0.0004315922342105485,"Under the guidance of recording producer Bob Morgan, the vocals were mixed upfront and enriched by double-tracking to sound like six voices.",3,5,== The GoldeBriars ==
http://dbpedia.org/class/yago/WikicatOccupations,http://dbpedia.org/resource/Record_producer,producer,39381,32,0.9989197072327236,0.0004315922342105485,"Under the guidance of recording producer Bob Morgan, the vocals were mixed upfront and enriched by double-tracking to sound like six voices.",3,5,== The GoldeBriars ==
http://dbpedia.org/class/yago/WikicatOccupationsInMusic,http://dbpedia.org/resource/Record_producer,producer,39381,32,0.9989197072327236,0.0004315922342105485,"Under the guidance of recording producer Bob Morgan, the vocals were mixed upfront and enriched by double-tracking to sound like six voices.",3,5,== The GoldeBriars ==
http://www.w3.org/2002/07/owl#Thing,http://dbpedia.org/resource/Singing,vocals,61628,57,0.95178590798748,0.0347993202847344,"Under the guidance of recording producer Bob Morgan, the vocals were mixed upfront and enriched by double-tracking to sound like six voices.",3,5,== The GoldeBriars ==
http://dbpedia.org/ontology/Band,http://dbpedia.org/resource/Singing,vocals,61628,57,0.95178590798748,0.0347993202847344,"Under the guidance of recording producer Bob Morgan, the vocals were mixed upfront and enriched by double-tracking to sound like six voices.",3,5,== The GoldeBriars ==
http://dbpedia.org/ontology/PersonFunction,http://dbpedia.org/resource/Singing,vocals,61628,57,0.95178590798748,0.0347993202847344,"Under the guidance of recording producer Bob Morgan, the vocals were mixed upfront and enriched by double-tracking to sound like six voices.",3,5,== The GoldeBriars ==
http://www.w3.org/2002/07/owl#Thing,http://dbpedia.org/resource/Millennium,Millennium,1191,168,0.953613557425414,0.0288058942221478,"Prior to recording their third album, the group added drummer Ron Edgar (later of The Music Machine; Edgar also worked with Boettcher in the bands The Ballroom and The Millennium).",4,5,== The GoldeBriars ==
http://dbpedia.org/ontology/Country,http://dbpedia.org/resource/Millennium,Millennium,1191,168,0.953613557425414,0.0288058942221478,"Prior to recording their third album, the group added drummer Ron Edgar (later of The Music Machine; Edgar also worked with Boettcher in the bands The Ballroom and The Millennium).",4,5,== The GoldeBriars ==
http://dbpedia.org/ontology/Person,http://dbpedia.org/resource/Joseph_Lanza,Joseph Lanza,16,29,0.9999999999469652,0.0,"According to music historian Joseph Lanza, the GoldeBriars' material tended to follow the standard folk formula of songs such as ""Shenandoah"", but ""acoustically, their style blended the homespun and the sugarspun.""",5,5,== The GoldeBriars ==
http://dbpedia.org/class/yago/WikicatAmericanLaborUnionOfficialsConvictedOfCrimes,http://dbpedia.org/resource/Joseph_Lanza,Joseph Lanza,16,29,0.9999999999469652,0.0,"According to music historian Joseph Lanza, the GoldeBriars' material tended to follow the standard folk formula of songs such as ""Shenandoah"", but ""acoustically, their style blended the homespun and the sugarspun.""",5,5,== The GoldeBriars ==
http://dbpedia.org/class/yago/WikicatAmericanMobstersOfItalianDescent,http://dbpedia.org/resource/Joseph_Lanza,Joseph Lanza,16,29,0.9999999999469652,0.0,"According to music historian Joseph Lanza, the GoldeBriars' material tended to follow the standard folk formula of songs such as ""Shenandoah"", but ""acoustically, their style blended the homespun and the sugarspun.""",5,5,== The GoldeBriars ==
http://dbpedia.org/class/yago/WikicatAmericanMobstersOfSicilianDescent,http://dbpedia.org/resource/Joseph_Lanza,Joseph Lanza,16,29,0.9999999999469652,0.0,"According to music historian Joseph Lanza, the GoldeBriars' material tended to follow the standard folk formula of songs such as ""Shenandoah"", but ""acoustically, their style blended the homespun and the sugarspun.""",5,5,== The GoldeBriars ==
http://dbpedia.org/class/yago/WikicatAmericanPeopleOfItalianDescent,http://dbpedia.org/resource/Joseph_Lanza,Joseph Lanza,16,29,0.9999999999469652,0.0,"According to music historian Joseph Lanza, the GoldeBriars' material tended to follow the standard folk formula of songs such as ""Shenandoah"", but ""acoustically, their style blended the homespun and the sugarspun.""",5,5,== The GoldeBriars ==
http://dbpedia.org/class/yago/WikicatItalianEmigrantsToTheUnitedStates,http://dbpedia.org/resource/Joseph_Lanza,Joseph Lanza,16,29,0.9999999999469652,0.0,"According to music historian Joseph Lanza, the GoldeBriars' material tended to follow the standard folk formula of songs such as ""Shenandoah"", but ""acoustically, their style blended the homespun and the sugarspun.""",5,5,== The GoldeBriars ==
http://dbpedia.org/class/yago/WikicatPeopleFromPalermo,http://dbpedia.org/resource/Joseph_Lanza,Joseph Lanza,16,29,0.9999999999469652,0.0,"According to music historian Joseph Lanza, the GoldeBriars' material tended to follow the standard folk formula of songs such as ""Shenandoah"", but ""acoustically, their style blended the homespun and the sugarspun.""",5,5,== The GoldeBriars ==
http://dbpedia.org/class/yago/Worker109632518,http://dbpedia.org/resource/Joseph_Lanza,Joseph Lanza,16,29,0.9999999999469652,0.0,"According to music historian Joseph Lanza, the GoldeBriars' material tended to follow the standard folk formula of songs such as ""Shenandoah"", but ""acoustically, their style blended the homespun and the sugarspun.""",5,5,== The GoldeBriars ==
http://dbpedia.org/class/yago/Wrongdoer109633969,http://dbpedia.org/resource/Joseph_Lanza,Joseph Lanza,16,29,0.9999999999469652,0.0,"According to music historian Joseph Lanza, the GoldeBriars' material tended to follow the standard folk formula of songs such as ""Shenandoah"", but ""acoustically, their style blended the homespun and the sugarspun.""",5,5,== The GoldeBriars ==
http://dbpedia.org/class/yago/YagoLegalActor,http://dbpedia.org/resource/Joseph_Lanza,Joseph Lanza,16,29,0.9999999999469652,0.0,"According to music historian Joseph Lanza, the GoldeBriars' material tended to follow the standard folk formula of songs such as ""Shenandoah"", but ""acoustically, their style blended the homespun and the sugarspun.""",5,5,== The GoldeBriars ==
http://dbpedia.org/class/yago/YagoLegalActorGeo,http://dbpedia.org/resource/Joseph_Lanza,Joseph Lanza,16,29,0.9999999999469652,0.0,"According to music historian Joseph Lanza, the GoldeBriars' material tended to follow the standard folk formula of songs such as ""Shenandoah"", but ""acoustically, their style blended the homespun and the sugarspun.""",5,5,== The GoldeBriars ==
http://dbpedia.org/class/yago/BadPerson109831962,http://dbpedia.org/resource/Joseph_Lanza,Joseph Lanza,16,29,0.9999999999469652,0.0,"According to music historian Joseph Lanza, the GoldeBriars' material tended to follow the standard folk formula of songs such as ""Shenandoah"", but ""acoustically, their style blended the homespun and the sugarspun.""",5,5,== The GoldeBriars ==
http://dbpedia.org/class/yago/CausalAgent100007347,http://dbpedia.org/resource/Joseph_Lanza,Joseph Lanza,16,29,0.9999999999469652,0.0,"According to music historian Joseph Lanza, the GoldeBriars' material tended to follow the standard folk formula of songs such as ""Shenandoah"", but ""acoustically, their style blended the homespun and the sugarspun.""",5,5,== The GoldeBriars ==
http://dbpedia.org/class/yago/Criminal109977660,http://dbpedia.org/resource/Joseph_Lanza,Joseph Lanza,16,29,0.9999999999469652,0.0,"According to music historian Joseph Lanza, the GoldeBriars' material tended to follow the standard folk formula of songs such as ""Shenandoah"", but ""acoustically, their style blended the homespun and the sugarspun.""",5,5,== The GoldeBriars ==
http://dbpedia.org/class/yago/Emigrant110051975,http://dbpedia.org/resource/Joseph_Lanza,Joseph Lanza,16,29,0.9999999999469652,0.0,"According to music historian Joseph Lanza, the GoldeBriars' material tended to follow the standard folk formula of songs such as ""Shenandoah"", but ""acoustically, their style blended the homespun and the sugarspun.""",5,5,== The GoldeBriars ==
http://dbpedia.org/class/yago/Gangster110120085,http://dbpedia.org/resource/Joseph_Lanza,Joseph Lanza,16,29,0.9999999999469652,0.0,"According to music historian Joseph Lanza, the GoldeBriars' material tended to follow the standard folk formula of songs such as ""Shenandoah"", but ""acoustically, their style blended the homespun and the sugarspun.""",5,5,== The GoldeBriars ==
http://dbpedia.org/class/yago/LivingThing100004258,http://dbpedia.org/resource/Joseph_Lanza,Joseph Lanza,16,29,0.9999999999469652,0.0,"According to music historian Joseph Lanza, the GoldeBriars' material tended to follow the standard folk formula of songs such as ""Shenandoah"", but ""acoustically, their style blended the homespun and the sugarspun.""",5,5,== The GoldeBriars ==
http://dbpedia.org/class/yago/Migrant110314952,http://dbpedia.org/resource/Joseph_Lanza,Joseph Lanza,16,29,0.9999999999469652,0.0,"According to music historian Joseph Lanza, the GoldeBriars' material tended to follow the standard folk formula of songs such as ""Shenandoah"", but ""acoustically, their style blended the homespun and the sugarspun.""",5,5,== The GoldeBriars ==
http://dbpedia.org/class/yago/Object100002684,http://dbpedia.org/resource/Joseph_Lanza,Joseph Lanza,16,29,0.9999999999469652,0.0,"According to music historian Joseph Lanza, the GoldeBriars' material tended to follow the standard folk formula of songs such as ""Shenandoah"", but ""acoustically, their style blended the homespun and the sugarspun.""",5,5,== The GoldeBriars ==
http://dbpedia.org/class/yago/Official110372373,http://dbpedia.org/resource/Joseph_Lanza,Joseph Lanza,16,29,0.9999999999469652,0.0,"According to music historian Joseph Lanza, the GoldeBriars' material tended to follow the standard folk formula of songs such as ""Shenandoah"", but ""acoustically, their style blended the homespun and the sugarspun.""",5,5,== The GoldeBriars ==
http://dbpedia.org/class/yago/Organism100004475,http://dbpedia.org/resource/Joseph_Lanza,Joseph Lanza,16,29,0.9999999999469652,0.0,"According to music historian Joseph Lanza, the GoldeBriars' material tended to follow the standard folk formula of songs such as ""Shenandoah"", but ""acoustically, their style blended the homespun and the sugarspun.""",5,5,== The GoldeBriars ==
http://dbpedia.org/class/yago/Person100007846,http://dbpedia.org/resource/Joseph_Lanza,Joseph Lanza,16,29,0.9999999999469652,0.0,"According to music historian Joseph Lanza, the GoldeBriars' material tended to follow the standard folk formula of songs such as ""Shenandoah"", but ""acoustically, their style blended the homespun and the sugarspun.""",5,5,== The GoldeBriars ==
http://dbpedia.org/class/yago/PhysicalEntity100001930,http://dbpedia.org/resource/Joseph_Lanza,Joseph Lanza,16,29,0.9999999999469652,0.0,"According to music historian Joseph Lanza, the GoldeBriars' material tended to follow the standard folk formula of songs such as ""Shenandoah"", but ""acoustically, their style blended the homespun and the sugarspun.""",5,5,== The GoldeBriars ==
http://dbpedia.org/class/yago/Principal110474950,http://dbpedia.org/resource/Joseph_Lanza,Joseph Lanza,16,29,0.9999999999469652,0.0,"According to music historian Joseph Lanza, the GoldeBriars' material tended to follow the standard folk formula of songs such as ""Shenandoah"", but ""acoustically, their style blended the homespun and the sugarspun.""",5,5,== The GoldeBriars ==
http://dbpedia.org/class/yago/SkilledWorker110605985,http://dbpedia.org/resource/Joseph_Lanza,Joseph Lanza,16,29,0.9999999999469652,0.0,"According to music historian Joseph Lanza, the GoldeBriars' material tended to follow the standard folk formula of songs such as ""Shenandoah"", but ""acoustically, their style blended the homespun and the sugarspun.""",5,5,== The GoldeBriars ==
http://dbpedia.org/class/yago/Traveler109629752,http://dbpedia.org/resource/Joseph_Lanza,Joseph Lanza,16,29,0.9999999999469652,0.0,"According to music historian Joseph Lanza, the GoldeBriars' material tended to follow the standard folk formula of songs such as ""Shenandoah"", but ""acoustically, their style blended the homespun and the sugarspun.""",5,5,== The GoldeBriars ==
http://dbpedia.org/class/yago/Whole100003553,http://dbpedia.org/resource/Joseph_Lanza,Joseph Lanza,16,29,0.9999999999469652,0.0,"According to music historian Joseph Lanza, the GoldeBriars' material tended to follow the standard folk formula of songs such as ""Shenandoah"", but ""acoustically, their style blended the homespun and the sugarspun.""",5,5,== The GoldeBriars ==
http://www.w3.org/2002/07/owl#Thing,http://dbpedia.org/resource/Oh_Shenandoah,Shenandoah,117,130,0.9987498439600816,0.00124840831064,"According to music historian Joseph Lanza, the GoldeBriars' material tended to follow the standard folk formula of songs such as ""Shenandoah"", but ""acoustically, their style blended the homespun and the sugarspun.""",5,5,== The GoldeBriars ==
http://dbpedia.org/class/yago/WikicatAmericanFolkSongs,http://dbpedia.org/resource/Oh_Shenandoah,Shenandoah,117,130,0.9987498439600816,0.00124840831064,"According to music historian Joseph Lanza, the GoldeBriars' material tended to follow the standard folk formula of songs such as ""Shenandoah"", but ""acoustically, their style blended the homespun and the sugarspun.""",5,5,== The GoldeBriars ==
http://dbpedia.org/ontology/Single,http://dbpedia.org/resource/Oh_Shenandoah,Shenandoah,117,130,0.9987498439600816,0.00124840831064,"According to music historian Joseph Lanza, the GoldeBriars' material tended to follow the standard folk formula of songs such as ""Shenandoah"", but ""acoustically, their style blended the homespun and the sugarspun.""",5,5,== The GoldeBriars ==
http://dbpedia.org/class/yago/WikicatJoStaffordSongs,http://dbpedia.org/resource/Oh_Shenandoah,Shenandoah,117,130,0.9987498439600816,0.00124840831064,"According to music historian Joseph Lanza, the GoldeBriars' material tended to follow the standard folk formula of songs such as ""Shenandoah"", but ""acoustically, their style blended the homespun and the sugarspun.""",5,5,== The GoldeBriars ==
http://dbpedia.org/class/yago/WikicatJudyGarlandSongs,http://dbpedia.org/resource/Oh_Shenandoah,Shenandoah,117,130,0.9987498439600816,0.00124840831064,"According to music historian Joseph Lanza, the GoldeBriars' material tended to follow the standard folk formula of songs such as ""Shenandoah"", but ""acoustically, their style blended the homespun and the sugarspun.""",5,5,== The GoldeBriars ==
http://dbpedia.org/class/yago/WikicatBobDylanSongs,http://dbpedia.org/resource/Oh_Shenandoah,Shenandoah,117,130,0.9987498439600816,0.00124840831064,"According to music historian Joseph Lanza, the GoldeBriars' material tended to follow the standard folk formula of songs such as ""Shenandoah"", but ""acoustically, their style blended the homespun and the sugarspun.""",5,5,== The GoldeBriars ==
http://dbpedia.org/class/yago/WikicatVanMorrisonSongs,http://dbpedia.org/resource/Oh_Shenandoah,Shenandoah,117,130,0.9987498439600816,0.00124840831064,"According to music historian Joseph Lanza, the GoldeBriars' material tended to follow the standard folk formula of songs such as ""Shenandoah"", but ""acoustically, their style blended the homespun and the sugarspun.""",5,5,== The GoldeBriars ==
http://dbpedia.org/class/yago/Abstraction100002137,http://dbpedia.org/resource/Oh_Shenandoah,Shenandoah,117,130,0.9987498439600816,0.00124840831064,"According to music historian Joseph Lanza, the GoldeBriars' material tended to follow the standard folk formula of songs such as ""Shenandoah"", but ""acoustically, their style blended the homespun and the sugarspun.""",5,5,== The GoldeBriars ==
http://dbpedia.org/class/yago/AuditoryCommunication107109019,http://dbpedia.org/resource/Oh_Shenandoah,Shenandoah,117,130,0.9987498439600816,0.00124840831064,"According to music historian Joseph Lanza, the GoldeBriars' material tended to follow the standard folk formula of songs such as ""Shenandoah"", but ""acoustically, their style blended the homespun and the sugarspun.""",5,5,== The GoldeBriars ==
http://dbpedia.org/class/yago/Communication100033020,http://dbpedia.org/resource/Oh_Shenandoah,Shenandoah,117,130,0.9987498439600816,0.00124840831064,"According to music historian Joseph Lanza, the GoldeBriars' material tended to follow the standard folk formula of songs such as ""Shenandoah"", but ""acoustically, their style blended the homespun and the sugarspun.""",5,5,== The GoldeBriars ==
http://dbpedia.org/class/yago/ExpressiveStyle107066659,http://dbpedia.org/resource/Oh_Shenandoah,Shenandoah,117,130,0.9987498439600816,0.00124840831064,"According to music historian Joseph Lanza, the GoldeBriars' material tended to follow the standard folk formula of songs such as ""Shenandoah"", but ""acoustically, their style blended the homespun and the sugarspun.""",5,5,== The GoldeBriars ==
http://dbpedia.org/class/yago/FolkMusic107060167,http://dbpedia.org/resource/Oh_Shenandoah,Shenandoah,117,130,0.9987498439600816,0.00124840831064,"According to music historian Joseph Lanza, the GoldeBriars' material tended to follow the standard folk formula of songs such as ""Shenandoah"", but ""acoustically, their style blended the homespun and the sugarspun.""",5,5,== The GoldeBriars ==
http://dbpedia.org/class/yago/FolkSong107050952,http://dbpedia.org/resource/Oh_Shenandoah,Shenandoah,117,130,0.9987498439600816,0.00124840831064,"According to music historian Joseph Lanza, the GoldeBriars' material tended to follow the standard folk formula of songs such as ""Shenandoah"", but ""acoustically, their style blended the homespun and the sugarspun.""",5,5,== The GoldeBriars ==
http://dbpedia.org/class/yago/Music107020895,http://dbpedia.org/resource/Oh_Shenandoah,Shenandoah,117,130,0.9987498439600816,0.00124840831064,"According to music historian Joseph Lanza, the GoldeBriars' material tended to follow the standard folk formula of songs such as ""Shenandoah"", but ""acoustically, their style blended the homespun and the sugarspun.""",5,5,== The GoldeBriars ==
http://dbpedia.org/class/yago/MusicGenre107071942,http://dbpedia.org/resource/Oh_Shenandoah,Shenandoah,117,130,0.9987498439600816,0.00124840831064,"According to music historian Joseph Lanza, the GoldeBriars' material tended to follow the standard folk formula of songs such as ""Shenandoah"", but ""acoustically, their style blended the homespun and the sugarspun.""",5,5,== The GoldeBriars ==
http://dbpedia.org/class/yago/MusicalComposition107037465,http://dbpedia.org/resource/Oh_Shenandoah,Shenandoah,117,130,0.9987498439600816,0.00124840831064,"According to music historian Joseph Lanza, the GoldeBriars' material tended to follow the standard folk formula of songs such as ""Shenandoah"", but ""acoustically, their style blended the homespun and the sugarspun.""",5,5,== The GoldeBriars ==
http://dbpedia.org/class/yago/PopularMusic107059255,http://dbpedia.org/resource/Oh_Shenandoah,Shenandoah,117,130,0.9987498439600816,0.00124840831064,"According to music historian Joseph Lanza, the GoldeBriars' material tended to follow the standard folk formula of songs such as ""Shenandoah"", but ""acoustically, their style blended the homespun and the sugarspun.""",5,5,== The GoldeBriars ==
http://dbpedia.org/class/yago/Song107048000,http://dbpedia.org/resource/Oh_Shenandoah,Shenandoah,117,130,0.9987498439600816,0.00124840831064,"According to music historian Joseph Lanza, the GoldeBriars' material tended to follow the standard folk formula of songs such as ""Shenandoah"", but ""acoustically, their style blended the homespun and the sugarspun.""",5,5,== The GoldeBriars ==
http://dbpedia.org/class/yago/Wikicat1882Songs,http://dbpedia.org/resource/Oh_Shenandoah,Shenandoah,117,130,0.9987498439600816,0.00124840831064,"According to music historian Joseph Lanza, the GoldeBriars' material tended to follow the standard folk formula of songs such as ""Shenandoah"", but ""acoustically, their style blended the homespun and the sugarspun.""",5,5,== The GoldeBriars ==
http://dbpedia.org/class/yago/Wikicat19th-centurySongs,http://dbpedia.org/resource/Oh_Shenandoah,Shenandoah,117,130,0.9987498439600816,0.00124840831064,"According to music historian Joseph Lanza, the GoldeBriars' material tended to follow the standard folk formula of songs such as ""Shenandoah"", but ""acoustically, their style blended the homespun and the sugarspun.""",5,5,== The GoldeBriars ==
http://dbpedia.org/class/yago/WikicatSongsOfTheAmericanCivilWar,http://dbpedia.org/resource/Oh_Shenandoah,Shenandoah,117,130,0.9987498439600816,0.00124840831064,"According to music historian Joseph Lanza, the GoldeBriars' material tended to follow the standard folk formula of songs such as ""Shenandoah"", but ""acoustically, their style blended the homespun and the sugarspun.""",5,5,== The GoldeBriars ==
http://dbpedia.org/class/yago/WikicatTheStatlerBrothersSongs,http://dbpedia.org/resource/Oh_Shenandoah,Shenandoah,117,130,0.9987498439600816,0.00124840831064,"According to music historian Joseph Lanza, the GoldeBriars' material tended to follow the standard folk formula of songs such as ""Shenandoah"", but ""acoustically, their style blended the homespun and the sugarspun.""",5,5,== The GoldeBriars ==
http://www.w3.org/2002/07/owl#Thing,http://dbpedia.org/resource/Songwriter,songwriter,8871,75,0.9999928005821868,2.526512625885788e-06,"Boettcher arranged most of the group's songs, but he also contributed as a songwriter.",6,5,== The GoldeBriars ==
http://dbpedia.org/ontology/PersonFunction,http://dbpedia.org/resource/Songwriter,songwriter,8871,75,0.9999928005821868,2.526512625885788e-06,"Boettcher arranged most of the group's songs, but he also contributed as a songwriter.",6,5,== The GoldeBriars ==
http://www.w3.org/2002/07/owl#Thing,http://dbpedia.org/resource/Vanilla,Vanilla,1722,26,0.9978255455863504,0.0008458795416444363,"Morgan, quoted in Lanza's Vanilla Pop, said that Boettcher's childhood as a navy brat influenced songs like ""Haiku"" on the album Straight Ahead!.",7,5,== The GoldeBriars ==
http://dbpedia.org/class/yago/WikicatChildrenInWar,http://dbpedia.org/resource/Military_brat_(U.S._subculture),navy brat,144,76,0.9999981871026712,0.0,"Morgan, quoted in Lanza's Vanilla Pop, said that Boettcher's childhood as a navy brat influenced songs like ""Haiku"" on the album Straight Ahead!.",7,5,== The GoldeBriars ==
http://dbpedia.org/class/yago/YagoLegalActor,http://dbpedia.org/resource/Military_brat_(U.S._subculture),navy brat,144,76,0.9999981871026712,0.0,"Morgan, quoted in Lanza's Vanilla Pop, said that Boettcher's childhood as a navy brat influenced songs like ""Haiku"" on the album Straight Ahead!.",7,5,== The GoldeBriars ==
http://dbpedia.org/class/yago/YagoLegalActorGeo,http://dbpedia.org/resource/Military_brat_(U.S._subculture),navy brat,144,76,0.9999981871026712,0.0,"Morgan, quoted in Lanza's Vanilla Pop, said that Boettcher's childhood as a navy brat influenced songs like ""Haiku"" on the album Straight Ahead!.",7,5,== The GoldeBriars ==
http://dbpedia.org/class/yago/WikicatMilitaryBrats,http://dbpedia.org/resource/Military_brat_(U.S._subculture),navy brat,144,76,0.9999981871026712,0.0,"Morgan, quoted in Lanza's Vanilla Pop, said that Boettcher's childhood as a navy brat influenced songs like ""Haiku"" on the album Straight Ahead!.",7,5,== The GoldeBriars ==
http://dbpedia.org/class/yago/CausalAgent100007347,http://dbpedia.org/resource/Military_brat_(U.S._subculture),navy brat,144,76,0.9999981871026712,0.0,"Morgan, quoted in Lanza's Vanilla Pop, said that Boettcher's childhood as a navy brat influenced songs like ""Haiku"" on the album Straight Ahead!.",7,5,== The GoldeBriars ==
http://dbpedia.org/class/yago/Child109917593,http://dbpedia.org/resource/Military_brat_(U.S._subculture),navy brat,144,76,0.9999981871026712,0.0,"Morgan, quoted in Lanza's Vanilla Pop, said that Boettcher's childhood as a navy brat influenced songs like ""Haiku"" on the album Straight Ahead!.",7,5,== The GoldeBriars ==
http://dbpedia.org/class/yago/Imp110200047,http://dbpedia.org/resource/Military_brat_(U.S._subculture),navy brat,144,76,0.9999981871026712,0.0,"Morgan, quoted in Lanza's Vanilla Pop, said that Boettcher's childhood as a navy brat influenced songs like ""Haiku"" on the album Straight Ahead!.",7,5,== The GoldeBriars ==
http://dbpedia.org/class/yago/Juvenile109622049,http://dbpedia.org/resource/Military_brat_(U.S._subculture),navy brat,144,76,0.9999981871026712,0.0,"Morgan, quoted in Lanza's Vanilla Pop, said that Boettcher's childhood as a navy brat influenced songs like ""Haiku"" on the album Straight Ahead!.",7,5,== The GoldeBriars ==
http://dbpedia.org/class/yago/LivingThing100004258,http://dbpedia.org/resource/Military_brat_(U.S._subculture),navy brat,144,76,0.9999981871026712,0.0,"Morgan, quoted in Lanza's Vanilla Pop, said that Boettcher's childhood as a navy brat influenced songs like ""Haiku"" on the album Straight Ahead!.",7,5,== The GoldeBriars ==
http://dbpedia.org/class/yago/Object100002684,http://dbpedia.org/resource/Military_brat_(U.S._subculture),navy brat,144,76,0.9999981871026712,0.0,"Morgan, quoted in Lanza's Vanilla Pop, said that Boettcher's childhood as a navy brat influenced songs like ""Haiku"" on the album Straight Ahead!.",7,5,== The GoldeBriars ==
http://dbpedia.org/class/yago/Organism100004475,http://dbpedia.org/resource/Military_brat_(U.S._subculture),navy brat,144,76,0.9999981871026712,0.0,"Morgan, quoted in Lanza's Vanilla Pop, said that Boettcher's childhood as a navy brat influenced songs like ""Haiku"" on the album Straight Ahead!.",7,5,== The GoldeBriars ==
http://dbpedia.org/class/yago/Person100007846,http://dbpedia.org/resource/Military_brat_(U.S._subculture),navy brat,144,76,0.9999981871026712,0.0,"Morgan, quoted in Lanza's Vanilla Pop, said that Boettcher's childhood as a navy brat influenced songs like ""Haiku"" on the album Straight Ahead!.",7,5,== The GoldeBriars ==
http://dbpedia.org/class/yago/PhysicalEntity100001930,http://dbpedia.org/resource/Military_brat_(U.S._subculture),navy brat,144,76,0.9999981871026712,0.0,"Morgan, quoted in Lanza's Vanilla Pop, said that Boettcher's childhood as a navy brat influenced songs like ""Haiku"" on the album Straight Ahead!.",7,5,== The GoldeBriars ==
http://dbpedia.org/class/yago/Terror110702483,http://dbpedia.org/resource/Military_brat_(U.S._subculture),navy brat,144,76,0.9999981871026712,0.0,"Morgan, quoted in Lanza's Vanilla Pop, said that Boettcher's childhood as a navy brat influenced songs like ""Haiku"" on the album Straight Ahead!.",7,5,== The GoldeBriars ==
http://dbpedia.org/class/yago/Whole100003553,http://dbpedia.org/resource/Military_brat_(U.S._subculture),navy brat,144,76,0.9999981871026712,0.0,"Morgan, quoted in Lanza's Vanilla Pop, said that Boettcher's childhood as a navy brat influenced songs like ""Haiku"" on the album Straight Ahead!.",7,5,== The GoldeBriars ==
http://www.w3.org/2002/07/owl#Thing,http://dbpedia.org/resource/Haiku,Haiku,1951,109,0.9999988517494444,1.1368049728877766e-06,"Morgan, quoted in Lanza's Vanilla Pop, said that Boettcher's childhood as a navy brat influenced songs like ""Haiku"" on the album Straight Ahead!.",7,5,== The GoldeBriars ==
http://dbpedia.org/ontology/MusicGenre,http://dbpedia.org/resource/Haiku,Haiku,1951,109,0.9999988517494444,1.1368049728877766e-06,"Morgan, quoted in Lanza's Vanilla Pop, said that Boettcher's childhood as a navy brat influenced songs like ""Haiku"" on the album Straight Ahead!.",7,5,== The GoldeBriars ==
http://www.w3.org/2002/07/owl#Thing,http://dbpedia.org/resource/Bobb_Goldsteinn,Bobb Goldsteinn,8,0,1.0,0.0,"Bobb Goldsteinn, an accomplished songwriter (who wrote the 1963 folk-dixie hit ""Washington Square"" for the Village Stompers), became ""Boettcher's manager [and] confidant[e]"", as well as lyricist for some GoldeBriars songs.",8,5,== The GoldeBriars ==
http://xmlns.com/foaf/0.1/Person,http://dbpedia.org/resource/Bobb_Goldsteinn,Bobb Goldsteinn,8,0,1.0,0.0,"Bobb Goldsteinn, an accomplished songwriter (who wrote the 1963 folk-dixie hit ""Washington Square"" for the Village Stompers), became ""Boettcher's manager [and] confidant[e]"", as well as lyricist for some GoldeBriars songs.",8,5,== The GoldeBriars ==
http://dbpedia.org/ontology/Person,http://dbpedia.org/resource/Bobb_Goldsteinn,Bobb Goldsteinn,8,0,1.0,0.0,"Bobb Goldsteinn, an accomplished songwriter (who wrote the 1963 folk-dixie hit ""Washington Square"" for the Village Stompers), became ""Boettcher's manager [and] confidant[e]"", as well as lyricist for some GoldeBriars songs.",8,5,== The GoldeBriars ==
http://schema.org/Person,http://dbpedia.org/resource/Bobb_Goldsteinn,Bobb Goldsteinn,8,0,1.0,0.0,"Bobb Goldsteinn, an accomplished songwriter (who wrote the 1963 folk-dixie hit ""Washington Square"" for the Village Stompers), became ""Boettcher's manager [and] confidant[e]"", as well as lyricist for some GoldeBriars songs.",8,5,== The GoldeBriars ==
http://dbpedia.org/ontology/Animal,http://dbpedia.org/resource/Bobb_Goldsteinn,Bobb Goldsteinn,8,0,1.0,0.0,"Bobb Goldsteinn, an accomplished songwriter (who wrote the 1963 folk-dixie hit ""Washington Square"" for the Village Stompers), became ""Boettcher's manager [and] confidant[e]"", as well as lyricist for some GoldeBriars songs.",8,5,== The GoldeBriars ==
http://dbpedia.org/ontology/Eukaryote,http://dbpedia.org/resource/Bobb_Goldsteinn,Bobb Goldsteinn,8,0,1.0,0.0,"Bobb Goldsteinn, an accomplished songwriter (who wrote the 1963 folk-dixie hit ""Washington Square"" for the Village Stompers), became ""Boettcher's manager [and] confidant[e]"", as well as lyricist for some GoldeBriars songs.",8,5,== The GoldeBriars ==
http://dbpedia.org/ontology/Species,http://dbpedia.org/resource/Bobb_Goldsteinn,Bobb Goldsteinn,8,0,1.0,0.0,"Bobb Goldsteinn, an accomplished songwriter (who wrote the 1963 folk-dixie hit ""Washington Square"" for the Village Stompers), became ""Boettcher's manager [and] confidant[e]"", as well as lyricist for some GoldeBriars songs.",8,5,== The GoldeBriars ==
http://schema.org/MusicGroup,http://dbpedia.org/resource/Bobb_Goldsteinn,Bobb Goldsteinn,8,0,1.0,0.0,"Bobb Goldsteinn, an accomplished songwriter (who wrote the 1963 folk-dixie hit ""Washington Square"" for the Village Stompers), became ""Boettcher's manager [and] confidant[e]"", as well as lyricist for some GoldeBriars songs.",8,5,== The GoldeBriars ==
http://www.ontologydesignpatterns.org/ont/dul/DUL.owl#NaturalPerson,http://dbpedia.org/resource/Bobb_Goldsteinn,Bobb Goldsteinn,8,0,1.0,0.0,"Bobb Goldsteinn, an accomplished songwriter (who wrote the 1963 folk-dixie hit ""Washington Square"" for the Village Stompers), became ""Boettcher's manager [and] confidant[e]"", as well as lyricist for some GoldeBriars songs.",8,5,== The GoldeBriars ==
http://www.wikidata.org/entity/Q19088,http://dbpedia.org/resource/Bobb_Goldsteinn,Bobb Goldsteinn,8,0,1.0,0.0,"Bobb Goldsteinn, an accomplished songwriter (who wrote the 1963 folk-dixie hit ""Washington Square"" for the Village Stompers), became ""Boettcher's manager [and] confidant[e]"", as well as lyricist for some GoldeBriars songs.",8,5,== The GoldeBriars ==
http://www.wikidata.org/entity/Q215627,http://dbpedia.org/resource/Bobb_Goldsteinn,Bobb Goldsteinn,8,0,1.0,0.0,"Bobb Goldsteinn, an accomplished songwriter (who wrote the 1963 folk-dixie hit ""Washington Square"" for the Village Stompers), became ""Boettcher's manager [and] confidant[e]"", as well as lyricist for some GoldeBriars songs.",8,5,== The GoldeBriars ==
http://www.wikidata.org/entity/Q483501,http://dbpedia.org/resource/Bobb_Goldsteinn,Bobb Goldsteinn,8,0,1.0,0.0,"Bobb Goldsteinn, an accomplished songwriter (who wrote the 1963 folk-dixie hit ""Washington Square"" for the Village Stompers), became ""Boettcher's manager [and] confidant[e]"", as well as lyricist for some GoldeBriars songs.",8,5,== The GoldeBriars ==
http://www.wikidata.org/entity/Q5,http://dbpedia.org/resource/Bobb_Goldsteinn,Bobb Goldsteinn,8,0,1.0,0.0,"Bobb Goldsteinn, an accomplished songwriter (who wrote the 1963 folk-dixie hit ""Washington Square"" for the Village Stompers), became ""Boettcher's manager [and] confidant[e]"", as well as lyricist for some GoldeBriars songs.",8,5,== The GoldeBriars ==
http://www.wikidata.org/entity/Q729,http://dbpedia.org/resource/Bobb_Goldsteinn,Bobb Goldsteinn,8,0,1.0,0.0,"Bobb Goldsteinn, an accomplished songwriter (who wrote the 1963 folk-dixie hit ""Washington Square"" for the Village Stompers), became ""Boettcher's manager [and] confidant[e]"", as well as lyricist for some GoldeBriars songs.",8,5,== The GoldeBriars ==
http://dbpedia.org/ontology/Artist,http://dbpedia.org/resource/Bobb_Goldsteinn,Bobb Goldsteinn,8,0,1.0,0.0,"Bobb Goldsteinn, an accomplished songwriter (who wrote the 1963 folk-dixie hit ""Washington Square"" for the Village Stompers), became ""Boettcher's manager [and] confidant[e]"", as well as lyricist for some GoldeBriars songs.",8,5,== The GoldeBriars ==
http://dbpedia.org/ontology/MusicalArtist,http://dbpedia.org/resource/Bobb_Goldsteinn,Bobb Goldsteinn,8,0,1.0,0.0,"Bobb Goldsteinn, an accomplished songwriter (who wrote the 1963 folk-dixie hit ""Washington Square"" for the Village Stompers), became ""Boettcher's manager [and] confidant[e]"", as well as lyricist for some GoldeBriars songs.",8,5,== The GoldeBriars ==
http://dbpedia.org/class/yago/YagoLegalActor,http://dbpedia.org/resource/Bobb_Goldsteinn,Bobb Goldsteinn,8,0,1.0,0.0,"Bobb Goldsteinn, an accomplished songwriter (who wrote the 1963 folk-dixie hit ""Washington Square"" for the Village Stompers), became ""Boettcher's manager [and] confidant[e]"", as well as lyricist for some GoldeBriars songs.",8,5,== The GoldeBriars ==
http://dbpedia.org/class/yago/YagoLegalActorGeo,http://dbpedia.org/resource/Bobb_Goldsteinn,Bobb Goldsteinn,8,0,1.0,0.0,"Bobb Goldsteinn, an accomplished songwriter (who wrote the 1963 folk-dixie hit ""Washington Square"" for the Village Stompers), became ""Boettcher's manager [and] confidant[e]"", as well as lyricist for some GoldeBriars songs.",8,5,== The GoldeBriars ==
http://dbpedia.org/class/yago/WikicatLivingPeople,http://dbpedia.org/resource/Bobb_Goldsteinn,Bobb Goldsteinn,8,0,1.0,0.0,"Bobb Goldsteinn, an accomplished songwriter (who wrote the 1963 folk-dixie hit ""Washington Square"" for the Village Stompers), became ""Boettcher's manager [and] confidant[e]"", as well as lyricist for some GoldeBriars songs.",8,5,== The GoldeBriars ==
http://dbpedia.org/class/yago/WikicatLosAngelesPierceCollegePeople,http://dbpedia.org/resource/Bobb_Goldsteinn,Bobb Goldsteinn,8,0,1.0,0.0,"Bobb Goldsteinn, an accomplished songwriter (who wrote the 1963 folk-dixie hit ""Washington Square"" for the Village Stompers), became ""Boettcher's manager [and] confidant[e]"", as well as lyricist for some GoldeBriars songs.",8,5,== The GoldeBriars ==
http://dbpedia.org/class/yago/Alumnus109786338,http://dbpedia.org/resource/Bobb_Goldsteinn,Bobb Goldsteinn,8,0,1.0,0.0,"Bobb Goldsteinn, an accomplished songwriter (who wrote the 1963 folk-dixie hit ""Washington Square"" for the Village Stompers), became ""Boettcher's manager [and] confidant[e]"", as well as lyricist for some GoldeBriars songs.",8,5,== The GoldeBriars ==
http://dbpedia.org/class/yago/Artist109812338,http://dbpedia.org/resource/Bobb_Goldsteinn,Bobb Goldsteinn,8,0,1.0,0.0,"Bobb Goldsteinn, an accomplished songwriter (who wrote the 1963 folk-dixie hit ""Washington Square"" for the Village Stompers), became ""Boettcher's manager [and] confidant[e]"", as well as lyricist for some GoldeBriars songs.",8,5,== The GoldeBriars ==
http://dbpedia.org/class/yago/CausalAgent100007347,http://dbpedia.org/resource/Bobb_Goldsteinn,Bobb Goldsteinn,8,0,1.0,0.0,"Bobb Goldsteinn, an accomplished songwriter (who wrote the 1963 folk-dixie hit ""Washington Square"" for the Village Stompers), became ""Boettcher's manager [and] confidant[e]"", as well as lyricist for some GoldeBriars songs.",8,5,== The GoldeBriars ==
http://dbpedia.org/class/yago/Composer109947232,http://dbpedia.org/resource/Bobb_Goldsteinn,Bobb Goldsteinn,8,0,1.0,0.0,"Bobb Goldsteinn, an accomplished songwriter (who wrote the 1963 folk-dixie hit ""Washington Square"" for the Village Stompers), became ""Boettcher's manager [and] confidant[e]"", as well as lyricist for some GoldeBriars songs.",8,5,== The GoldeBriars ==
http://dbpedia.org/class/yago/Creator109614315,http://dbpedia.org/resource/Bobb_Goldsteinn,Bobb Goldsteinn,8,0,1.0,0.0,"Bobb Goldsteinn, an accomplished songwriter (who wrote the 1963 folk-dixie hit ""Washington Square"" for the Village Stompers), became ""Boettcher's manager [and] confidant[e]"", as well as lyricist for some GoldeBriars songs.",8,5,== The GoldeBriars ==
http://dbpedia.org/class/yago/Intellectual109621545,http://dbpedia.org/resource/Bobb_Goldsteinn,Bobb Goldsteinn,8,0,1.0,0.0,"Bobb Goldsteinn, an accomplished songwriter (who wrote the 1963 folk-dixie hit ""Washington Square"" for the Village Stompers), became ""Boettcher's manager [and] confidant[e]"", as well as lyricist for some GoldeBriars songs.",8,5,== The GoldeBriars ==
http://dbpedia.org/class/yago/LivingThing100004258,http://dbpedia.org/resource/Bobb_Goldsteinn,Bobb Goldsteinn,8,0,1.0,0.0,"Bobb Goldsteinn, an accomplished songwriter (who wrote the 1963 folk-dixie hit ""Washington Square"" for the Village Stompers), became ""Boettcher's manager [and] confidant[e]"", as well as lyricist for some GoldeBriars songs.",8,5,== The GoldeBriars ==
http://dbpedia.org/class/yago/Musician110339966,http://dbpedia.org/resource/Bobb_Goldsteinn,Bobb Goldsteinn,8,0,1.0,0.0,"Bobb Goldsteinn, an accomplished songwriter (who wrote the 1963 folk-dixie hit ""Washington Square"" for the Village Stompers), became ""Boettcher's manager [and] confidant[e]"", as well as lyricist for some GoldeBriars songs.",8,5,== The GoldeBriars ==
http://dbpedia.org/class/yago/Object100002684,http://dbpedia.org/resource/Bobb_Goldsteinn,Bobb Goldsteinn,8,0,1.0,0.0,"Bobb Goldsteinn, an accomplished songwriter (who wrote the 1963 folk-dixie hit ""Washington Square"" for the Village Stompers), became ""Boettcher's manager [and] confidant[e]"", as well as lyricist for some GoldeBriars songs.",8,5,== The GoldeBriars ==
http://dbpedia.org/class/yago/Organism100004475,http://dbpedia.org/resource/Bobb_Goldsteinn,Bobb Goldsteinn,8,0,1.0,0.0,"Bobb Goldsteinn, an accomplished songwriter (who wrote the 1963 folk-dixie hit ""Washington Square"" for the Village Stompers), became ""Boettcher's manager [and] confidant[e]"", as well as lyricist for some GoldeBriars songs.",8,5,== The GoldeBriars ==
http://dbpedia.org/class/yago/Person100007846,http://dbpedia.org/resource/Bobb_Goldsteinn,Bobb Goldsteinn,8,0,1.0,0.0,"Bobb Goldsteinn, an accomplished songwriter (who wrote the 1963 folk-dixie hit ""Washington Square"" for the Village Stompers), became ""Boettcher's manager [and] confidant[e]"", as well as lyricist for some GoldeBriars songs.",8,5,== The GoldeBriars ==
http://dbpedia.org/class/yago/PhysicalEntity100001930,http://dbpedia.org/resource/Bobb_Goldsteinn,Bobb Goldsteinn,8,0,1.0,0.0,"Bobb Goldsteinn, an accomplished songwriter (who wrote the 1963 folk-dixie hit ""Washington Square"" for the Village Stompers), became ""Boettcher's manager [and] confidant[e]"", as well as lyricist for some GoldeBriars songs.",8,5,== The GoldeBriars ==
http://dbpedia.org/class/yago/Scholar110557854,http://dbpedia.org/resource/Bobb_Goldsteinn,Bobb Goldsteinn,8,0,1.0,0.0,"Bobb Goldsteinn, an accomplished songwriter (who wrote the 1963 folk-dixie hit ""Washington Square"" for the Village Stompers), became ""Boettcher's manager [and] confidant[e]"", as well as lyricist for some GoldeBriars songs.",8,5,== The GoldeBriars ==
http://dbpedia.org/class/yago/Songwriter110624540,http://dbpedia.org/resource/Bobb_Goldsteinn,Bobb Goldsteinn,8,0,1.0,0.0,"Bobb Goldsteinn, an accomplished songwriter (who wrote the 1963 folk-dixie hit ""Washington Square"" for the Village Stompers), became ""Boettcher's manager [and] confidant[e]"", as well as lyricist for some GoldeBriars songs.",8,5,== The GoldeBriars ==
http://dbpedia.org/class/yago/Whole100003553,http://dbpedia.org/resource/Bobb_Goldsteinn,Bobb Goldsteinn,8,0,1.0,0.0,"Bobb Goldsteinn, an accomplished songwriter (who wrote the 1963 folk-dixie hit ""Washington Square"" for the Village Stompers), became ""Boettcher's manager [and] confidant[e]"", as well as lyricist for some GoldeBriars songs.",8,5,== The GoldeBriars ==
"http://dbpedia.org/class/yago/WikicatPeopleFromGreenwichVillage,NewYork",http://dbpedia.org/resource/Bobb_Goldsteinn,Bobb Goldsteinn,8,0,1.0,0.0,"Bobb Goldsteinn, an accomplished songwriter (who wrote the 1963 folk-dixie hit ""Washington Square"" for the Village Stompers), became ""Boettcher's manager [and] confidant[e]"", as well as lyricist for some GoldeBriars songs.",8,5,== The GoldeBriars ==
http://dbpedia.org/class/yago/WikicatSongwritersFromPennsylvania,http://dbpedia.org/resource/Bobb_Goldsteinn,Bobb Goldsteinn,8,0,1.0,0.0,"Bobb Goldsteinn, an accomplished songwriter (who wrote the 1963 folk-dixie hit ""Washington Square"" for the Village Stompers), became ""Boettcher's manager [and] confidant[e]"", as well as lyricist for some GoldeBriars songs.",8,5,== The GoldeBriars ==
http://dbpedia.org/class/yago/WikicatTempleUniversityAlumni,http://dbpedia.org/resource/Bobb_Goldsteinn,Bobb Goldsteinn,8,0,1.0,0.0,"Bobb Goldsteinn, an accomplished songwriter (who wrote the 1963 folk-dixie hit ""Washington Square"" for the Village Stompers), became ""Boettcher's manager [and] confidant[e]"", as well as lyricist for some GoldeBriars songs.",8,5,== The GoldeBriars ==
http://www.w3.org/2002/07/owl#Thing,http://dbpedia.org/resource/Songwriter,songwriter,8871,33,0.9997270345542896,0.0002709951967853496,"Bobb Goldsteinn, an accomplished songwriter (who wrote the 1963 folk-dixie hit ""Washington Square"" for the Village Stompers), became ""Boettcher's manager [and] confidant[e]"", as well as lyricist for some GoldeBriars songs.",8,5,== The GoldeBriars ==
http://dbpedia.org/ontology/PersonFunction,http://dbpedia.org/resource/Songwriter,songwriter,8871,33,0.9997270345542896,0.0002709951967853496,"Bobb Goldsteinn, an accomplished songwriter (who wrote the 1963 folk-dixie hit ""Washington Square"" for the Village Stompers), became ""Boettcher's manager [and] confidant[e]"", as well as lyricist for some GoldeBriars songs.",8,5,== The GoldeBriars ==
http://www.w3.org/2002/07/owl#Thing,http://dbpedia.org/resource/Talent_manager,manager,1167,146,0.5583247212158097,0.7601118803171119,"Bobb Goldsteinn, an accomplished songwriter (who wrote the 1963 folk-dixie hit ""Washington Square"" for the Village Stompers), became ""Boettcher's manager [and] confidant[e]"", as well as lyricist for some GoldeBriars songs.",8,5,== The GoldeBriars ==
http://dbpedia.org/ontology/Person,http://dbpedia.org/resource/Talent_manager,manager,1167,146,0.5583247212158097,0.7601118803171119,"Bobb Goldsteinn, an accomplished songwriter (who wrote the 1963 folk-dixie hit ""Washington Square"" for the Village Stompers), became ""Boettcher's manager [and] confidant[e]"", as well as lyricist for some GoldeBriars songs.",8,5,== The GoldeBriars ==
http://dbpedia.org/class/yago/WikicatArtsOccupations,http://dbpedia.org/resource/Talent_manager,manager,1167,146,0.5583247212158097,0.7601118803171119,"Bobb Goldsteinn, an accomplished songwriter (who wrote the 1963 folk-dixie hit ""Washington Square"" for the Village Stompers), became ""Boettcher's manager [and] confidant[e]"", as well as lyricist for some GoldeBriars songs.",8,5,== The GoldeBriars ==
http://dbpedia.org/ontology/PersonFunction,http://dbpedia.org/resource/Talent_manager,manager,1167,146,0.5583247212158097,0.7601118803171119,"Bobb Goldsteinn, an accomplished songwriter (who wrote the 1963 folk-dixie hit ""Washington Square"" for the Village Stompers), became ""Boettcher's manager [and] confidant[e]"", as well as lyricist for some GoldeBriars songs.",8,5,== The GoldeBriars ==
http://dbpedia.org/class/yago/YagoPermanentlyLocatedEntity,http://dbpedia.org/resource/Talent_manager,manager,1167,146,0.5583247212158097,0.7601118803171119,"Bobb Goldsteinn, an accomplished songwriter (who wrote the 1963 folk-dixie hit ""Washington Square"" for the Village Stompers), became ""Boettcher's manager [and] confidant[e]"", as well as lyricist for some GoldeBriars songs.",8,5,== The GoldeBriars ==
http://dbpedia.org/class/yago/Abstraction100002137,http://dbpedia.org/resource/Talent_manager,manager,1167,146,0.5583247212158097,0.7601118803171119,"Bobb Goldsteinn, an accomplished songwriter (who wrote the 1963 folk-dixie hit ""Washington Square"" for the Village Stompers), became ""Boettcher's manager [and] confidant[e]"", as well as lyricist for some GoldeBriars songs.",8,5,== The GoldeBriars ==
http://dbpedia.org/class/yago/Act100030358,http://dbpedia.org/resource/Talent_manager,manager,1167,146,0.5583247212158097,0.7601118803171119,"Bobb Goldsteinn, an accomplished songwriter (who wrote the 1963 folk-dixie hit ""Washington Square"" for the Village Stompers), became ""Boettcher's manager [and] confidant[e]"", as well as lyricist for some GoldeBriars songs.",8,5,== The GoldeBriars ==
http://dbpedia.org/class/yago/Activity100407535,http://dbpedia.org/resource/Talent_manager,manager,1167,146,0.5583247212158097,0.7601118803171119,"Bobb Goldsteinn, an accomplished songwriter (who wrote the 1963 folk-dixie hit ""Washington Square"" for the Village Stompers), became ""Boettcher's manager [and] confidant[e]"", as well as lyricist for some GoldeBriars songs.",8,5,== The GoldeBriars ==
http://dbpedia.org/class/yago/Body107965085,http://dbpedia.org/resource/Talent_manager,manager,1167,146,0.5583247212158097,0.7601118803171119,"Bobb Goldsteinn, an accomplished songwriter (who wrote the 1963 folk-dixie hit ""Washington Square"" for the Village Stompers), became ""Boettcher's manager [and] confidant[e]"", as well as lyricist for some GoldeBriars songs.",8,5,== The GoldeBriars ==
http://dbpedia.org/class/yago/Event100029378,http://dbpedia.org/resource/Talent_manager,manager,1167,146,0.5583247212158097,0.7601118803171119,"Bobb Goldsteinn, an accomplished songwriter (who wrote the 1963 folk-dixie hit ""Washington Square"" for the Village Stompers), became ""Boettcher's manager [and] confidant[e]"", as well as lyricist for some GoldeBriars songs.",8,5,== The GoldeBriars ==
http://dbpedia.org/class/yago/Group100031264,http://dbpedia.org/resource/Talent_manager,manager,1167,146,0.5583247212158097,0.7601118803171119,"Bobb Goldsteinn, an accomplished songwriter (who wrote the 1963 folk-dixie hit ""Washington Square"" for the Village Stompers), became ""Boettcher's manager [and] confidant[e]"", as well as lyricist for some GoldeBriars songs.",8,5,== The GoldeBriars ==
http://dbpedia.org/class/yago/Occupation100582388,http://dbpedia.org/resource/Talent_manager,manager,1167,146,0.5583247212158097,0.7601118803171119,"Bobb Goldsteinn, an accomplished songwriter (who wrote the 1963 folk-dixie hit ""Washington Square"" for the Village Stompers), became ""Boettcher's manager [and] confidant[e]"", as well as lyricist for some GoldeBriars songs.",8,5,== The GoldeBriars ==
http://dbpedia.org/class/yago/OccupationalGroup108403631,http://dbpedia.org/resource/Talent_manager,manager,1167,146,0.5583247212158097,0.7601118803171119,"Bobb Goldsteinn, an accomplished songwriter (who wrote the 1963 folk-dixie hit ""Washington Square"" for the Village Stompers), became ""Boettcher's manager [and] confidant[e]"", as well as lyricist for some GoldeBriars songs.",8,5,== The GoldeBriars ==
http://dbpedia.org/class/yago/Profession108112096,http://dbpedia.org/resource/Talent_manager,manager,1167,146,0.5583247212158097,0.7601118803171119,"Bobb Goldsteinn, an accomplished songwriter (who wrote the 1963 folk-dixie hit ""Washington Square"" for the Village Stompers), became ""Boettcher's manager [and] confidant[e]"", as well as lyricist for some GoldeBriars songs.",8,5,== The GoldeBriars ==
http://dbpedia.org/class/yago/PsychologicalFeature100023100,http://dbpedia.org/resource/Talent_manager,manager,1167,146,0.5583247212158097,0.7601118803171119,"Bobb Goldsteinn, an accomplished songwriter (who wrote the 1963 folk-dixie hit ""Washington Square"" for the Village Stompers), became ""Boettcher's manager [and] confidant[e]"", as well as lyricist for some GoldeBriars songs.",8,5,== The GoldeBriars ==
http://dbpedia.org/class/yago/SocialGroup107950920,http://dbpedia.org/resource/Talent_manager,manager,1167,146,0.5583247212158097,0.7601118803171119,"Bobb Goldsteinn, an accomplished songwriter (who wrote the 1963 folk-dixie hit ""Washington Square"" for the Village Stompers), became ""Boettcher's manager [and] confidant[e]"", as well as lyricist for some GoldeBriars songs.",8,5,== The GoldeBriars ==
http://dbpedia.org/class/yago/WikicatEntertainmentOccupations,http://dbpedia.org/resource/Talent_manager,manager,1167,146,0.5583247212158097,0.7601118803171119,"Bobb Goldsteinn, an accomplished songwriter (who wrote the 1963 folk-dixie hit ""Washington Square"" for the Village Stompers), became ""Boettcher's manager [and] confidant[e]"", as well as lyricist for some GoldeBriars songs.",8,5,== The GoldeBriars ==
http://dbpedia.org/class/yago/WikicatOccupationsInMusic,http://dbpedia.org/resource/Talent_manager,manager,1167,146,0.5583247212158097,0.7601118803171119,"Bobb Goldsteinn, an accomplished songwriter (who wrote the 1963 folk-dixie hit ""Washington Square"" for the Village Stompers), became ""Boettcher's manager [and] confidant[e]"", as well as lyricist for some GoldeBriars songs.",8,5,== The GoldeBriars ==
http://dbpedia.org/class/yago/WikicatTheatricalProfessions,http://dbpedia.org/resource/Talent_manager,manager,1167,146,0.5583247212158097,0.7601118803171119,"Bobb Goldsteinn, an accomplished songwriter (who wrote the 1963 folk-dixie hit ""Washington Square"" for the Village Stompers), became ""Boettcher's manager [and] confidant[e]"", as well as lyricist for some GoldeBriars songs.",8,5,== The GoldeBriars ==
http://www.w3.org/2002/07/owl#Thing,http://dbpedia.org/resource/Lyricist,lyricist,1794,186,0.9997667449646022,0.00023330939728840065,"Bobb Goldsteinn, an accomplished songwriter (who wrote the 1963 folk-dixie hit ""Washington Square"" for the Village Stompers), became ""Boettcher's manager [and] confidant[e]"", as well as lyricist for some GoldeBriars songs.",8,5,== The GoldeBriars ==
http://dbpedia.org/ontology/MusicalArtist,http://dbpedia.org/resource/Lyricist,lyricist,1794,186,0.9997667449646022,0.00023330939728840065,"Bobb Goldsteinn, an accomplished songwriter (who wrote the 1963 folk-dixie hit ""Washington Square"" for the Village Stompers), became ""Boettcher's manager [and] confidant[e]"", as well as lyricist for some GoldeBriars songs.",8,5,== The GoldeBriars ==
http://dbpedia.org/ontology/PersonFunction,http://dbpedia.org/resource/Lyricist,lyricist,1794,186,0.9997667449646022,0.00023330939728840065,"Bobb Goldsteinn, an accomplished songwriter (who wrote the 1963 folk-dixie hit ""Washington Square"" for the Village Stompers), became ""Boettcher's manager [and] confidant[e]"", as well as lyricist for some GoldeBriars songs.",8,5,== The GoldeBriars ==
http://www.w3.org/2002/07/owl#Thing,http://dbpedia.org/resource/Lee_Mallory,Lee Mallory,20,116,1.0,6.219970113434778e-21,"Following the demise of The GoldeBriars, Boettcher moved into production and songwriting work for others, including Lee Mallory and The Association.",0,7,"== The Association, The Ballroom, and Tommy Roe =="
http://dbpedia.org/class/yago/WikicatAmericanRockGuitarists,http://dbpedia.org/resource/Lee_Mallory,Lee Mallory,20,116,1.0,6.219970113434778e-21,"Following the demise of The GoldeBriars, Boettcher moved into production and songwriting work for others, including Lee Mallory and The Association.",0,7,"== The Association, The Ballroom, and Tommy Roe =="
http://dbpedia.org/class/yago/WikicatPeopleFromTheSanFranciscoBayArea,http://dbpedia.org/resource/Lee_Mallory,Lee Mallory,20,116,1.0,6.219970113434778e-21,"Following the demise of The GoldeBriars, Boettcher moved into production and songwriting work for others, including Lee Mallory and The Association.",0,7,"== The Association, The Ballroom, and Tommy Roe =="
http://dbpedia.org/ontology/MusicalArtist,http://dbpedia.org/resource/Lee_Mallory,Lee Mallory,20,116,1.0,6.219970113434778e-21,"Following the demise of The GoldeBriars, Boettcher moved into production and songwriting work for others, including Lee Mallory and The Association.",0,7,"== The Association, The Ballroom, and Tommy Roe =="
http://dbpedia.org/class/yago/YagoLegalActor,http://dbpedia.org/resource/Lee_Mallory,Lee Mallory,20,116,1.0,6.219970113434778e-21,"Following the demise of The GoldeBriars, Boettcher moved into production and songwriting work for others, including Lee Mallory and The Association.",0,7,"== The Association, The Ballroom, and Tommy Roe =="
http://dbpedia.org/class/yago/YagoLegalActorGeo,http://dbpedia.org/resource/Lee_Mallory,Lee Mallory,20,116,1.0,6.219970113434778e-21,"Following the demise of The GoldeBriars, Boettcher moved into production and songwriting work for others, including Lee Mallory and The Association.",0,7,"== The Association, The Ballroom, and Tommy Roe =="
http://dbpedia.org/class/yago/WikicatMusiciansFromCalifornia,http://dbpedia.org/resource/Lee_Mallory,Lee Mallory,20,116,1.0,6.219970113434778e-21,"Following the demise of The GoldeBriars, Boettcher moved into production and songwriting work for others, including Lee Mallory and The Association.",0,7,"== The Association, The Ballroom, and Tommy Roe =="
http://dbpedia.org/class/yago/Artist109812338,http://dbpedia.org/resource/Lee_Mallory,Lee Mallory,20,116,1.0,6.219970113434778e-21,"Following the demise of The GoldeBriars, Boettcher moved into production and songwriting work for others, including Lee Mallory and The Association.",0,7,"== The Association, The Ballroom, and Tommy Roe =="
http://dbpedia.org/class/yago/CausalAgent100007347,http://dbpedia.org/resource/Lee_Mallory,Lee Mallory,20,116,1.0,6.219970113434778e-21,"Following the demise of The GoldeBriars, Boettcher moved into production and songwriting work for others, including Lee Mallory and The Association.",0,7,"== The Association, The Ballroom, and Tommy Roe =="
http://dbpedia.org/class/yago/Creator109614315,http://dbpedia.org/resource/Lee_Mallory,Lee Mallory,20,116,1.0,6.219970113434778e-21,"Following the demise of The GoldeBriars, Boettcher moved into production and songwriting work for others, including Lee Mallory and The Association.",0,7,"== The Association, The Ballroom, and Tommy Roe =="
http://dbpedia.org/class/yago/Entertainer109616922,http://dbpedia.org/resource/Lee_Mallory,Lee Mallory,20,116,1.0,6.219970113434778e-21,"Following the demise of The GoldeBriars, Boettcher moved into production and songwriting work for others, including Lee Mallory and The Association.",0,7,"== The Association, The Ballroom, and Tommy Roe =="
http://dbpedia.org/class/yago/Guitarist110151760,http://dbpedia.org/resource/Lee_Mallory,Lee Mallory,20,116,1.0,6.219970113434778e-21,"Following the demise of The GoldeBriars, Boettcher moved into production and songwriting work for others, including Lee Mallory and The Association.",0,7,"== The Association, The Ballroom, and Tommy Roe =="
http://dbpedia.org/class/yago/LivingThing100004258,http://dbpedia.org/resource/Lee_Mallory,Lee Mallory,20,116,1.0,6.219970113434778e-21,"Following the demise of The GoldeBriars, Boettcher moved into production and songwriting work for others, including Lee Mallory and The Association.",0,7,"== The Association, The Ballroom, and Tommy Roe =="
http://dbpedia.org/class/yago/Musician110339966,http://dbpedia.org/resource/Lee_Mallory,Lee Mallory,20,116,1.0,6.219970113434778e-21,"Following the demise of The GoldeBriars, Boettcher moved into production and songwriting work for others, including Lee Mallory and The Association.",0,7,"== The Association, The Ballroom, and Tommy Roe =="
http://dbpedia.org/class/yago/Musician110340312,http://dbpedia.org/resource/Lee_Mallory,Lee Mallory,20,116,1.0,6.219970113434778e-21,"Following the demise of The GoldeBriars, Boettcher moved into production and songwriting work for others, including Lee Mallory and The Association.",0,7,"== The Association, The Ballroom, and Tommy Roe =="
http://dbpedia.org/class/yago/Object100002684,http://dbpedia.org/resource/Lee_Mallory,Lee Mallory,20,116,1.0,6.219970113434778e-21,"Following the demise of The GoldeBriars, Boettcher moved into production and songwriting work for others, including Lee Mallory and The Association.",0,7,"== The Association, The Ballroom, and Tommy Roe =="
http://dbpedia.org/class/yago/Organism100004475,http://dbpedia.org/resource/Lee_Mallory,Lee Mallory,20,116,1.0,6.219970113434778e-21,"Following the demise of The GoldeBriars, Boettcher moved into production and songwriting work for others, including Lee Mallory and The Association.",0,7,"== The Association, The Ballroom, and Tommy Roe =="
http://dbpedia.org/class/yago/Performer110415638,http://dbpedia.org/resource/Lee_Mallory,Lee Mallory,20,116,1.0,6.219970113434778e-21,"Following the demise of The GoldeBriars, Boettcher moved into production and songwriting work for others, including Lee Mallory and The Association.",0,7,"== The Association, The Ballroom, and Tommy Roe =="
http://dbpedia.org/class/yago/Person100007846,http://dbpedia.org/resource/Lee_Mallory,Lee Mallory,20,116,1.0,6.219970113434778e-21,"Following the demise of The GoldeBriars, Boettcher moved into production and songwriting work for others, including Lee Mallory and The Association.",0,7,"== The Association, The Ballroom, and Tommy Roe =="
http://dbpedia.org/class/yago/PhysicalEntity100001930,http://dbpedia.org/resource/Lee_Mallory,Lee Mallory,20,116,1.0,6.219970113434778e-21,"Following the demise of The GoldeBriars, Boettcher moved into production and songwriting work for others, including Lee Mallory and The Association.",0,7,"== The Association, The Ballroom, and Tommy Roe =="
http://dbpedia.org/class/yago/Whole100003553,http://dbpedia.org/resource/Lee_Mallory,Lee Mallory,20,116,1.0,6.219970113434778e-21,"Following the demise of The GoldeBriars, Boettcher moved into production and songwriting work for others, including Lee Mallory and The Association.",0,7,"== The Association, The Ballroom, and Tommy Roe =="
http://www.w3.org/2002/07/owl#Thing,http://dbpedia.org/resource/Valiant_Records,Valiant Records,27,41,0.9999999999996448,0.0,"Along Comes the Association, released on Valiant Records.",2,7,"== The Association, The Ballroom, and Tommy Roe =="
http://dbpedia.org/class/yago/WikicatAmericanIndependentRecordLabels,http://dbpedia.org/resource/Valiant_Records,Valiant Records,27,41,0.9999999999996448,0.0,"Along Comes the Association, released on Valiant Records.",2,7,"== The Association, The Ballroom, and Tommy Roe =="
http://dbpedia.org/ontology/RecordLabel,http://dbpedia.org/resource/Valiant_Records,Valiant Records,27,41,0.9999999999996448,0.0,"Along Comes the Association, released on Valiant Records.",2,7,"== The Association, The Ballroom, and Tommy Roe =="
http://dbpedia.org/class/yago/YagoLegalActor,http://dbpedia.org/resource/Valiant_Records,Valiant Records,27,41,0.9999999999996448,0.0,"Along Comes the Association, released on Valiant Records.",2,7,"== The Association, The Ballroom, and Tommy Roe =="
http://dbpedia.org/class/yago/YagoLegalActorGeo,http://dbpedia.org/resource/Valiant_Records,Valiant Records,27,41,0.9999999999996448,0.0,"Along Comes the Association, released on Valiant Records.",2,7,"== The Association, The Ballroom, and Tommy Roe =="
http://dbpedia.org/class/yago/YagoPermanentlyLocatedEntity,http://dbpedia.org/resource/Valiant_Records,Valiant Records,27,41,0.9999999999996448,0.0,"Along Comes the Association, released on Valiant Records.",2,7,"== The Association, The Ballroom, and Tommy Roe =="
http://dbpedia.org/class/yago/WikicatRecordLabelsDisestablishedIn1967,http://dbpedia.org/resource/Valiant_Records,Valiant Records,27,41,0.9999999999996448,0.0,"Along Comes the Association, released on Valiant Records.",2,7,"== The Association, The Ballroom, and Tommy Roe =="
http://dbpedia.org/class/yago/WikicatRecordLabelsEstablishedIn1960,http://dbpedia.org/resource/Valiant_Records,Valiant Records,27,41,0.9999999999996448,0.0,"Along Comes the Association, released on Valiant Records.",2,7,"== The Association, The Ballroom, and Tommy Roe =="
http://dbpedia.org/class/yago/Abstraction100002137,http://dbpedia.org/resource/Valiant_Records,Valiant Records,27,41,0.9999999999996448,0.0,"Along Comes the Association, released on Valiant Records.",2,7,"== The Association, The Ballroom, and Tommy Roe =="
http://dbpedia.org/class/yago/Company108058098,http://dbpedia.org/resource/Valiant_Records,Valiant Records,27,41,0.9999999999996448,0.0,"Along Comes the Association, released on Valiant Records.",2,7,"== The Association, The Ballroom, and Tommy Roe =="
http://dbpedia.org/class/yago/Group100031264,http://dbpedia.org/resource/Valiant_Records,Valiant Records,27,41,0.9999999999996448,0.0,"Along Comes the Association, released on Valiant Records.",2,7,"== The Association, The Ballroom, and Tommy Roe =="
http://dbpedia.org/class/yago/Institution108053576,http://dbpedia.org/resource/Valiant_Records,Valiant Records,27,41,0.9999999999996448,0.0,"Along Comes the Association, released on Valiant Records.",2,7,"== The Association, The Ballroom, and Tommy Roe =="
http://dbpedia.org/class/yago/Organization108008335,http://dbpedia.org/resource/Valiant_Records,Valiant Records,27,41,0.9999999999996448,0.0,"Along Comes the Association, released on Valiant Records.",2,7,"== The Association, The Ballroom, and Tommy Roe =="
http://dbpedia.org/class/yago/SocialGroup107950920,http://dbpedia.org/resource/Valiant_Records,Valiant Records,27,41,0.9999999999996448,0.0,"Along Comes the Association, released on Valiant Records.",2,7,"== The Association, The Ballroom, and Tommy Roe =="
http://dbpedia.org/class/yago/WikicatAmericanRecordCharts,http://dbpedia.org/resource/Billboard_Hot_100,U.S.,39836,79,0.6134289865776451,0.3380956881725954,"The album spawned two Top 10 hits, ""Along Comes Mary"" (which reached #7 in the U.S.) and ""Cherish"" (which reached #1).",3,7,"== The Association, The Ballroom, and Tommy Roe =="
http://dbpedia.org/ontology/Single,http://dbpedia.org/resource/Billboard_Hot_100,U.S.,39836,79,0.6134289865776451,0.3380956881725954,"The album spawned two Top 10 hits, ""Along Comes Mary"" (which reached #7 in the U.S.) and ""Cherish"" (which reached #1).",3,7,"== The Association, The Ballroom, and Tommy Roe =="
http://dbpedia.org/class/yago/WikicatBillboardCharts,http://dbpedia.org/resource/Billboard_Hot_100,U.S.,39836,79,0.6134289865776451,0.3380956881725954,"The album spawned two Top 10 hits, ""Along Comes Mary"" (which reached #7 in the U.S.) and ""Cherish"" (which reached #1).",3,7,"== The Association, The Ballroom, and Tommy Roe =="
http://dbpedia.org/class/yago/WikicatRecordCharts,http://dbpedia.org/resource/Billboard_Hot_100,U.S.,39836,79,0.6134289865776451,0.3380956881725954,"The album spawned two Top 10 hits, ""Along Comes Mary"" (which reached #7 in the U.S.) and ""Cherish"" (which reached #1).",3,7,"== The Association, The Ballroom, and Tommy Roe =="
http://dbpedia.org/class/yago/Abstraction100002137,http://dbpedia.org/resource/Billboard_Hot_100,U.S.,39836,79,0.6134289865776451,0.3380956881725954,"The album spawned two Top 10 hits, ""Along Comes Mary"" (which reached #7 in the U.S.) and ""Cherish"" (which reached #1).",3,7,"== The Association, The Ballroom, and Tommy Roe =="
http://dbpedia.org/class/yago/Chart106999802,http://dbpedia.org/resource/Billboard_Hot_100,U.S.,39836,79,0.6134289865776451,0.3380956881725954,"The album spawned two Top 10 hits, ""Along Comes Mary"" (which reached #7 in the U.S.) and ""Cherish"" (which reached #1).",3,7,"== The Association, The Ballroom, and Tommy Roe =="
http://dbpedia.org/class/yago/Communication100033020,http://dbpedia.org/resource/Billboard_Hot_100,U.S.,39836,79,0.6134289865776451,0.3380956881725954,"The album spawned two Top 10 hits, ""Along Comes Mary"" (which reached #7 in the U.S.) and ""Cherish"" (which reached #1).",3,7,"== The Association, The Ballroom, and Tommy Roe =="
http://dbpedia.org/class/yago/VisualCommunication106873252,http://dbpedia.org/resource/Billboard_Hot_100,U.S.,39836,79,0.6134289865776451,0.3380956881725954,"The album spawned two Top 10 hits, ""Along Comes Mary"" (which reached #7 in the U.S.) and ""Cherish"" (which reached #1).",3,7,"== The Association, The Ballroom, and Tommy Roe =="
http://www.w3.org/2002/07/owl#Thing,http://dbpedia.org/resource/Valiant_Records,Valiant Records,27,53,1.0,0.0,"In 2012, original Association member Jim Yester said Valiant Records claimed ""Cherish"" sounded ""too old and archaic"", but the song's success ""just showed we can have archaic and eat it, too.""",4,7,"== The Association, The Ballroom, and Tommy Roe =="
http://dbpedia.org/class/yago/WikicatAmericanIndependentRecordLabels,http://dbpedia.org/resource/Valiant_Records,Valiant Records,27,53,1.0,0.0,"In 2012, original Association member Jim Yester said Valiant Records claimed ""Cherish"" sounded ""too old and archaic"", but the song's success ""just showed we can have archaic and eat it, too.""",4,7,"== The Association, The Ballroom, and Tommy Roe =="
http://dbpedia.org/ontology/RecordLabel,http://dbpedia.org/resource/Valiant_Records,Valiant Records,27,53,1.0,0.0,"In 2012, original Association member Jim Yester said Valiant Records claimed ""Cherish"" sounded ""too old and archaic"", but the song's success ""just showed we can have archaic and eat it, too.""",4,7,"== The Association, The Ballroom, and Tommy Roe =="
http://dbpedia.org/class/yago/YagoLegalActor,http://dbpedia.org/resource/Valiant_Records,Valiant Records,27,53,1.0,0.0,"In 2012, original Association member Jim Yester said Valiant Records claimed ""Cherish"" sounded ""too old and archaic"", but the song's success ""just showed we can have archaic and eat it, too.""",4,7,"== The Association, The Ballroom, and Tommy Roe =="
http://dbpedia.org/class/yago/YagoLegalActorGeo,http://dbpedia.org/resource/Valiant_Records,Valiant Records,27,53,1.0,0.0,"In 2012, original Association member Jim Yester said Valiant Records claimed ""Cherish"" sounded ""too old and archaic"", but the song's success ""just showed we can have archaic and eat it, too.""",4,7,"== The Association, The Ballroom, and Tommy Roe =="
http://dbpedia.org/class/yago/YagoPermanentlyLocatedEntity,http://dbpedia.org/resource/Valiant_Records,Valiant Records,27,53,1.0,0.0,"In 2012, original Association member Jim Yester said Valiant Records claimed ""Cherish"" sounded ""too old and archaic"", but the song's success ""just showed we can have archaic and eat it, too.""",4,7,"== The Association, The Ballroom, and Tommy Roe =="
http://dbpedia.org/class/yago/WikicatRecordLabelsDisestablishedIn1967,http://dbpedia.org/resource/Valiant_Records,Valiant Records,27,53,1.0,0.0,"In 2012, original Association member Jim Yester said Valiant Records claimed ""Cherish"" sounded ""too old and archaic"", but the song's success ""just showed we can have archaic and eat it, too.""",4,7,"== The Association, The Ballroom, and Tommy Roe =="
http://dbpedia.org/class/yago/WikicatRecordLabelsEstablishedIn1960,http://dbpedia.org/resource/Valiant_Records,Valiant Records,27,53,1.0,0.0,"In 2012, original Association member Jim Yester said Valiant Records claimed ""Cherish"" sounded ""too old and archaic"", but the song's success ""just showed we can have archaic and eat it, too.""",4,7,"== The Association, The Ballroom, and Tommy Roe =="
http://dbpedia.org/class/yago/Abstraction100002137,http://dbpedia.org/resource/Valiant_Records,Valiant Records,27,53,1.0,0.0,"In 2012, original Association member Jim Yester said Valiant Records claimed ""Cherish"" sounded ""too old and archaic"", but the song's success ""just showed we can have archaic and eat it, too.""",4,7,"== The Association, The Ballroom, and Tommy Roe =="
http://dbpedia.org/class/yago/Company108058098,http://dbpedia.org/resource/Valiant_Records,Valiant Records,27,53,1.0,0.0,"In 2012, original Association member Jim Yester said Valiant Records claimed ""Cherish"" sounded ""too old and archaic"", but the song's success ""just showed we can have archaic and eat it, too.""",4,7,"== The Association, The Ballroom, and Tommy Roe =="
http://dbpedia.org/class/yago/Group100031264,http://dbpedia.org/resource/Valiant_Records,Valiant Records,27,53,1.0,0.0,"In 2012, original Association member Jim Yester said Valiant Records claimed ""Cherish"" sounded ""too old and archaic"", but the song's success ""just showed we can have archaic and eat it, too.""",4,7,"== The Association, The Ballroom, and Tommy Roe =="
http://dbpedia.org/class/yago/Institution108053576,http://dbpedia.org/resource/Valiant_Records,Valiant Records,27,53,1.0,0.0,"In 2012, original Association member Jim Yester said Valiant Records claimed ""Cherish"" sounded ""too old and archaic"", but the song's success ""just showed we can have archaic and eat it, too.""",4,7,"== The Association, The Ballroom, and Tommy Roe =="
http://dbpedia.org/class/yago/Organization108008335,http://dbpedia.org/resource/Valiant_Records,Valiant Records,27,53,1.0,0.0,"In 2012, original Association member Jim Yester said Valiant Records claimed ""Cherish"" sounded ""too old and archaic"", but the song's success ""just showed we can have archaic and eat it, too.""",4,7,"== The Association, The Ballroom, and Tommy Roe =="
http://dbpedia.org/class/yago/SocialGroup107950920,http://dbpedia.org/resource/Valiant_Records,Valiant Records,27,53,1.0,0.0,"In 2012, original Association member Jim Yester said Valiant Records claimed ""Cherish"" sounded ""too old and archaic"", but the song's success ""just showed we can have archaic and eat it, too.""",4,7,"== The Association, The Ballroom, and Tommy Roe =="
http://dbpedia.org/ontology/Saint,http://dbpedia.org/resource/Saint_Claudia,Claudia,26,17,0.6431145312162885,0.3819409689542136,"Boettcher's wife Claudia said that Almer wrote ""Along Comes Mary"" as a slow song.",0,8,"== The Association, The Ballroom, and Tommy Roe =="
http://dbpedia.org/class/yago/YagoLegalActor,http://dbpedia.org/resource/Saint_Claudia,Claudia,26,17,0.6431145312162885,0.3819409689542136,"Boettcher's wife Claudia said that Almer wrote ""Along Comes Mary"" as a slow song.",0,8,"== The Association, The Ballroom, and Tommy Roe =="
http://dbpedia.org/class/yago/YagoLegalActorGeo,http://dbpedia.org/resource/Saint_Claudia,Claudia,26,17,0.6431145312162885,0.3819409689542136,"Boettcher's wife Claudia said that Almer wrote ""Along Comes Mary"" as a slow song.",0,8,"== The Association, The Ballroom, and Tommy Roe =="
http://dbpedia.org/class/yago/WikicatSaints,http://dbpedia.org/resource/Saint_Claudia,Claudia,26,17,0.6431145312162885,0.3819409689542136,"Boettcher's wife Claudia said that Almer wrote ""Along Comes Mary"" as a slow song.",0,8,"== The Association, The Ballroom, and Tommy Roe =="
http://dbpedia.org/class/yago/CausalAgent100007347,http://dbpedia.org/resource/Saint_Claudia,Claudia,26,17,0.6431145312162885,0.3819409689542136,"Boettcher's wife Claudia said that Almer wrote ""Along Comes Mary"" as a slow song.",0,8,"== The Association, The Ballroom, and Tommy Roe =="
http://dbpedia.org/class/yago/GoodPerson110138767,http://dbpedia.org/resource/Saint_Claudia,Claudia,26,17,0.6431145312162885,0.3819409689542136,"Boettcher's wife Claudia said that Almer wrote ""Along Comes Mary"" as a slow song.",0,8,"== The Association, The Ballroom, and Tommy Roe =="
http://dbpedia.org/class/yago/Leader109623038,http://dbpedia.org/resource/Saint_Claudia,Claudia,26,17,0.6431145312162885,0.3819409689542136,"Boettcher's wife Claudia said that Almer wrote ""Along Comes Mary"" as a slow song.",0,8,"== The Association, The Ballroom, and Tommy Roe =="
http://dbpedia.org/class/yago/LivingThing100004258,http://dbpedia.org/resource/Saint_Claudia,Claudia,26,17,0.6431145312162885,0.3819409689542136,"Boettcher's wife Claudia said that Almer wrote ""Along Comes Mary"" as a slow song.",0,8,"== The Association, The Ballroom, and Tommy Roe =="
http://dbpedia.org/class/yago/Object100002684,http://dbpedia.org/resource/Saint_Claudia,Claudia,26,17,0.6431145312162885,0.3819409689542136,"Boettcher's wife Claudia said that Almer wrote ""Along Comes Mary"" as a slow song.",0,8,"== The Association, The Ballroom, and Tommy Roe =="
http://dbpedia.org/class/yago/Organism100004475,http://dbpedia.org/resource/Saint_Claudia,Claudia,26,17,0.6431145312162885,0.3819409689542136,"Boettcher's wife Claudia said that Almer wrote ""Along Comes Mary"" as a slow song.",0,8,"== The Association, The Ballroom, and Tommy Roe =="
http://dbpedia.org/class/yago/Person100007846,http://dbpedia.org/resource/Saint_Claudia,Claudia,26,17,0.6431145312162885,0.3819409689542136,"Boettcher's wife Claudia said that Almer wrote ""Along Comes Mary"" as a slow song.",0,8,"== The Association, The Ballroom, and Tommy Roe =="
http://dbpedia.org/class/yago/PhysicalEntity100001930,http://dbpedia.org/resource/Saint_Claudia,Claudia,26,17,0.6431145312162885,0.3819409689542136,"Boettcher's wife Claudia said that Almer wrote ""Along Comes Mary"" as a slow song.",0,8,"== The Association, The Ballroom, and Tommy Roe =="
http://dbpedia.org/class/yago/Saint110546850,http://dbpedia.org/resource/Saint_Claudia,Claudia,26,17,0.6431145312162885,0.3819409689542136,"Boettcher's wife Claudia said that Almer wrote ""Along Comes Mary"" as a slow song.",0,8,"== The Association, The Ballroom, and Tommy Roe =="
http://dbpedia.org/class/yago/Whole100003553,http://dbpedia.org/resource/Saint_Claudia,Claudia,26,17,0.6431145312162885,0.3819409689542136,"Boettcher's wife Claudia said that Almer wrote ""Along Comes Mary"" as a slow song.",0,8,"== The Association, The Ballroom, and Tommy Roe =="
http://dbpedia.org/class/yago/Wikicat1st-centuryChristianFemaleSaints,http://dbpedia.org/resource/Saint_Claudia,Claudia,26,17,0.6431145312162885,0.3819409689542136,"Boettcher's wife Claudia said that Almer wrote ""Along Comes Mary"" as a slow song.",0,8,"== The Association, The Ballroom, and Tommy Roe =="
http://www.w3.org/2002/07/owl#Thing,http://dbpedia.org/resource/Tempo,tempo,8577,22,0.9997898231804876,0.0002102189433233972,Boettcher sped up the tempo and recorded a demo on which he sang the vocal.,1,8,"== The Association, The Ballroom, and Tommy Roe =="
http://dbpedia.org/ontology/Person,http://dbpedia.org/resource/Tempo,tempo,8577,22,0.9997898231804876,0.0002102189433233972,Boettcher sped up the tempo and recorded a demo on which he sang the vocal.,1,8,"== The Association, The Ballroom, and Tommy Roe =="
http://dbpedia.org/ontology/MusicGenre,http://dbpedia.org/resource/Tempo,tempo,8577,22,0.9997898231804876,0.0002102189433233972,Boettcher sped up the tempo and recorded a demo on which he sang the vocal.,1,8,"== The Association, The Ballroom, and Tommy Roe =="
http://dbpedia.org/class/yago/WikicatAlbums,http://dbpedia.org/resource/Extended_play,demo,38252,43,0.5190074893077983,0.5171919238258255,Boettcher sped up the tempo and recorded a demo on which he sang the vocal.,1,8,"== The Association, The Ballroom, and Tommy Roe =="
http://dbpedia.org/ontology/Album,http://dbpedia.org/resource/Extended_play,demo,38252,43,0.5190074893077983,0.5171919238258255,Boettcher sped up the tempo and recorded a demo on which he sang the vocal.,1,8,"== The Association, The Ballroom, and Tommy Roe =="
http://dbpedia.org/class/yago/Album106591815,http://dbpedia.org/resource/Extended_play,demo,38252,43,0.5190074893077983,0.5171919238258255,Boettcher sped up the tempo and recorded a demo on which he sang the vocal.,1,8,"== The Association, The Ballroom, and Tommy Roe =="
http://dbpedia.org/class/yago/Artifact100021939,http://dbpedia.org/resource/Extended_play,demo,38252,43,0.5190074893077983,0.5171919238258255,Boettcher sped up the tempo and recorded a demo on which he sang the vocal.,1,8,"== The Association, The Ballroom, and Tommy Roe =="
http://dbpedia.org/class/yago/Instrumentality103575240,http://dbpedia.org/resource/Extended_play,demo,38252,43,0.5190074893077983,0.5171919238258255,Boettcher sped up the tempo and recorded a demo on which he sang the vocal.,1,8,"== The Association, The Ballroom, and Tommy Roe =="
http://dbpedia.org/class/yago/Medium106254669,http://dbpedia.org/resource/Extended_play,demo,38252,43,0.5190074893077983,0.5171919238258255,Boettcher sped up the tempo and recorded a demo on which he sang the vocal.,1,8,"== The Association, The Ballroom, and Tommy Roe =="
http://dbpedia.org/class/yago/Object100002684,http://dbpedia.org/resource/Extended_play,demo,38252,43,0.5190074893077983,0.5171919238258255,Boettcher sped up the tempo and recorded a demo on which he sang the vocal.,1,8,"== The Association, The Ballroom, and Tommy Roe =="
http://dbpedia.org/class/yago/PhysicalEntity100001930,http://dbpedia.org/resource/Extended_play,demo,38252,43,0.5190074893077983,0.5171919238258255,Boettcher sped up the tempo and recorded a demo on which he sang the vocal.,1,8,"== The Association, The Ballroom, and Tommy Roe =="
http://dbpedia.org/class/yago/Whole100003553,http://dbpedia.org/resource/Extended_play,demo,38252,43,0.5190074893077983,0.5171919238258255,Boettcher sped up the tempo and recorded a demo on which he sang the vocal.,1,8,"== The Association, The Ballroom, and Tommy Roe =="
http://dbpedia.org/ontology/MusicGenre,http://dbpedia.org/resource/Game_demo,demo,589,5,0.8143670083177017,0.1770723762078942,"This demo was presented to The Association, who used it as a guide for their arrangement of the tune.",2,8,"== The Association, The Ballroom, and Tommy Roe =="
http://dbpedia.org/class/yago/WikicatAlbums,http://dbpedia.org/resource/Extended_play,demo,38252,64,0.4586756480864372,0.5861768811615448,It was the band's attempt to replicate and build on Boettcher's demo that became the group's first hit single (produced by Boettcher).,3,8,"== The Association, The Ballroom, and Tommy Roe =="
http://dbpedia.org/ontology/Album,http://dbpedia.org/resource/Extended_play,demo,38252,64,0.4586756480864372,0.5861768811615448,It was the band's attempt to replicate and build on Boettcher's demo that became the group's first hit single (produced by Boettcher).,3,8,"== The Association, The Ballroom, and Tommy Roe =="
http://dbpedia.org/class/yago/Album106591815,http://dbpedia.org/resource/Extended_play,demo,38252,64,0.4586756480864372,0.5861768811615448,It was the band's attempt to replicate and build on Boettcher's demo that became the group's first hit single (produced by Boettcher).,3,8,"== The Association, The Ballroom, and Tommy Roe =="
http://dbpedia.org/class/yago/Artifact100021939,http://dbpedia.org/resource/Extended_play,demo,38252,64,0.4586756480864372,0.5861768811615448,It was the band's attempt to replicate and build on Boettcher's demo that became the group's first hit single (produced by Boettcher).,3,8,"== The Association, The Ballroom, and Tommy Roe =="
http://dbpedia.org/class/yago/Instrumentality103575240,http://dbpedia.org/resource/Extended_play,demo,38252,64,0.4586756480864372,0.5861768811615448,It was the band's attempt to replicate and build on Boettcher's demo that became the group's first hit single (produced by Boettcher).,3,8,"== The Association, The Ballroom, and Tommy Roe =="
http://dbpedia.org/class/yago/Medium106254669,http://dbpedia.org/resource/Extended_play,demo,38252,64,0.4586756480864372,0.5861768811615448,It was the band's attempt to replicate and build on Boettcher's demo that became the group's first hit single (produced by Boettcher).,3,8,"== The Association, The Ballroom, and Tommy Roe =="
http://dbpedia.org/class/yago/Object100002684,http://dbpedia.org/resource/Extended_play,demo,38252,64,0.4586756480864372,0.5861768811615448,It was the band's attempt to replicate and build on Boettcher's demo that became the group's first hit single (produced by Boettcher).,3,8,"== The Association, The Ballroom, and Tommy Roe =="
http://dbpedia.org/class/yago/PhysicalEntity100001930,http://dbpedia.org/resource/Extended_play,demo,38252,64,0.4586756480864372,0.5861768811615448,It was the band's attempt to replicate and build on Boettcher's demo that became the group's first hit single (produced by Boettcher).,3,8,"== The Association, The Ballroom, and Tommy Roe =="
http://dbpedia.org/class/yago/Whole100003553,http://dbpedia.org/resource/Extended_play,demo,38252,64,0.4586756480864372,0.5861768811615448,It was the band's attempt to replicate and build on Boettcher's demo that became the group's first hit single (produced by Boettcher).,3,8,"== The Association, The Ballroom, and Tommy Roe =="
http://www.w3.org/2002/07/owl#Thing,http://dbpedia.org/resource/Talent_manager,manager,1167,117,0.6404853643949732,0.4931931344004165,"After the album achieved commercial success, according to a November 1966 story in Billboard, the band dropped their manager, Dean Fredericks, who in turn filed a breach of contract suit against the band, claiming they were bound by a seven-year agreement.",6,8,"== The Association, The Ballroom, and Tommy Roe =="
http://dbpedia.org/ontology/Person,http://dbpedia.org/resource/Talent_manager,manager,1167,117,0.6404853643949732,0.4931931344004165,"After the album achieved commercial success, according to a November 1966 story in Billboard, the band dropped their manager, Dean Fredericks, who in turn filed a breach of contract suit against the band, claiming they were bound by a seven-year agreement.",6,8,"== The Association, The Ballroom, and Tommy Roe =="
http://dbpedia.org/class/yago/WikicatArtsOccupations,http://dbpedia.org/resource/Talent_manager,manager,1167,117,0.6404853643949732,0.4931931344004165,"After the album achieved commercial success, according to a November 1966 story in Billboard, the band dropped their manager, Dean Fredericks, who in turn filed a breach of contract suit against the band, claiming they were bound by a seven-year agreement.",6,8,"== The Association, The Ballroom, and Tommy Roe =="
http://dbpedia.org/ontology/PersonFunction,http://dbpedia.org/resource/Talent_manager,manager,1167,117,0.6404853643949732,0.4931931344004165,"After the album achieved commercial success, according to a November 1966 story in Billboard, the band dropped their manager, Dean Fredericks, who in turn filed a breach of contract suit against the band, claiming they were bound by a seven-year agreement.",6,8,"== The Association, The Ballroom, and Tommy Roe =="
http://dbpedia.org/class/yago/YagoPermanentlyLocatedEntity,http://dbpedia.org/resource/Talent_manager,manager,1167,117,0.6404853643949732,0.4931931344004165,"After the album achieved commercial success, according to a November 1966 story in Billboard, the band dropped their manager, Dean Fredericks, who in turn filed a breach of contract suit against the band, claiming they were bound by a seven-year agreement.",6,8,"== The Association, The Ballroom, and Tommy Roe =="
http://dbpedia.org/class/yago/Abstraction100002137,http://dbpedia.org/resource/Talent_manager,manager,1167,117,0.6404853643949732,0.4931931344004165,"After the album achieved commercial success, according to a November 1966 story in Billboard, the band dropped their manager, Dean Fredericks, who in turn filed a breach of contract suit against the band, claiming they were bound by a seven-year agreement.",6,8,"== The Association, The Ballroom, and Tommy Roe =="
http://dbpedia.org/class/yago/Act100030358,http://dbpedia.org/resource/Talent_manager,manager,1167,117,0.6404853643949732,0.4931931344004165,"After the album achieved commercial success, according to a November 1966 story in Billboard, the band dropped their manager, Dean Fredericks, who in turn filed a breach of contract suit against the band, claiming they were bound by a seven-year agreement.",6,8,"== The Association, The Ballroom, and Tommy Roe =="
http://dbpedia.org/class/yago/Activity100407535,http://dbpedia.org/resource/Talent_manager,manager,1167,117,0.6404853643949732,0.4931931344004165,"After the album achieved commercial success, according to a November 1966 story in Billboard, the band dropped their manager, Dean Fredericks, who in turn filed a breach of contract suit against the band, claiming they were bound by a seven-year agreement.",6,8,"== The Association, The Ballroom, and Tommy Roe =="
http://dbpedia.org/class/yago/Body107965085,http://dbpedia.org/resource/Talent_manager,manager,1167,117,0.6404853643949732,0.4931931344004165,"After the album achieved commercial success, according to a November 1966 story in Billboard, the band dropped their manager, Dean Fredericks, who in turn filed a breach of contract suit against the band, claiming they were bound by a seven-year agreement.",6,8,"== The Association, The Ballroom, and Tommy Roe =="
http://dbpedia.org/class/yago/Event100029378,http://dbpedia.org/resource/Talent_manager,manager,1167,117,0.6404853643949732,0.4931931344004165,"After the album achieved commercial success, according to a November 1966 story in Billboard, the band dropped their manager, Dean Fredericks, who in turn filed a breach of contract suit against the band, claiming they were bound by a seven-year agreement.",6,8,"== The Association, The Ballroom, and Tommy Roe =="
http://dbpedia.org/class/yago/Group100031264,http://dbpedia.org/resource/Talent_manager,manager,1167,117,0.6404853643949732,0.4931931344004165,"After the album achieved commercial success, according to a November 1966 story in Billboard, the band dropped their manager, Dean Fredericks, who in turn filed a breach of contract suit against the band, claiming they were bound by a seven-year agreement.",6,8,"== The Association, The Ballroom, and Tommy Roe =="
http://dbpedia.org/class/yago/Occupation100582388,http://dbpedia.org/resource/Talent_manager,manager,1167,117,0.6404853643949732,0.4931931344004165,"After the album achieved commercial success, according to a November 1966 story in Billboard, the band dropped their manager, Dean Fredericks, who in turn filed a breach of contract suit against the band, claiming they were bound by a seven-year agreement.",6,8,"== The Association, The Ballroom, and Tommy Roe =="
http://dbpedia.org/class/yago/OccupationalGroup108403631,http://dbpedia.org/resource/Talent_manager,manager,1167,117,0.6404853643949732,0.4931931344004165,"After the album achieved commercial success, according to a November 1966 story in Billboard, the band dropped their manager, Dean Fredericks, who in turn filed a breach of contract suit against the band, claiming they were bound by a seven-year agreement.",6,8,"== The Association, The Ballroom, and Tommy Roe =="
http://dbpedia.org/class/yago/Profession108112096,http://dbpedia.org/resource/Talent_manager,manager,1167,117,0.6404853643949732,0.4931931344004165,"After the album achieved commercial success, according to a November 1966 story in Billboard, the band dropped their manager, Dean Fredericks, who in turn filed a breach of contract suit against the band, claiming they were bound by a seven-year agreement.",6,8,"== The Association, The Ballroom, and Tommy Roe =="
http://dbpedia.org/class/yago/PsychologicalFeature100023100,http://dbpedia.org/resource/Talent_manager,manager,1167,117,0.6404853643949732,0.4931931344004165,"After the album achieved commercial success, according to a November 1966 story in Billboard, the band dropped their manager, Dean Fredericks, who in turn filed a breach of contract suit against the band, claiming they were bound by a seven-year agreement.",6,8,"== The Association, The Ballroom, and Tommy Roe =="
http://dbpedia.org/class/yago/SocialGroup107950920,http://dbpedia.org/resource/Talent_manager,manager,1167,117,0.6404853643949732,0.4931931344004165,"After the album achieved commercial success, according to a November 1966 story in Billboard, the band dropped their manager, Dean Fredericks, who in turn filed a breach of contract suit against the band, claiming they were bound by a seven-year agreement.",6,8,"== The Association, The Ballroom, and Tommy Roe =="
http://dbpedia.org/class/yago/WikicatEntertainmentOccupations,http://dbpedia.org/resource/Talent_manager,manager,1167,117,0.6404853643949732,0.4931931344004165,"After the album achieved commercial success, according to a November 1966 story in Billboard, the band dropped their manager, Dean Fredericks, who in turn filed a breach of contract suit against the band, claiming they were bound by a seven-year agreement.",6,8,"== The Association, The Ballroom, and Tommy Roe =="
http://dbpedia.org/class/yago/WikicatOccupationsInMusic,http://dbpedia.org/resource/Talent_manager,manager,1167,117,0.6404853643949732,0.4931931344004165,"After the album achieved commercial success, according to a November 1966 story in Billboard, the band dropped their manager, Dean Fredericks, who in turn filed a breach of contract suit against the band, claiming they were bound by a seven-year agreement.",6,8,"== The Association, The Ballroom, and Tommy Roe =="
http://dbpedia.org/class/yago/WikicatTheatricalProfessions,http://dbpedia.org/resource/Talent_manager,manager,1167,117,0.6404853643949732,0.4931931344004165,"After the album achieved commercial success, according to a November 1966 story in Billboard, the band dropped their manager, Dean Fredericks, who in turn filed a breach of contract suit against the band, claiming they were bound by a seven-year agreement.",6,8,"== The Association, The Ballroom, and Tommy Roe =="
http://dbpedia.org/ontology/PersonFunction,http://dbpedia.org/resource/Record_producer,producer,39381,164,0.9994382990723972,0.0004606748662067066,"As a result of this dispute, despite his valuable contributions to the debut album's commercial breakthrough, Boettcher was prevented from continuing as the band's producer.",9,8,"== The Association, The Ballroom, and Tommy Roe =="
http://dbpedia.org/class/yago/YagoPermanentlyLocatedEntity,http://dbpedia.org/resource/Record_producer,producer,39381,164,0.9994382990723972,0.0004606748662067066,"As a result of this dispute, despite his valuable contributions to the debut album's commercial breakthrough, Boettcher was prevented from continuing as the band's producer.",9,8,"== The Association, The Ballroom, and Tommy Roe =="
http://dbpedia.org/class/yago/Abstraction100002137,http://dbpedia.org/resource/Record_producer,producer,39381,164,0.9994382990723972,0.0004606748662067066,"As a result of this dispute, despite his valuable contributions to the debut album's commercial breakthrough, Boettcher was prevented from continuing as the band's producer.",9,8,"== The Association, The Ballroom, and Tommy Roe =="
http://dbpedia.org/class/yago/Act100030358,http://dbpedia.org/resource/Record_producer,producer,39381,164,0.9994382990723972,0.0004606748662067066,"As a result of this dispute, despite his valuable contributions to the debut album's commercial breakthrough, Boettcher was prevented from continuing as the band's producer.",9,8,"== The Association, The Ballroom, and Tommy Roe =="
http://dbpedia.org/class/yago/Activity100407535,http://dbpedia.org/resource/Record_producer,producer,39381,164,0.9994382990723972,0.0004606748662067066,"As a result of this dispute, despite his valuable contributions to the debut album's commercial breakthrough, Boettcher was prevented from continuing as the band's producer.",9,8,"== The Association, The Ballroom, and Tommy Roe =="
http://dbpedia.org/class/yago/Event100029378,http://dbpedia.org/resource/Record_producer,producer,39381,164,0.9994382990723972,0.0004606748662067066,"As a result of this dispute, despite his valuable contributions to the debut album's commercial breakthrough, Boettcher was prevented from continuing as the band's producer.",9,8,"== The Association, The Ballroom, and Tommy Roe =="
http://dbpedia.org/class/yago/Occupation100582388,http://dbpedia.org/resource/Record_producer,producer,39381,164,0.9994382990723972,0.0004606748662067066,"As a result of this dispute, despite his valuable contributions to the debut album's commercial breakthrough, Boettcher was prevented from continuing as the band's producer.",9,8,"== The Association, The Ballroom, and Tommy Roe =="
http://dbpedia.org/class/yago/PsychologicalFeature100023100,http://dbpedia.org/resource/Record_producer,producer,39381,164,0.9994382990723972,0.0004606748662067066,"As a result of this dispute, despite his valuable contributions to the debut album's commercial breakthrough, Boettcher was prevented from continuing as the band's producer.",9,8,"== The Association, The Ballroom, and Tommy Roe =="
http://dbpedia.org/class/yago/WikicatOccupations,http://dbpedia.org/resource/Record_producer,producer,39381,164,0.9994382990723972,0.0004606748662067066,"As a result of this dispute, despite his valuable contributions to the debut album's commercial breakthrough, Boettcher was prevented from continuing as the band's producer.",9,8,"== The Association, The Ballroom, and Tommy Roe =="
http://dbpedia.org/class/yago/WikicatOccupationsInMusic,http://dbpedia.org/resource/Record_producer,producer,39381,164,0.9994382990723972,0.0004606748662067066,"As a result of this dispute, despite his valuable contributions to the debut album's commercial breakthrough, Boettcher was prevented from continuing as the band's producer.",9,8,"== The Association, The Ballroom, and Tommy Roe =="
http://dbpedia.org/ontology/Disease,http://dbpedia.org/resource/Zigzag,ZigZag,271,109,0.9048814598664964,0.105056014908702,"(He produced several tracks for a later incarnation of the band in the early 1980s.)In a 1974 interview with ZigZag Magazine, Boettcher said that during this period he was under contract to Our Productions and on salary.",10,8,"== The Association, The Ballroom, and Tommy Roe =="
http://www.w3.org/2002/07/owl#Thing,http://dbpedia.org/resource/Royalty_payment,royalties,1855,33,0.999154456283529,0.0006481585126926925,"This arrangement accorded him no royalties, but a tremendous amount of artistic freedom.",11,8,"== The Association, The Ballroom, and Tommy Roe =="
http://dbpedia.org/ontology/Software,http://dbpedia.org/resource/Royalty_payment,royalties,1855,33,0.999154456283529,0.0006481585126926925,"This arrangement accorded him no royalties, but a tremendous amount of artistic freedom.",11,8,"== The Association, The Ballroom, and Tommy Roe =="
http://dbpedia.org/ontology/PersonFunction,http://dbpedia.org/resource/Record_producer,producer,39381,68,0.9458232201034084,0.045222136222835,I think for a while I had more hours [of studio experience] for any producer my age.,13,8,"== The Association, The Ballroom, and Tommy Roe =="
http://dbpedia.org/class/yago/YagoPermanentlyLocatedEntity,http://dbpedia.org/resource/Record_producer,producer,39381,68,0.9458232201034084,0.045222136222835,I think for a while I had more hours [of studio experience] for any producer my age.,13,8,"== The Association, The Ballroom, and Tommy Roe =="
http://dbpedia.org/class/yago/Abstraction100002137,http://dbpedia.org/resource/Record_producer,producer,39381,68,0.9458232201034084,0.045222136222835,I think for a while I had more hours [of studio experience] for any producer my age.,13,8,"== The Association, The Ballroom, and Tommy Roe =="
http://dbpedia.org/class/yago/Act100030358,http://dbpedia.org/resource/Record_producer,producer,39381,68,0.9458232201034084,0.045222136222835,I think for a while I had more hours [of studio experience] for any producer my age.,13,8,"== The Association, The Ballroom, and Tommy Roe =="
http://dbpedia.org/class/yago/Activity100407535,http://dbpedia.org/resource/Record_producer,producer,39381,68,0.9458232201034084,0.045222136222835,I think for a while I had more hours [of studio experience] for any producer my age.,13,8,"== The Association, The Ballroom, and Tommy Roe =="
http://dbpedia.org/class/yago/Event100029378,http://dbpedia.org/resource/Record_producer,producer,39381,68,0.9458232201034084,0.045222136222835,I think for a while I had more hours [of studio experience] for any producer my age.,13,8,"== The Association, The Ballroom, and Tommy Roe =="
http://dbpedia.org/class/yago/Occupation100582388,http://dbpedia.org/resource/Record_producer,producer,39381,68,0.9458232201034084,0.045222136222835,I think for a while I had more hours [of studio experience] for any producer my age.,13,8,"== The Association, The Ballroom, and Tommy Roe =="
http://dbpedia.org/class/yago/PsychologicalFeature100023100,http://dbpedia.org/resource/Record_producer,producer,39381,68,0.9458232201034084,0.045222136222835,I think for a while I had more hours [of studio experience] for any producer my age.,13,8,"== The Association, The Ballroom, and Tommy Roe =="
http://dbpedia.org/class/yago/WikicatOccupations,http://dbpedia.org/resource/Record_producer,producer,39381,68,0.9458232201034084,0.045222136222835,I think for a while I had more hours [of studio experience] for any producer my age.,13,8,"== The Association, The Ballroom, and Tommy Roe =="
http://dbpedia.org/class/yago/WikicatOccupationsInMusic,http://dbpedia.org/resource/Record_producer,producer,39381,68,0.9458232201034084,0.045222136222835,I think for a while I had more hours [of studio experience] for any producer my age.,13,8,"== The Association, The Ballroom, and Tommy Roe =="
http://www.w3.org/2002/07/owl#Thing,http://dbpedia.org/resource/Phonograph_record,45 rpm single,10559,99,0.9999988753524818,1.1246487873863398e-06,"The quartet recorded an album's worth of material, but other than two songs on a 1967 Warner Bros. 45 rpm single, the sessions remained unreleased until 2001.",18,8,"== The Association, The Ballroom, and Tommy Roe =="
http://www.w3.org/2002/07/owl#Thing,http://dbpedia.org/resource/Millennium,Millennium,1191,4,0.9082059035955976,0.0619399213993013,The Millennium and Sagittarius ==,1,10,== The Millennium and Sagittarius ==
http://dbpedia.org/ontology/Country,http://dbpedia.org/resource/Millennium,Millennium,1191,4,0.9082059035955976,0.0619399213993013,The Millennium and Sagittarius ==,1,10,== The Millennium and Sagittarius ==
http://dbpedia.org/ontology/PersonFunction,http://dbpedia.org/resource/Record_producer,producer,39381,35,0.9999987317871812,5.093225446545912e-07,"Boettcher is said to have met both producer Gary Usher and Beach Boy songwriter Brian Wilson while producing and mixing the first single by Lee Mallory, ""That's the Way It's Gonna Be"", issued on Valiant Records in 1966.",0,11,== The Millennium and Sagittarius ==
http://dbpedia.org/class/yago/YagoPermanentlyLocatedEntity,http://dbpedia.org/resource/Record_producer,producer,39381,35,0.9999987317871812,5.093225446545912e-07,"Boettcher is said to have met both producer Gary Usher and Beach Boy songwriter Brian Wilson while producing and mixing the first single by Lee Mallory, ""That's the Way It's Gonna Be"", issued on Valiant Records in 1966.",0,11,== The Millennium and Sagittarius ==
http://dbpedia.org/class/yago/Abstraction100002137,http://dbpedia.org/resource/Record_producer,producer,39381,35,0.9999987317871812,5.093225446545912e-07,"Boettcher is said to have met both producer Gary Usher and Beach Boy songwriter Brian Wilson while producing and mixing the first single by Lee Mallory, ""That's the Way It's Gonna Be"", issued on Valiant Records in 1966.",0,11,== The Millennium and Sagittarius ==
http://dbpedia.org/class/yago/Act100030358,http://dbpedia.org/resource/Record_producer,producer,39381,35,0.9999987317871812,5.093225446545912e-07,"Boettcher is said to have met both producer Gary Usher and Beach Boy songwriter Brian Wilson while producing and mixing the first single by Lee Mallory, ""That's the Way It's Gonna Be"", issued on Valiant Records in 1966.",0,11,== The Millennium and Sagittarius ==
http://dbpedia.org/class/yago/Activity100407535,http://dbpedia.org/resource/Record_producer,producer,39381,35,0.9999987317871812,5.093225446545912e-07,"Boettcher is said to have met both producer Gary Usher and Beach Boy songwriter Brian Wilson while producing and mixing the first single by Lee Mallory, ""That's the Way It's Gonna Be"", issued on Valiant Records in 1966.",0,11,== The Millennium and Sagittarius ==
http://dbpedia.org/class/yago/Event100029378,http://dbpedia.org/resource/Record_producer,producer,39381,35,0.9999987317871812,5.093225446545912e-07,"Boettcher is said to have met both producer Gary Usher and Beach Boy songwriter Brian Wilson while producing and mixing the first single by Lee Mallory, ""That's the Way It's Gonna Be"", issued on Valiant Records in 1966.",0,11,== The Millennium and Sagittarius ==
http://dbpedia.org/class/yago/Occupation100582388,http://dbpedia.org/resource/Record_producer,producer,39381,35,0.9999987317871812,5.093225446545912e-07,"Boettcher is said to have met both producer Gary Usher and Beach Boy songwriter Brian Wilson while producing and mixing the first single by Lee Mallory, ""That's the Way It's Gonna Be"", issued on Valiant Records in 1966.",0,11,== The Millennium and Sagittarius ==
http://dbpedia.org/class/yago/PsychologicalFeature100023100,http://dbpedia.org/resource/Record_producer,producer,39381,35,0.9999987317871812,5.093225446545912e-07,"Boettcher is said to have met both producer Gary Usher and Beach Boy songwriter Brian Wilson while producing and mixing the first single by Lee Mallory, ""That's the Way It's Gonna Be"", issued on Valiant Records in 1966.",0,11,== The Millennium and Sagittarius ==
http://dbpedia.org/class/yago/WikicatOccupations,http://dbpedia.org/resource/Record_producer,producer,39381,35,0.9999987317871812,5.093225446545912e-07,"Boettcher is said to have met both producer Gary Usher and Beach Boy songwriter Brian Wilson while producing and mixing the first single by Lee Mallory, ""That's the Way It's Gonna Be"", issued on Valiant Records in 1966.",0,11,== The Millennium and Sagittarius ==
http://dbpedia.org/class/yago/WikicatOccupationsInMusic,http://dbpedia.org/resource/Record_producer,producer,39381,35,0.9999987317871812,5.093225446545912e-07,"Boettcher is said to have met both producer Gary Usher and Beach Boy songwriter Brian Wilson while producing and mixing the first single by Lee Mallory, ""That's the Way It's Gonna Be"", issued on Valiant Records in 1966.",0,11,== The Millennium and Sagittarius ==
http://www.w3.org/2002/07/owl#Thing,http://dbpedia.org/resource/Songwriter,songwriter,8871,69,0.999999916777316,3.4509660499086404e-08,"Boettcher is said to have met both producer Gary Usher and Beach Boy songwriter Brian Wilson while producing and mixing the first single by Lee Mallory, ""That's the Way It's Gonna Be"", issued on Valiant Records in 1966.",0,11,== The Millennium and Sagittarius ==
http://dbpedia.org/ontology/PersonFunction,http://dbpedia.org/resource/Songwriter,songwriter,8871,69,0.999999916777316,3.4509660499086404e-08,"Boettcher is said to have met both producer Gary Usher and Beach Boy songwriter Brian Wilson while producing and mixing the first single by Lee Mallory, ""That's the Way It's Gonna Be"", issued on Valiant Records in 1966.",0,11,== The Millennium and Sagittarius ==
http://www.w3.org/2002/07/owl#Thing,http://dbpedia.org/resource/Lee_Mallory,Lee Mallory,20,140,1.0,3.33180191341519e-31,"Boettcher is said to have met both producer Gary Usher and Beach Boy songwriter Brian Wilson while producing and mixing the first single by Lee Mallory, ""That's the Way It's Gonna Be"", issued on Valiant Records in 1966.",0,11,== The Millennium and Sagittarius ==
http://dbpedia.org/class/yago/WikicatAmericanRockGuitarists,http://dbpedia.org/resource/Lee_Mallory,Lee Mallory,20,140,1.0,3.33180191341519e-31,"Boettcher is said to have met both producer Gary Usher and Beach Boy songwriter Brian Wilson while producing and mixing the first single by Lee Mallory, ""That's the Way It's Gonna Be"", issued on Valiant Records in 1966.",0,11,== The Millennium and Sagittarius ==
http://dbpedia.org/class/yago/WikicatPeopleFromTheSanFranciscoBayArea,http://dbpedia.org/resource/Lee_Mallory,Lee Mallory,20,140,1.0,3.33180191341519e-31,"Boettcher is said to have met both producer Gary Usher and Beach Boy songwriter Brian Wilson while producing and mixing the first single by Lee Mallory, ""That's the Way It's Gonna Be"", issued on Valiant Records in 1966.",0,11,== The Millennium and Sagittarius ==
http://dbpedia.org/ontology/MusicalArtist,http://dbpedia.org/resource/Lee_Mallory,Lee Mallory,20,140,1.0,3.33180191341519e-31,"Boettcher is said to have met both producer Gary Usher and Beach Boy songwriter Brian Wilson while producing and mixing the first single by Lee Mallory, ""That's the Way It's Gonna Be"", issued on Valiant Records in 1966.",0,11,== The Millennium and Sagittarius ==
http://dbpedia.org/class/yago/YagoLegalActor,http://dbpedia.org/resource/Lee_Mallory,Lee Mallory,20,140,1.0,3.33180191341519e-31,"Boettcher is said to have met both producer Gary Usher and Beach Boy songwriter Brian Wilson while producing and mixing the first single by Lee Mallory, ""That's the Way It's Gonna Be"", issued on Valiant Records in 1966.",0,11,== The Millennium and Sagittarius ==
http://dbpedia.org/class/yago/YagoLegalActorGeo,http://dbpedia.org/resource/Lee_Mallory,Lee Mallory,20,140,1.0,3.33180191341519e-31,"Boettcher is said to have met both producer Gary Usher and Beach Boy songwriter Brian Wilson while producing and mixing the first single by Lee Mallory, ""That's the Way It's Gonna Be"", issued on Valiant Records in 1966.",0,11,== The Millennium and Sagittarius ==
http://dbpedia.org/class/yago/WikicatMusiciansFromCalifornia,http://dbpedia.org/resource/Lee_Mallory,Lee Mallory,20,140,1.0,3.33180191341519e-31,"Boettcher is said to have met both producer Gary Usher and Beach Boy songwriter Brian Wilson while producing and mixing the first single by Lee Mallory, ""That's the Way It's Gonna Be"", issued on Valiant Records in 1966.",0,11,== The Millennium and Sagittarius ==
http://dbpedia.org/class/yago/Artist109812338,http://dbpedia.org/resource/Lee_Mallory,Lee Mallory,20,140,1.0,3.33180191341519e-31,"Boettcher is said to have met both producer Gary Usher and Beach Boy songwriter Brian Wilson while producing and mixing the first single by Lee Mallory, ""That's the Way It's Gonna Be"", issued on Valiant Records in 1966.",0,11,== The Millennium and Sagittarius ==
http://dbpedia.org/class/yago/CausalAgent100007347,http://dbpedia.org/resource/Lee_Mallory,Lee Mallory,20,140,1.0,3.33180191341519e-31,"Boettcher is said to have met both producer Gary Usher and Beach Boy songwriter Brian Wilson while producing and mixing the first single by Lee Mallory, ""That's the Way It's Gonna Be"", issued on Valiant Records in 1966.",0,11,== The Millennium and Sagittarius ==
http://dbpedia.org/class/yago/Creator109614315,http://dbpedia.org/resource/Lee_Mallory,Lee Mallory,20,140,1.0,3.33180191341519e-31,"Boettcher is said to have met both producer Gary Usher and Beach Boy songwriter Brian Wilson while producing and mixing the first single by Lee Mallory, ""That's the Way It's Gonna Be"", issued on Valiant Records in 1966.",0,11,== The Millennium and Sagittarius ==
http://dbpedia.org/class/yago/Entertainer109616922,http://dbpedia.org/resource/Lee_Mallory,Lee Mallory,20,140,1.0,3.33180191341519e-31,"Boettcher is said to have met both producer Gary Usher and Beach Boy songwriter Brian Wilson while producing and mixing the first single by Lee Mallory, ""That's the Way It's Gonna Be"", issued on Valiant Records in 1966.",0,11,== The Millennium and Sagittarius ==
http://dbpedia.org/class/yago/Guitarist110151760,http://dbpedia.org/resource/Lee_Mallory,Lee Mallory,20,140,1.0,3.33180191341519e-31,"Boettcher is said to have met both producer Gary Usher and Beach Boy songwriter Brian Wilson while producing and mixing the first single by Lee Mallory, ""That's the Way It's Gonna Be"", issued on Valiant Records in 1966.",0,11,== The Millennium and Sagittarius ==
http://dbpedia.org/class/yago/LivingThing100004258,http://dbpedia.org/resource/Lee_Mallory,Lee Mallory,20,140,1.0,3.33180191341519e-31,"Boettcher is said to have met both producer Gary Usher and Beach Boy songwriter Brian Wilson while producing and mixing the first single by Lee Mallory, ""That's the Way It's Gonna Be"", issued on Valiant Records in 1966.",0,11,== The Millennium and Sagittarius ==
http://dbpedia.org/class/yago/Musician110339966,http://dbpedia.org/resource/Lee_Mallory,Lee Mallory,20,140,1.0,3.33180191341519e-31,"Boettcher is said to have met both producer Gary Usher and Beach Boy songwriter Brian Wilson while producing and mixing the first single by Lee Mallory, ""That's the Way It's Gonna Be"", issued on Valiant Records in 1966.",0,11,== The Millennium and Sagittarius ==
http://dbpedia.org/class/yago/Musician110340312,http://dbpedia.org/resource/Lee_Mallory,Lee Mallory,20,140,1.0,3.33180191341519e-31,"Boettcher is said to have met both producer Gary Usher and Beach Boy songwriter Brian Wilson while producing and mixing the first single by Lee Mallory, ""That's the Way It's Gonna Be"", issued on Valiant Records in 1966.",0,11,== The Millennium and Sagittarius ==
http://dbpedia.org/class/yago/Object100002684,http://dbpedia.org/resource/Lee_Mallory,Lee Mallory,20,140,1.0,3.33180191341519e-31,"Boettcher is said to have met both producer Gary Usher and Beach Boy songwriter Brian Wilson while producing and mixing the first single by Lee Mallory, ""That's the Way It's Gonna Be"", issued on Valiant Records in 1966.",0,11,== The Millennium and Sagittarius ==
http://dbpedia.org/class/yago/Organism100004475,http://dbpedia.org/resource/Lee_Mallory,Lee Mallory,20,140,1.0,3.33180191341519e-31,"Boettcher is said to have met both producer Gary Usher and Beach Boy songwriter Brian Wilson while producing and mixing the first single by Lee Mallory, ""That's the Way It's Gonna Be"", issued on Valiant Records in 1966.",0,11,== The Millennium and Sagittarius ==
http://dbpedia.org/class/yago/Performer110415638,http://dbpedia.org/resource/Lee_Mallory,Lee Mallory,20,140,1.0,3.33180191341519e-31,"Boettcher is said to have met both producer Gary Usher and Beach Boy songwriter Brian Wilson while producing and mixing the first single by Lee Mallory, ""That's the Way It's Gonna Be"", issued on Valiant Records in 1966.",0,11,== The Millennium and Sagittarius ==
http://dbpedia.org/class/yago/Person100007846,http://dbpedia.org/resource/Lee_Mallory,Lee Mallory,20,140,1.0,3.33180191341519e-31,"Boettcher is said to have met both producer Gary Usher and Beach Boy songwriter Brian Wilson while producing and mixing the first single by Lee Mallory, ""That's the Way It's Gonna Be"", issued on Valiant Records in 1966.",0,11,== The Millennium and Sagittarius ==
http://dbpedia.org/class/yago/PhysicalEntity100001930,http://dbpedia.org/resource/Lee_Mallory,Lee Mallory,20,140,1.0,3.33180191341519e-31,"Boettcher is said to have met both producer Gary Usher and Beach Boy songwriter Brian Wilson while producing and mixing the first single by Lee Mallory, ""That's the Way It's Gonna Be"", issued on Valiant Records in 1966.",0,11,== The Millennium and Sagittarius ==
http://dbpedia.org/class/yago/Whole100003553,http://dbpedia.org/resource/Lee_Mallory,Lee Mallory,20,140,1.0,3.33180191341519e-31,"Boettcher is said to have met both producer Gary Usher and Beach Boy songwriter Brian Wilson while producing and mixing the first single by Lee Mallory, ""That's the Way It's Gonna Be"", issued on Valiant Records in 1966.",0,11,== The Millennium and Sagittarius ==
http://www.w3.org/2002/07/owl#Thing,http://dbpedia.org/resource/Valiant_Records,Valiant Records,27,195,1.0,0.0,"Boettcher is said to have met both producer Gary Usher and Beach Boy songwriter Brian Wilson while producing and mixing the first single by Lee Mallory, ""That's the Way It's Gonna Be"", issued on Valiant Records in 1966.",0,11,== The Millennium and Sagittarius ==
http://dbpedia.org/class/yago/WikicatAmericanIndependentRecordLabels,http://dbpedia.org/resource/Valiant_Records,Valiant Records,27,195,1.0,0.0,"Boettcher is said to have met both producer Gary Usher and Beach Boy songwriter Brian Wilson while producing and mixing the first single by Lee Mallory, ""That's the Way It's Gonna Be"", issued on Valiant Records in 1966.",0,11,== The Millennium and Sagittarius ==
http://dbpedia.org/ontology/RecordLabel,http://dbpedia.org/resource/Valiant_Records,Valiant Records,27,195,1.0,0.0,"Boettcher is said to have met both producer Gary Usher and Beach Boy songwriter Brian Wilson while producing and mixing the first single by Lee Mallory, ""That's the Way It's Gonna Be"", issued on Valiant Records in 1966.",0,11,== The Millennium and Sagittarius ==
http://dbpedia.org/class/yago/YagoLegalActor,http://dbpedia.org/resource/Valiant_Records,Valiant Records,27,195,1.0,0.0,"Boettcher is said to have met both producer Gary Usher and Beach Boy songwriter Brian Wilson while producing and mixing the first single by Lee Mallory, ""That's the Way It's Gonna Be"", issued on Valiant Records in 1966.",0,11,== The Millennium and Sagittarius ==
http://dbpedia.org/class/yago/YagoLegalActorGeo,http://dbpedia.org/resource/Valiant_Records,Valiant Records,27,195,1.0,0.0,"Boettcher is said to have met both producer Gary Usher and Beach Boy songwriter Brian Wilson while producing and mixing the first single by Lee Mallory, ""That's the Way It's Gonna Be"", issued on Valiant Records in 1966.",0,11,== The Millennium and Sagittarius ==
http://dbpedia.org/class/yago/YagoPermanentlyLocatedEntity,http://dbpedia.org/resource/Valiant_Records,Valiant Records,27,195,1.0,0.0,"Boettcher is said to have met both producer Gary Usher and Beach Boy songwriter Brian Wilson while producing and mixing the first single by Lee Mallory, ""That's the Way It's Gonna Be"", issued on Valiant Records in 1966.",0,11,== The Millennium and Sagittarius ==
http://dbpedia.org/class/yago/WikicatRecordLabelsDisestablishedIn1967,http://dbpedia.org/resource/Valiant_Records,Valiant Records,27,195,1.0,0.0,"Boettcher is said to have met both producer Gary Usher and Beach Boy songwriter Brian Wilson while producing and mixing the first single by Lee Mallory, ""That's the Way It's Gonna Be"", issued on Valiant Records in 1966.",0,11,== The Millennium and Sagittarius ==
http://dbpedia.org/class/yago/WikicatRecordLabelsEstablishedIn1960,http://dbpedia.org/resource/Valiant_Records,Valiant Records,27,195,1.0,0.0,"Boettcher is said to have met both producer Gary Usher and Beach Boy songwriter Brian Wilson while producing and mixing the first single by Lee Mallory, ""That's the Way It's Gonna Be"", issued on Valiant Records in 1966.",0,11,== The Millennium and Sagittarius ==
http://dbpedia.org/class/yago/Abstraction100002137,http://dbpedia.org/resource/Valiant_Records,Valiant Records,27,195,1.0,0.0,"Boettcher is said to have met both producer Gary Usher and Beach Boy songwriter Brian Wilson while producing and mixing the first single by Lee Mallory, ""That's the Way It's Gonna Be"", issued on Valiant Records in 1966.",0,11,== The Millennium and Sagittarius ==
http://dbpedia.org/class/yago/Company108058098,http://dbpedia.org/resource/Valiant_Records,Valiant Records,27,195,1.0,0.0,"Boettcher is said to have met both producer Gary Usher and Beach Boy songwriter Brian Wilson while producing and mixing the first single by Lee Mallory, ""That's the Way It's Gonna Be"", issued on Valiant Records in 1966.",0,11,== The Millennium and Sagittarius ==
http://dbpedia.org/class/yago/Group100031264,http://dbpedia.org/resource/Valiant_Records,Valiant Records,27,195,1.0,0.0,"Boettcher is said to have met both producer Gary Usher and Beach Boy songwriter Brian Wilson while producing and mixing the first single by Lee Mallory, ""That's the Way It's Gonna Be"", issued on Valiant Records in 1966.",0,11,== The Millennium and Sagittarius ==
http://dbpedia.org/class/yago/Institution108053576,http://dbpedia.org/resource/Valiant_Records,Valiant Records,27,195,1.0,0.0,"Boettcher is said to have met both producer Gary Usher and Beach Boy songwriter Brian Wilson while producing and mixing the first single by Lee Mallory, ""That's the Way It's Gonna Be"", issued on Valiant Records in 1966.",0,11,== The Millennium and Sagittarius ==
http://dbpedia.org/class/yago/Organization108008335,http://dbpedia.org/resource/Valiant_Records,Valiant Records,27,195,1.0,0.0,"Boettcher is said to have met both producer Gary Usher and Beach Boy songwriter Brian Wilson while producing and mixing the first single by Lee Mallory, ""That's the Way It's Gonna Be"", issued on Valiant Records in 1966.",0,11,== The Millennium and Sagittarius ==
http://dbpedia.org/class/yago/SocialGroup107950920,http://dbpedia.org/resource/Valiant_Records,Valiant Records,27,195,1.0,0.0,"Boettcher is said to have met both producer Gary Usher and Beach Boy songwriter Brian Wilson while producing and mixing the first single by Lee Mallory, ""That's the Way It's Gonna Be"", issued on Valiant Records in 1966.",0,11,== The Millennium and Sagittarius ==
http://www.w3.org/2002/07/owl#Thing,http://dbpedia.org/resource/Perennial_plant,perennial,7201,111,0.9927549048873332,0.003635259135142,"Usher in later years insisted that Boettcher influenced Brian Wilson during the development of the Beach Boys' perennial album Pet Sounds (1966), leading him to ""abandon surfing music.""",1,11,== The Millennium and Sagittarius ==
http://dbpedia.org/class/yago/WikicatPerennialPlants,http://dbpedia.org/resource/Perennial_plant,perennial,7201,111,0.9927549048873332,0.003635259135142,"Usher in later years insisted that Boettcher influenced Brian Wilson during the development of the Beach Boys' perennial album Pet Sounds (1966), leading him to ""abandon surfing music.""",1,11,== The Millennium and Sagittarius ==
http://dbpedia.org/class/yago/WikicatPlants,http://dbpedia.org/resource/Perennial_plant,perennial,7201,111,0.9927549048873332,0.003635259135142,"Usher in later years insisted that Boettcher influenced Brian Wilson during the development of the Beach Boys' perennial album Pet Sounds (1966), leading him to ""abandon surfing music.""",1,11,== The Millennium and Sagittarius ==
http://dbpedia.org/ontology/Plant,http://dbpedia.org/resource/Perennial_plant,perennial,7201,111,0.9927549048873332,0.003635259135142,"Usher in later years insisted that Boettcher influenced Brian Wilson during the development of the Beach Boys' perennial album Pet Sounds (1966), leading him to ""abandon surfing music.""",1,11,== The Millennium and Sagittarius ==
http://dbpedia.org/class/yago/GardenPlant113083306,http://dbpedia.org/resource/Perennial_plant,perennial,7201,111,0.9927549048873332,0.003635259135142,"Usher in later years insisted that Boettcher influenced Brian Wilson during the development of the Beach Boys' perennial album Pet Sounds (1966), leading him to ""abandon surfing music.""",1,11,== The Millennium and Sagittarius ==
http://dbpedia.org/class/yago/LivingThing100004258,http://dbpedia.org/resource/Perennial_plant,perennial,7201,111,0.9927549048873332,0.003635259135142,"Usher in later years insisted that Boettcher influenced Brian Wilson during the development of the Beach Boys' perennial album Pet Sounds (1966), leading him to ""abandon surfing music.""",1,11,== The Millennium and Sagittarius ==
http://dbpedia.org/class/yago/Object100002684,http://dbpedia.org/resource/Perennial_plant,perennial,7201,111,0.9927549048873332,0.003635259135142,"Usher in later years insisted that Boettcher influenced Brian Wilson during the development of the Beach Boys' perennial album Pet Sounds (1966), leading him to ""abandon surfing music.""",1,11,== The Millennium and Sagittarius ==
http://dbpedia.org/class/yago/Organism100004475,http://dbpedia.org/resource/Perennial_plant,perennial,7201,111,0.9927549048873332,0.003635259135142,"Usher in later years insisted that Boettcher influenced Brian Wilson during the development of the Beach Boys' perennial album Pet Sounds (1966), leading him to ""abandon surfing music.""",1,11,== The Millennium and Sagittarius ==
http://dbpedia.org/class/yago/PhysicalEntity100001930,http://dbpedia.org/resource/Perennial_plant,perennial,7201,111,0.9927549048873332,0.003635259135142,"Usher in later years insisted that Boettcher influenced Brian Wilson during the development of the Beach Boys' perennial album Pet Sounds (1966), leading him to ""abandon surfing music.""",1,11,== The Millennium and Sagittarius ==
http://dbpedia.org/class/yago/Plant100017222,http://dbpedia.org/resource/Perennial_plant,perennial,7201,111,0.9927549048873332,0.003635259135142,"Usher in later years insisted that Boettcher influenced Brian Wilson during the development of the Beach Boys' perennial album Pet Sounds (1966), leading him to ""abandon surfing music.""",1,11,== The Millennium and Sagittarius ==
http://dbpedia.org/class/yago/Whole100003553,http://dbpedia.org/resource/Perennial_plant,perennial,7201,111,0.9927549048873332,0.003635259135142,"Usher in later years insisted that Boettcher influenced Brian Wilson during the development of the Beach Boys' perennial album Pet Sounds (1966), leading him to ""abandon surfing music.""",1,11,== The Millennium and Sagittarius ==
http://dbpedia.org/class/yago/WikicatGardenPlants,http://dbpedia.org/resource/Perennial_plant,perennial,7201,111,0.9927549048873332,0.003635259135142,"Usher in later years insisted that Boettcher influenced Brian Wilson during the development of the Beach Boys' perennial album Pet Sounds (1966), leading him to ""abandon surfing music.""",1,11,== The Millennium and Sagittarius ==
http://dbpedia.org/ontology/PersonFunction,http://dbpedia.org/resource/Black_Rod,Usher,257,0,0.7500447502439396,0.2323964157082753,"Usher's statements are contradicted by session date logs and contemporary publications, wherein band members suggested to news publishers that they were looking beyond the confinements of surf rock as early as November 1964.",2,11,== The Millennium and Sagittarius ==
http://dbpedia.org/class/yago/YagoPermanentlyLocatedEntity,http://dbpedia.org/resource/Black_Rod,Usher,257,0,0.7500447502439396,0.2323964157082753,"Usher's statements are contradicted by session date logs and contemporary publications, wherein band members suggested to news publishers that they were looking beyond the confinements of surf rock as early as November 1964.",2,11,== The Millennium and Sagittarius ==
http://dbpedia.org/class/yago/Abstraction100002137,http://dbpedia.org/resource/Black_Rod,Usher,257,0,0.7500447502439396,0.2323964157082753,"Usher's statements are contradicted by session date logs and contemporary publications, wherein band members suggested to news publishers that they were looking beyond the confinements of surf rock as early as November 1964.",2,11,== The Millennium and Sagittarius ==
http://dbpedia.org/class/yago/Act100030358,http://dbpedia.org/resource/Black_Rod,Usher,257,0,0.7500447502439396,0.2323964157082753,"Usher's statements are contradicted by session date logs and contemporary publications, wherein band members suggested to news publishers that they were looking beyond the confinements of surf rock as early as November 1964.",2,11,== The Millennium and Sagittarius ==
http://dbpedia.org/class/yago/Activity100407535,http://dbpedia.org/resource/Black_Rod,Usher,257,0,0.7500447502439396,0.2323964157082753,"Usher's statements are contradicted by session date logs and contemporary publications, wherein band members suggested to news publishers that they were looking beyond the confinements of surf rock as early as November 1964.",2,11,== The Millennium and Sagittarius ==
http://dbpedia.org/class/yago/Event100029378,http://dbpedia.org/resource/Black_Rod,Usher,257,0,0.7500447502439396,0.2323964157082753,"Usher's statements are contradicted by session date logs and contemporary publications, wherein band members suggested to news publishers that they were looking beyond the confinements of surf rock as early as November 1964.",2,11,== The Millennium and Sagittarius ==
http://dbpedia.org/class/yago/Occupation100582388,http://dbpedia.org/resource/Black_Rod,Usher,257,0,0.7500447502439396,0.2323964157082753,"Usher's statements are contradicted by session date logs and contemporary publications, wherein band members suggested to news publishers that they were looking beyond the confinements of surf rock as early as November 1964.",2,11,== The Millennium and Sagittarius ==
http://dbpedia.org/class/yago/PsychologicalFeature100023100,http://dbpedia.org/resource/Black_Rod,Usher,257,0,0.7500447502439396,0.2323964157082753,"Usher's statements are contradicted by session date logs and contemporary publications, wherein band members suggested to news publishers that they were looking beyond the confinements of surf rock as early as November 1964.",2,11,== The Millennium and Sagittarius ==
http://www.w3.org/2002/07/owl#Thing,http://dbpedia.org/resource/News,news,6118,122,0.905808107787711,0.0330810921463215,"Usher's statements are contradicted by session date logs and contemporary publications, wherein band members suggested to news publishers that they were looking beyond the confinements of surf rock as early as November 1964.",2,11,== The Millennium and Sagittarius ==
http://dbpedia.org/ontology/Company,http://dbpedia.org/resource/News,news,6118,122,0.905808107787711,0.0330810921463215,"Usher's statements are contradicted by session date logs and contemporary publications, wherein band members suggested to news publishers that they were looking beyond the confinements of surf rock as early as November 1964.",2,11,== The Millennium and Sagittarius ==
http://dbpedia.org/ontology/MusicGenre,http://dbpedia.org/resource/News,news,6118,122,0.905808107787711,0.0330810921463215,"Usher's statements are contradicted by session date logs and contemporary publications, wherein band members suggested to news publishers that they were looking beyond the confinements of surf rock as early as November 1964.",2,11,== The Millennium and Sagittarius ==
http://dbpedia.org/ontology/PersonFunction,http://dbpedia.org/resource/Record_producer,producer,39381,60,0.9991350381030576,0.0006390924014852822,Usher bought Boettcher's contract and signed him as a staff producer for Columbia Records.,3,11,== The Millennium and Sagittarius ==
http://dbpedia.org/class/yago/YagoPermanentlyLocatedEntity,http://dbpedia.org/resource/Record_producer,producer,39381,60,0.9991350381030576,0.0006390924014852822,Usher bought Boettcher's contract and signed him as a staff producer for Columbia Records.,3,11,== The Millennium and Sagittarius ==
http://dbpedia.org/class/yago/Abstraction100002137,http://dbpedia.org/resource/Record_producer,producer,39381,60,0.9991350381030576,0.0006390924014852822,Usher bought Boettcher's contract and signed him as a staff producer for Columbia Records.,3,11,== The Millennium and Sagittarius ==
http://dbpedia.org/class/yago/Act100030358,http://dbpedia.org/resource/Record_producer,producer,39381,60,0.9991350381030576,0.0006390924014852822,Usher bought Boettcher's contract and signed him as a staff producer for Columbia Records.,3,11,== The Millennium and Sagittarius ==
http://dbpedia.org/class/yago/Activity100407535,http://dbpedia.org/resource/Record_producer,producer,39381,60,0.9991350381030576,0.0006390924014852822,Usher bought Boettcher's contract and signed him as a staff producer for Columbia Records.,3,11,== The Millennium and Sagittarius ==
http://dbpedia.org/class/yago/Event100029378,http://dbpedia.org/resource/Record_producer,producer,39381,60,0.9991350381030576,0.0006390924014852822,Usher bought Boettcher's contract and signed him as a staff producer for Columbia Records.,3,11,== The Millennium and Sagittarius ==
http://dbpedia.org/class/yago/Occupation100582388,http://dbpedia.org/resource/Record_producer,producer,39381,60,0.9991350381030576,0.0006390924014852822,Usher bought Boettcher's contract and signed him as a staff producer for Columbia Records.,3,11,== The Millennium and Sagittarius ==
http://dbpedia.org/class/yago/PsychologicalFeature100023100,http://dbpedia.org/resource/Record_producer,producer,39381,60,0.9991350381030576,0.0006390924014852822,Usher bought Boettcher's contract and signed him as a staff producer for Columbia Records.,3,11,== The Millennium and Sagittarius ==
http://dbpedia.org/class/yago/WikicatOccupations,http://dbpedia.org/resource/Record_producer,producer,39381,60,0.9991350381030576,0.0006390924014852822,Usher bought Boettcher's contract and signed him as a staff producer for Columbia Records.,3,11,== The Millennium and Sagittarius ==
http://dbpedia.org/class/yago/WikicatOccupationsInMusic,http://dbpedia.org/resource/Record_producer,producer,39381,60,0.9991350381030576,0.0006390924014852822,Usher bought Boettcher's contract and signed him as a staff producer for Columbia Records.,3,11,== The Millennium and Sagittarius ==
http://www.w3.org/2002/07/owl#Thing,http://dbpedia.org/resource/Session_musician,session musician,2882,64,1.0,0.0,"(It was sung by Glen Campbell, who at the time was working as a session musician in Los Angeles, with Bruce Johnston of the Beach Boys on backing vocals.)",5,11,== The Millennium and Sagittarius ==
http://dbpedia.org/ontology/Person,http://dbpedia.org/resource/Session_musician,session musician,2882,64,1.0,0.0,"(It was sung by Glen Campbell, who at the time was working as a session musician in Los Angeles, with Bruce Johnston of the Beach Boys on backing vocals.)",5,11,== The Millennium and Sagittarius ==
http://dbpedia.org/ontology/PersonFunction,http://dbpedia.org/resource/Session_musician,session musician,2882,64,1.0,0.0,"(It was sung by Glen Campbell, who at the time was working as a session musician in Los Angeles, with Bruce Johnston of the Beach Boys on backing vocals.)",5,11,== The Millennium and Sagittarius ==
http://dbpedia.org/class/yago/YagoLegalActor,http://dbpedia.org/resource/Session_musician,session musician,2882,64,1.0,0.0,"(It was sung by Glen Campbell, who at the time was working as a session musician in Los Angeles, with Bruce Johnston of the Beach Boys on backing vocals.)",5,11,== The Millennium and Sagittarius ==
http://dbpedia.org/class/yago/YagoLegalActorGeo,http://dbpedia.org/resource/Session_musician,session musician,2882,64,1.0,0.0,"(It was sung by Glen Campbell, who at the time was working as a session musician in Los Angeles, with Bruce Johnston of the Beach Boys on backing vocals.)",5,11,== The Millennium and Sagittarius ==
http://dbpedia.org/class/yago/WikicatSessionMusicians,http://dbpedia.org/resource/Session_musician,session musician,2882,64,1.0,0.0,"(It was sung by Glen Campbell, who at the time was working as a session musician in Los Angeles, with Bruce Johnston of the Beach Boys on backing vocals.)",5,11,== The Millennium and Sagittarius ==
http://dbpedia.org/class/yago/Artist109812338,http://dbpedia.org/resource/Session_musician,session musician,2882,64,1.0,0.0,"(It was sung by Glen Campbell, who at the time was working as a session musician in Los Angeles, with Bruce Johnston of the Beach Boys on backing vocals.)",5,11,== The Millennium and Sagittarius ==
http://dbpedia.org/class/yago/CausalAgent100007347,http://dbpedia.org/resource/Session_musician,session musician,2882,64,1.0,0.0,"(It was sung by Glen Campbell, who at the time was working as a session musician in Los Angeles, with Bruce Johnston of the Beach Boys on backing vocals.)",5,11,== The Millennium and Sagittarius ==
http://dbpedia.org/class/yago/Creator109614315,http://dbpedia.org/resource/Session_musician,session musician,2882,64,1.0,0.0,"(It was sung by Glen Campbell, who at the time was working as a session musician in Los Angeles, with Bruce Johnston of the Beach Boys on backing vocals.)",5,11,== The Millennium and Sagittarius ==
http://dbpedia.org/class/yago/LivingThing100004258,http://dbpedia.org/resource/Session_musician,session musician,2882,64,1.0,0.0,"(It was sung by Glen Campbell, who at the time was working as a session musician in Los Angeles, with Bruce Johnston of the Beach Boys on backing vocals.)",5,11,== The Millennium and Sagittarius ==
http://dbpedia.org/class/yago/Musician110339966,http://dbpedia.org/resource/Session_musician,session musician,2882,64,1.0,0.0,"(It was sung by Glen Campbell, who at the time was working as a session musician in Los Angeles, with Bruce Johnston of the Beach Boys on backing vocals.)",5,11,== The Millennium and Sagittarius ==
http://dbpedia.org/class/yago/Object100002684,http://dbpedia.org/resource/Session_musician,session musician,2882,64,1.0,0.0,"(It was sung by Glen Campbell, who at the time was working as a session musician in Los Angeles, with Bruce Johnston of the Beach Boys on backing vocals.)",5,11,== The Millennium and Sagittarius ==
http://dbpedia.org/class/yago/Organism100004475,http://dbpedia.org/resource/Session_musician,session musician,2882,64,1.0,0.0,"(It was sung by Glen Campbell, who at the time was working as a session musician in Los Angeles, with Bruce Johnston of the Beach Boys on backing vocals.)",5,11,== The Millennium and Sagittarius ==
http://dbpedia.org/class/yago/Person100007846,http://dbpedia.org/resource/Session_musician,session musician,2882,64,1.0,0.0,"(It was sung by Glen Campbell, who at the time was working as a session musician in Los Angeles, with Bruce Johnston of the Beach Boys on backing vocals.)",5,11,== The Millennium and Sagittarius ==
http://dbpedia.org/class/yago/PhysicalEntity100001930,http://dbpedia.org/resource/Session_musician,session musician,2882,64,1.0,0.0,"(It was sung by Glen Campbell, who at the time was working as a session musician in Los Angeles, with Bruce Johnston of the Beach Boys on backing vocals.)",5,11,== The Millennium and Sagittarius ==
http://dbpedia.org/class/yago/Whole100003553,http://dbpedia.org/resource/Session_musician,session musician,2882,64,1.0,0.0,"(It was sung by Glen Campbell, who at the time was working as a session musician in Los Angeles, with Bruce Johnston of the Beach Boys on backing vocals.)",5,11,== The Millennium and Sagittarius ==
http://dbpedia.org/ontology/MusicalArtist,http://dbpedia.org/resource/Backing_vocalist,backing vocals,22586,138,0.9996098817894492,0.00036647871558756647,"(It was sung by Glen Campbell, who at the time was working as a session musician in Los Angeles, with Bruce Johnston of the Beach Boys on backing vocals.)",5,11,== The Millennium and Sagittarius ==
http://dbpedia.org/ontology/PersonFunction,http://dbpedia.org/resource/Backing_vocalist,backing vocals,22586,138,0.9996098817894492,0.00036647871558756647,"(It was sung by Glen Campbell, who at the time was working as a session musician in Los Angeles, with Bruce Johnston of the Beach Boys on backing vocals.)",5,11,== The Millennium and Sagittarius ==
http://dbpedia.org/class/yago/YagoPermanentlyLocatedEntity,http://dbpedia.org/resource/Backing_vocalist,backing vocals,22586,138,0.9996098817894492,0.00036647871558756647,"(It was sung by Glen Campbell, who at the time was working as a session musician in Los Angeles, with Bruce Johnston of the Beach Boys on backing vocals.)",5,11,== The Millennium and Sagittarius ==
http://dbpedia.org/class/yago/Abstraction100002137,http://dbpedia.org/resource/Backing_vocalist,backing vocals,22586,138,0.9996098817894492,0.00036647871558756647,"(It was sung by Glen Campbell, who at the time was working as a session musician in Los Angeles, with Bruce Johnston of the Beach Boys on backing vocals.)",5,11,== The Millennium and Sagittarius ==
http://dbpedia.org/class/yago/Act100030358,http://dbpedia.org/resource/Backing_vocalist,backing vocals,22586,138,0.9996098817894492,0.00036647871558756647,"(It was sung by Glen Campbell, who at the time was working as a session musician in Los Angeles, with Bruce Johnston of the Beach Boys on backing vocals.)",5,11,== The Millennium and Sagittarius ==
http://dbpedia.org/class/yago/Activity100407535,http://dbpedia.org/resource/Backing_vocalist,backing vocals,22586,138,0.9996098817894492,0.00036647871558756647,"(It was sung by Glen Campbell, who at the time was working as a session musician in Los Angeles, with Bruce Johnston of the Beach Boys on backing vocals.)",5,11,== The Millennium and Sagittarius ==
http://dbpedia.org/class/yago/Event100029378,http://dbpedia.org/resource/Backing_vocalist,backing vocals,22586,138,0.9996098817894492,0.00036647871558756647,"(It was sung by Glen Campbell, who at the time was working as a session musician in Los Angeles, with Bruce Johnston of the Beach Boys on backing vocals.)",5,11,== The Millennium and Sagittarius ==
http://dbpedia.org/class/yago/Occupation100582388,http://dbpedia.org/resource/Backing_vocalist,backing vocals,22586,138,0.9996098817894492,0.00036647871558756647,"(It was sung by Glen Campbell, who at the time was working as a session musician in Los Angeles, with Bruce Johnston of the Beach Boys on backing vocals.)",5,11,== The Millennium and Sagittarius ==
http://dbpedia.org/class/yago/PsychologicalFeature100023100,http://dbpedia.org/resource/Backing_vocalist,backing vocals,22586,138,0.9996098817894492,0.00036647871558756647,"(It was sung by Glen Campbell, who at the time was working as a session musician in Los Angeles, with Bruce Johnston of the Beach Boys on backing vocals.)",5,11,== The Millennium and Sagittarius ==
http://dbpedia.org/class/yago/WikicatOccupationsInMusic,http://dbpedia.org/resource/Backing_vocalist,backing vocals,22586,138,0.9996098817894492,0.00036647871558756647,"(It was sung by Glen Campbell, who at the time was working as a session musician in Los Angeles, with Bruce Johnston of the Beach Boys on backing vocals.)",5,11,== The Millennium and Sagittarius ==
http://www.w3.org/2002/07/owl#Thing,http://dbpedia.org/resource/Contract_bridge,bridge,2719,91,0.9075820238853904,0.1017757151504336,"The single version of ""My World Fell Down"" was edited differently on the album, omitting a bridge of musique concrète that was on the 45.",10,11,== The Millennium and Sagittarius ==
http://dbpedia.org/ontology/PersonFunction,http://dbpedia.org/resource/Contract_bridge,bridge,2719,91,0.9075820238853904,0.1017757151504336,"The single version of ""My World Fell Down"" was edited differently on the album, omitting a bridge of musique concrète that was on the 45.",10,11,== The Millennium and Sagittarius ==
http://dbpedia.org/ontology/VideoGame,http://dbpedia.org/resource/Contract_bridge,bridge,2719,91,0.9075820238853904,0.1017757151504336,"The single version of ""My World Fell Down"" was edited differently on the album, omitting a bridge of musique concrète that was on the 45.",10,11,== The Millennium and Sagittarius ==
http://www.w3.org/2002/07/owl#Thing,http://dbpedia.org/resource/Finance,finance,5909,122,0.9984852264621108,0.0004780579637503981,"Usher's celebrity, as well as Boettcher's successful productions for The Association and Tommy Roe, convinced Columbia to finance Boettcher's own studio project.",0,12,== The Millennium and Sagittarius ==
http://dbpedia.org/ontology/MusicGenre,http://dbpedia.org/resource/Finance,finance,5909,122,0.9984852264621108,0.0004780579637503981,"Usher's celebrity, as well as Boettcher's successful productions for The Association and Tommy Roe, convinced Columbia to finance Boettcher's own studio project.",0,12,== The Millennium and Sagittarius ==
http://dbpedia.org/ontology/Work,http://dbpedia.org/resource/Carnegie_Mellon_University_Masters_in_Software_Engineering,studio project,4,146,0.9999123386144044,0.0,"Usher's celebrity, as well as Boettcher's successful productions for The Association and Tommy Roe, convinced Columbia to finance Boettcher's own studio project.",0,12,== The Millennium and Sagittarius ==
http://dbpedia.org/class/yago/WikicatComputerScienceDepartmentsInTheUnitedStates,http://dbpedia.org/resource/Carnegie_Mellon_University_Masters_in_Software_Engineering,studio project,4,146,0.9999123386144044,0.0,"Usher's celebrity, as well as Boettcher's successful productions for The Association and Tommy Roe, convinced Columbia to finance Boettcher's own studio project.",0,12,== The Millennium and Sagittarius ==
http://dbpedia.org/class/yago/YagoLegalActor,http://dbpedia.org/resource/Carnegie_Mellon_University_Masters_in_Software_Engineering,studio project,4,146,0.9999123386144044,0.0,"Usher's celebrity, as well as Boettcher's successful productions for The Association and Tommy Roe, convinced Columbia to finance Boettcher's own studio project.",0,12,== The Millennium and Sagittarius ==
http://dbpedia.org/class/yago/YagoLegalActorGeo,http://dbpedia.org/resource/Carnegie_Mellon_University_Masters_in_Software_Engineering,studio project,4,146,0.9999123386144044,0.0,"Usher's celebrity, as well as Boettcher's successful productions for The Association and Tommy Roe, convinced Columbia to finance Boettcher's own studio project.",0,12,== The Millennium and Sagittarius ==
http://dbpedia.org/class/yago/YagoPermanentlyLocatedEntity,http://dbpedia.org/resource/Carnegie_Mellon_University_Masters_in_Software_Engineering,studio project,4,146,0.9999123386144044,0.0,"Usher's celebrity, as well as Boettcher's successful productions for The Association and Tommy Roe, convinced Columbia to finance Boettcher's own studio project.",0,12,== The Millennium and Sagittarius ==
http://dbpedia.org/class/yago/WikicatSchoolsAndDepartmentsOfCarnegieMellon,http://dbpedia.org/resource/Carnegie_Mellon_University_Masters_in_Software_Engineering,studio project,4,146,0.9999123386144044,0.0,"Usher's celebrity, as well as Boettcher's successful productions for The Association and Tommy Roe, convinced Columbia to finance Boettcher's own studio project.",0,12,== The Millennium and Sagittarius ==
http://dbpedia.org/class/yago/Abstraction100002137,http://dbpedia.org/resource/Carnegie_Mellon_University_Masters_in_Software_Engineering,studio project,4,146,0.9999123386144044,0.0,"Usher's celebrity, as well as Boettcher's successful productions for The Association and Tommy Roe, convinced Columbia to finance Boettcher's own studio project.",0,12,== The Millennium and Sagittarius ==
http://dbpedia.org/class/yago/AdministrativeUnit108077292,http://dbpedia.org/resource/Carnegie_Mellon_University_Masters_in_Software_Engineering,studio project,4,146,0.9999123386144044,0.0,"Usher's celebrity, as well as Boettcher's successful productions for The Association and Tommy Roe, convinced Columbia to finance Boettcher's own studio project.",0,12,== The Millennium and Sagittarius ==
http://dbpedia.org/class/yago/Department108114861,http://dbpedia.org/resource/Carnegie_Mellon_University_Masters_in_Software_Engineering,studio project,4,146,0.9999123386144044,0.0,"Usher's celebrity, as well as Boettcher's successful productions for The Association and Tommy Roe, convinced Columbia to finance Boettcher's own studio project.",0,12,== The Millennium and Sagittarius ==
http://dbpedia.org/class/yago/Division108220714,http://dbpedia.org/resource/Carnegie_Mellon_University_Masters_in_Software_Engineering,studio project,4,146,0.9999123386144044,0.0,"Usher's celebrity, as well as Boettcher's successful productions for The Association and Tommy Roe, convinced Columbia to finance Boettcher's own studio project.",0,12,== The Millennium and Sagittarius ==
http://dbpedia.org/class/yago/EducationalInstitution108276342,http://dbpedia.org/resource/Carnegie_Mellon_University_Masters_in_Software_Engineering,studio project,4,146,0.9999123386144044,0.0,"Usher's celebrity, as well as Boettcher's successful productions for The Association and Tommy Roe, convinced Columbia to finance Boettcher's own studio project.",0,12,== The Millennium and Sagittarius ==
http://dbpedia.org/class/yago/Group100031264,http://dbpedia.org/resource/Carnegie_Mellon_University_Masters_in_Software_Engineering,studio project,4,146,0.9999123386144044,0.0,"Usher's celebrity, as well as Boettcher's successful productions for The Association and Tommy Roe, convinced Columbia to finance Boettcher's own studio project.",0,12,== The Millennium and Sagittarius ==
http://dbpedia.org/class/yago/Institution108053576,http://dbpedia.org/resource/Carnegie_Mellon_University_Masters_in_Software_Engineering,studio project,4,146,0.9999123386144044,0.0,"Usher's celebrity, as well as Boettcher's successful productions for The Association and Tommy Roe, convinced Columbia to finance Boettcher's own studio project.",0,12,== The Millennium and Sagittarius ==
http://dbpedia.org/class/yago/Organization108008335,http://dbpedia.org/resource/Carnegie_Mellon_University_Masters_in_Software_Engineering,studio project,4,146,0.9999123386144044,0.0,"Usher's celebrity, as well as Boettcher's successful productions for The Association and Tommy Roe, convinced Columbia to finance Boettcher's own studio project.",0,12,== The Millennium and Sagittarius ==
http://dbpedia.org/class/yago/School108276720,http://dbpedia.org/resource/Carnegie_Mellon_University_Masters_in_Software_Engineering,studio project,4,146,0.9999123386144044,0.0,"Usher's celebrity, as well as Boettcher's successful productions for The Association and Tommy Roe, convinced Columbia to finance Boettcher's own studio project.",0,12,== The Millennium and Sagittarius ==
http://dbpedia.org/class/yago/SocialGroup107950920,http://dbpedia.org/resource/Carnegie_Mellon_University_Masters_in_Software_Engineering,studio project,4,146,0.9999123386144044,0.0,"Usher's celebrity, as well as Boettcher's successful productions for The Association and Tommy Roe, convinced Columbia to finance Boettcher's own studio project.",0,12,== The Millennium and Sagittarius ==
http://dbpedia.org/class/yago/Unit108189659,http://dbpedia.org/resource/Carnegie_Mellon_University_Masters_in_Software_Engineering,studio project,4,146,0.9999123386144044,0.0,"Usher's celebrity, as well as Boettcher's successful productions for The Association and Tommy Roe, convinced Columbia to finance Boettcher's own studio project.",0,12,== The Millennium and Sagittarius ==
http://www.w3.org/2002/07/owl#Thing,http://dbpedia.org/resource/Lee_Mallory,Lee Mallory,20,140,1.0,8.548774872479594e-29,"In 1967 he assembled a group of musicians and songwriters with whom he had previously worked or personally knew (including Sandy Salisbury, Lee Mallory, Joey Stec, and Michael Fennelly), as well as some top Los Angeles session musicians, and started recording an album under the group moniker The Millennium.",1,12,== The Millennium and Sagittarius ==
http://dbpedia.org/class/yago/WikicatAmericanRockGuitarists,http://dbpedia.org/resource/Lee_Mallory,Lee Mallory,20,140,1.0,8.548774872479594e-29,"In 1967 he assembled a group of musicians and songwriters with whom he had previously worked or personally knew (including Sandy Salisbury, Lee Mallory, Joey Stec, and Michael Fennelly), as well as some top Los Angeles session musicians, and started recording an album under the group moniker The Millennium.",1,12,== The Millennium and Sagittarius ==
http://dbpedia.org/class/yago/WikicatPeopleFromTheSanFranciscoBayArea,http://dbpedia.org/resource/Lee_Mallory,Lee Mallory,20,140,1.0,8.548774872479594e-29,"In 1967 he assembled a group of musicians and songwriters with whom he had previously worked or personally knew (including Sandy Salisbury, Lee Mallory, Joey Stec, and Michael Fennelly), as well as some top Los Angeles session musicians, and started recording an album under the group moniker The Millennium.",1,12,== The Millennium and Sagittarius ==
http://dbpedia.org/ontology/MusicalArtist,http://dbpedia.org/resource/Lee_Mallory,Lee Mallory,20,140,1.0,8.548774872479594e-29,"In 1967 he assembled a group of musicians and songwriters with whom he had previously worked or personally knew (including Sandy Salisbury, Lee Mallory, Joey Stec, and Michael Fennelly), as well as some top Los Angeles session musicians, and started recording an album under the group moniker The Millennium.",1,12,== The Millennium and Sagittarius ==
http://dbpedia.org/class/yago/YagoLegalActor,http://dbpedia.org/resource/Lee_Mallory,Lee Mallory,20,140,1.0,8.548774872479594e-29,"In 1967 he assembled a group of musicians and songwriters with whom he had previously worked or personally knew (including Sandy Salisbury, Lee Mallory, Joey Stec, and Michael Fennelly), as well as some top Los Angeles session musicians, and started recording an album under the group moniker The Millennium.",1,12,== The Millennium and Sagittarius ==
http://dbpedia.org/class/yago/YagoLegalActorGeo,http://dbpedia.org/resource/Lee_Mallory,Lee Mallory,20,140,1.0,8.548774872479594e-29,"In 1967 he assembled a group of musicians and songwriters with whom he had previously worked or personally knew (including Sandy Salisbury, Lee Mallory, Joey Stec, and Michael Fennelly), as well as some top Los Angeles session musicians, and started recording an album under the group moniker The Millennium.",1,12,== The Millennium and Sagittarius ==
http://dbpedia.org/class/yago/WikicatMusiciansFromCalifornia,http://dbpedia.org/resource/Lee_Mallory,Lee Mallory,20,140,1.0,8.548774872479594e-29,"In 1967 he assembled a group of musicians and songwriters with whom he had previously worked or personally knew (including Sandy Salisbury, Lee Mallory, Joey Stec, and Michael Fennelly), as well as some top Los Angeles session musicians, and started recording an album under the group moniker The Millennium.",1,12,== The Millennium and Sagittarius ==
http://dbpedia.org/class/yago/Artist109812338,http://dbpedia.org/resource/Lee_Mallory,Lee Mallory,20,140,1.0,8.548774872479594e-29,"In 1967 he assembled a group of musicians and songwriters with whom he had previously worked or personally knew (including Sandy Salisbury, Lee Mallory, Joey Stec, and Michael Fennelly), as well as some top Los Angeles session musicians, and started recording an album under the group moniker The Millennium.",1,12,== The Millennium and Sagittarius ==
http://dbpedia.org/class/yago/CausalAgent100007347,http://dbpedia.org/resource/Lee_Mallory,Lee Mallory,20,140,1.0,8.548774872479594e-29,"In 1967 he assembled a group of musicians and songwriters with whom he had previously worked or personally knew (including Sandy Salisbury, Lee Mallory, Joey Stec, and Michael Fennelly), as well as some top Los Angeles session musicians, and started recording an album under the group moniker The Millennium.",1,12,== The Millennium and Sagittarius ==
http://dbpedia.org/class/yago/Creator109614315,http://dbpedia.org/resource/Lee_Mallory,Lee Mallory,20,140,1.0,8.548774872479594e-29,"In 1967 he assembled a group of musicians and songwriters with whom he had previously worked or personally knew (including Sandy Salisbury, Lee Mallory, Joey Stec, and Michael Fennelly), as well as some top Los Angeles session musicians, and started recording an album under the group moniker The Millennium.",1,12,== The Millennium and Sagittarius ==
http://dbpedia.org/class/yago/Entertainer109616922,http://dbpedia.org/resource/Lee_Mallory,Lee Mallory,20,140,1.0,8.548774872479594e-29,"In 1967 he assembled a group of musicians and songwriters with whom he had previously worked or personally knew (including Sandy Salisbury, Lee Mallory, Joey Stec, and Michael Fennelly), as well as some top Los Angeles session musicians, and started recording an album under the group moniker The Millennium.",1,12,== The Millennium and Sagittarius ==
http://dbpedia.org/class/yago/Guitarist110151760,http://dbpedia.org/resource/Lee_Mallory,Lee Mallory,20,140,1.0,8.548774872479594e-29,"In 1967 he assembled a group of musicians and songwriters with whom he had previously worked or personally knew (including Sandy Salisbury, Lee Mallory, Joey Stec, and Michael Fennelly), as well as some top Los Angeles session musicians, and started recording an album under the group moniker The Millennium.",1,12,== The Millennium and Sagittarius ==
http://dbpedia.org/class/yago/LivingThing100004258,http://dbpedia.org/resource/Lee_Mallory,Lee Mallory,20,140,1.0,8.548774872479594e-29,"In 1967 he assembled a group of musicians and songwriters with whom he had previously worked or personally knew (including Sandy Salisbury, Lee Mallory, Joey Stec, and Michael Fennelly), as well as some top Los Angeles session musicians, and started recording an album under the group moniker The Millennium.",1,12,== The Millennium and Sagittarius ==
http://dbpedia.org/class/yago/Musician110339966,http://dbpedia.org/resource/Lee_Mallory,Lee Mallory,20,140,1.0,8.548774872479594e-29,"In 1967 he assembled a group of musicians and songwriters with whom he had previously worked or personally knew (including Sandy Salisbury, Lee Mallory, Joey Stec, and Michael Fennelly), as well as some top Los Angeles session musicians, and started recording an album under the group moniker The Millennium.",1,12,== The Millennium and Sagittarius ==
http://dbpedia.org/class/yago/Musician110340312,http://dbpedia.org/resource/Lee_Mallory,Lee Mallory,20,140,1.0,8.548774872479594e-29,"In 1967 he assembled a group of musicians and songwriters with whom he had previously worked or personally knew (including Sandy Salisbury, Lee Mallory, Joey Stec, and Michael Fennelly), as well as some top Los Angeles session musicians, and started recording an album under the group moniker The Millennium.",1,12,== The Millennium and Sagittarius ==
http://dbpedia.org/class/yago/Object100002684,http://dbpedia.org/resource/Lee_Mallory,Lee Mallory,20,140,1.0,8.548774872479594e-29,"In 1967 he assembled a group of musicians and songwriters with whom he had previously worked or personally knew (including Sandy Salisbury, Lee Mallory, Joey Stec, and Michael Fennelly), as well as some top Los Angeles session musicians, and started recording an album under the group moniker The Millennium.",1,12,== The Millennium and Sagittarius ==
http://dbpedia.org/class/yago/Organism100004475,http://dbpedia.org/resource/Lee_Mallory,Lee Mallory,20,140,1.0,8.548774872479594e-29,"In 1967 he assembled a group of musicians and songwriters with whom he had previously worked or personally knew (including Sandy Salisbury, Lee Mallory, Joey Stec, and Michael Fennelly), as well as some top Los Angeles session musicians, and started recording an album under the group moniker The Millennium.",1,12,== The Millennium and Sagittarius ==
http://dbpedia.org/class/yago/Performer110415638,http://dbpedia.org/resource/Lee_Mallory,Lee Mallory,20,140,1.0,8.548774872479594e-29,"In 1967 he assembled a group of musicians and songwriters with whom he had previously worked or personally knew (including Sandy Salisbury, Lee Mallory, Joey Stec, and Michael Fennelly), as well as some top Los Angeles session musicians, and started recording an album under the group moniker The Millennium.",1,12,== The Millennium and Sagittarius ==
http://dbpedia.org/class/yago/Person100007846,http://dbpedia.org/resource/Lee_Mallory,Lee Mallory,20,140,1.0,8.548774872479594e-29,"In 1967 he assembled a group of musicians and songwriters with whom he had previously worked or personally knew (including Sandy Salisbury, Lee Mallory, Joey Stec, and Michael Fennelly), as well as some top Los Angeles session musicians, and started recording an album under the group moniker The Millennium.",1,12,== The Millennium and Sagittarius ==
http://dbpedia.org/class/yago/PhysicalEntity100001930,http://dbpedia.org/resource/Lee_Mallory,Lee Mallory,20,140,1.0,8.548774872479594e-29,"In 1967 he assembled a group of musicians and songwriters with whom he had previously worked or personally knew (including Sandy Salisbury, Lee Mallory, Joey Stec, and Michael Fennelly), as well as some top Los Angeles session musicians, and started recording an album under the group moniker The Millennium.",1,12,== The Millennium and Sagittarius ==
http://dbpedia.org/class/yago/Whole100003553,http://dbpedia.org/resource/Lee_Mallory,Lee Mallory,20,140,1.0,8.548774872479594e-29,"In 1967 he assembled a group of musicians and songwriters with whom he had previously worked or personally knew (including Sandy Salisbury, Lee Mallory, Joey Stec, and Michael Fennelly), as well as some top Los Angeles session musicians, and started recording an album under the group moniker The Millennium.",1,12,== The Millennium and Sagittarius ==
http://www.w3.org/2002/07/owl#Thing,http://dbpedia.org/resource/Millennium,Millennium,1191,297,0.9609560274394744,0.0265516420910817,"In 1967 he assembled a group of musicians and songwriters with whom he had previously worked or personally knew (including Sandy Salisbury, Lee Mallory, Joey Stec, and Michael Fennelly), as well as some top Los Angeles session musicians, and started recording an album under the group moniker The Millennium.",1,12,== The Millennium and Sagittarius ==
http://dbpedia.org/ontology/Country,http://dbpedia.org/resource/Millennium,Millennium,1191,297,0.9609560274394744,0.0265516420910817,"In 1967 he assembled a group of musicians and songwriters with whom he had previously worked or personally knew (including Sandy Salisbury, Lee Mallory, Joey Stec, and Michael Fennelly), as well as some top Los Angeles session musicians, and started recording an album under the group moniker The Millennium.",1,12,== The Millennium and Sagittarius ==
http://www.w3.org/2002/07/owl#Thing,http://dbpedia.org/resource/AM_broadcasting,AM,14718,3,0.9345555515276968,0.0349990659384851,"""5 AM"" also charted in the Philippines.",8,12,== The Millennium and Sagittarius ==
http://dbpedia.org/ontology/Election,http://dbpedia.org/resource/AM_broadcasting,AM,14718,3,0.9345555515276968,0.0349990659384851,"""5 AM"" also charted in the Philippines.",8,12,== The Millennium and Sagittarius ==
http://www.w3.org/2002/07/owl#Thing,http://dbpedia.org/resource/Millennium,Millennium,1191,32,0.9713313801615916,0.0198407143622868,"In 2000 the second album by The Millennium called Again, originally unreleased, was issued.",11,12,== The Millennium and Sagittarius ==
http://dbpedia.org/ontology/Country,http://dbpedia.org/resource/Millennium,Millennium,1191,32,0.9713313801615916,0.0198407143622868,"In 2000 the second album by The Millennium called Again, originally unreleased, was issued.",11,12,== The Millennium and Sagittarius ==
http://www.w3.org/2002/07/owl#Thing,http://dbpedia.org/resource/Millennium,Millennium,1191,15,0.7824728606057331,0.1821252449074795,"Soon after The Millennium broke up, Boettcher's friend Gary Usher, fired by Columbia Records, started a record label called Together Records.",12,12,== The Millennium and Sagittarius ==
http://dbpedia.org/ontology/Country,http://dbpedia.org/resource/Millennium,Millennium,1191,15,0.7824728606057331,0.1821252449074795,"Soon after The Millennium broke up, Boettcher's friend Gary Usher, fired by Columbia Records, started a record label called Together Records.",12,12,== The Millennium and Sagittarius ==
http://www.w3.org/2002/07/owl#Thing,http://dbpedia.org/resource/Record_label,record label,10070,104,0.9999815958365385,1.7534261096492054e-05,"Soon after The Millennium broke up, Boettcher's friend Gary Usher, fired by Columbia Records, started a record label called Together Records.",12,12,== The Millennium and Sagittarius ==
http://dbpedia.org/ontology/Company,http://dbpedia.org/resource/Record_label,record label,10070,104,0.9999815958365385,1.7534261096492054e-05,"Soon after The Millennium broke up, Boettcher's friend Gary Usher, fired by Columbia Records, started a record label called Together Records.",12,12,== The Millennium and Sagittarius ==
http://dbpedia.org/ontology/PersonFunction,http://dbpedia.org/resource/Record_label,record label,10070,104,0.9999815958365385,1.7534261096492054e-05,"Soon after The Millennium broke up, Boettcher's friend Gary Usher, fired by Columbia Records, started a record label called Together Records.",12,12,== The Millennium and Sagittarius ==
http://dbpedia.org/ontology/MusicGenre,http://dbpedia.org/resource/Psychedelia,psychedelia,1028,270,0.4145147437254948,0.7244476549009948,"These included his first attempt at a solo album, as well as producing recordings for a Sandy Salisbury solo album, contributing to the second Sagittarius album, and co-producing with Olsen The Moses Lake Recordings by The Bards, which was a mixture of garage rock with psychedelia and sunshine pop elements.",14,12,== The Millennium and Sagittarius ==
http://dbpedia.org/class/yago/WikicatPhotographs,http://dbpedia.org/resource/The_Blue_Marble,The Blue Marble,118,37,0.9999999995682742,4.31701358432583e-10,"Though the second Sagittarius album, The Blue Marble, did see release (and also notched a minor entry on the singles chart with a cover of The Beach Boys' ""In My Room"", sung by Boettcher), and several Sandy Salisbury singles were released, the label failed before any of Boettcher's other work could be completed.",15,12,== The Millennium and Sagittarius ==
http://dbpedia.org/ontology/Artwork,http://dbpedia.org/resource/The_Blue_Marble,The Blue Marble,118,37,0.9999999995682742,4.31701358432583e-10,"Though the second Sagittarius album, The Blue Marble, did see release (and also notched a minor entry on the singles chart with a cover of The Beach Boys' ""In My Room"", sung by Boettcher), and several Sandy Salisbury singles were released, the label failed before any of Boettcher's other work could be completed.",15,12,== The Millennium and Sagittarius ==
http://dbpedia.org/class/yago/Artifact100021939,http://dbpedia.org/resource/The_Blue_Marble,The Blue Marble,118,37,0.9999999995682742,4.31701358432583e-10,"Though the second Sagittarius album, The Blue Marble, did see release (and also notched a minor entry on the singles chart with a cover of The Beach Boys' ""In My Room"", sung by Boettcher), and several Sandy Salisbury singles were released, the label failed before any of Boettcher's other work could be completed.",15,12,== The Millennium and Sagittarius ==
http://dbpedia.org/class/yago/Creation103129123,http://dbpedia.org/resource/The_Blue_Marble,The Blue Marble,118,37,0.9999999995682742,4.31701358432583e-10,"Though the second Sagittarius album, The Blue Marble, did see release (and also notched a minor entry on the singles chart with a cover of The Beach Boys' ""In My Room"", sung by Boettcher), and several Sandy Salisbury singles were released, the label failed before any of Boettcher's other work could be completed.",15,12,== The Millennium and Sagittarius ==
http://dbpedia.org/class/yago/EndProduct103287178,http://dbpedia.org/resource/The_Blue_Marble,The Blue Marble,118,37,0.9999999995682742,4.31701358432583e-10,"Though the second Sagittarius album, The Blue Marble, did see release (and also notched a minor entry on the singles chart with a cover of The Beach Boys' ""In My Room"", sung by Boettcher), and several Sandy Salisbury singles were released, the label failed before any of Boettcher's other work could be completed.",15,12,== The Millennium and Sagittarius ==
http://dbpedia.org/class/yago/Object100002684,http://dbpedia.org/resource/The_Blue_Marble,The Blue Marble,118,37,0.9999999995682742,4.31701358432583e-10,"Though the second Sagittarius album, The Blue Marble, did see release (and also notched a minor entry on the singles chart with a cover of The Beach Boys' ""In My Room"", sung by Boettcher), and several Sandy Salisbury singles were released, the label failed before any of Boettcher's other work could be completed.",15,12,== The Millennium and Sagittarius ==
http://dbpedia.org/class/yago/Oeuvre103841417,http://dbpedia.org/resource/The_Blue_Marble,The Blue Marble,118,37,0.9999999995682742,4.31701358432583e-10,"Though the second Sagittarius album, The Blue Marble, did see release (and also notched a minor entry on the singles chart with a cover of The Beach Boys' ""In My Room"", sung by Boettcher), and several Sandy Salisbury singles were released, the label failed before any of Boettcher's other work could be completed.",15,12,== The Millennium and Sagittarius ==
http://dbpedia.org/class/yago/Photograph103925226,http://dbpedia.org/resource/The_Blue_Marble,The Blue Marble,118,37,0.9999999995682742,4.31701358432583e-10,"Though the second Sagittarius album, The Blue Marble, did see release (and also notched a minor entry on the singles chart with a cover of The Beach Boys' ""In My Room"", sung by Boettcher), and several Sandy Salisbury singles were released, the label failed before any of Boettcher's other work could be completed.",15,12,== The Millennium and Sagittarius ==
http://dbpedia.org/class/yago/PhysicalEntity100001930,http://dbpedia.org/resource/The_Blue_Marble,The Blue Marble,118,37,0.9999999995682742,4.31701358432583e-10,"Though the second Sagittarius album, The Blue Marble, did see release (and also notched a minor entry on the singles chart with a cover of The Beach Boys' ""In My Room"", sung by Boettcher), and several Sandy Salisbury singles were released, the label failed before any of Boettcher's other work could be completed.",15,12,== The Millennium and Sagittarius ==
http://dbpedia.org/class/yago/Product104007894,http://dbpedia.org/resource/The_Blue_Marble,The Blue Marble,118,37,0.9999999995682742,4.31701358432583e-10,"Though the second Sagittarius album, The Blue Marble, did see release (and also notched a minor entry on the singles chart with a cover of The Beach Boys' ""In My Room"", sung by Boettcher), and several Sandy Salisbury singles were released, the label failed before any of Boettcher's other work could be completed.",15,12,== The Millennium and Sagittarius ==
http://dbpedia.org/class/yago/Representation104076846,http://dbpedia.org/resource/The_Blue_Marble,The Blue Marble,118,37,0.9999999995682742,4.31701358432583e-10,"Though the second Sagittarius album, The Blue Marble, did see release (and also notched a minor entry on the singles chart with a cover of The Beach Boys' ""In My Room"", sung by Boettcher), and several Sandy Salisbury singles were released, the label failed before any of Boettcher's other work could be completed.",15,12,== The Millennium and Sagittarius ==
http://dbpedia.org/class/yago/Whole100003553,http://dbpedia.org/resource/The_Blue_Marble,The Blue Marble,118,37,0.9999999995682742,4.31701358432583e-10,"Though the second Sagittarius album, The Blue Marble, did see release (and also notched a minor entry on the singles chart with a cover of The Beach Boys' ""In My Room"", sung by Boettcher), and several Sandy Salisbury singles were released, the label failed before any of Boettcher's other work could be completed.",15,12,== The Millennium and Sagittarius ==
http://dbpedia.org/class/yago/Wikicat1972Works,http://dbpedia.org/resource/The_Blue_Marble,The Blue Marble,118,37,0.9999999995682742,4.31701358432583e-10,"Though the second Sagittarius album, The Blue Marble, did see release (and also notched a minor entry on the singles chart with a cover of The Beach Boys' ""In My Room"", sung by Boettcher), and several Sandy Salisbury singles were released, the label failed before any of Boettcher's other work could be completed.",15,12,== The Millennium and Sagittarius ==
http://www.w3.org/2002/07/owl#Thing,http://dbpedia.org/resource/Actor,actor,34508,232,0.9999991112915692,3.268384528357426e-07,"Among other Boettcher productions remaining unreleased are sessions for Twice Nicely, guitarist Waddy Wachtel and singer Judy Pulver (co-writers of ""Malachi Star"", a song on Boettcher's 1973 solo album), a single for (My Three Sons actor)",17,12,== The Millennium and Sagittarius ==
http://dbpedia.org/ontology/PersonFunction,http://dbpedia.org/resource/Actor,actor,34508,232,0.9999991112915692,3.268384528357426e-07,"Among other Boettcher productions remaining unreleased are sessions for Twice Nicely, guitarist Waddy Wachtel and singer Judy Pulver (co-writers of ""Malachi Star"", a song on Boettcher's 1973 solo album), a single for (My Three Sons actor)",17,12,== The Millennium and Sagittarius ==
http://www.w3.org/2002/07/owl#Thing,http://dbpedia.org/resource/Guitar,guitar,67560,81,0.9584654953287626,0.0272331504818559,"Don Grady of the band Yellow Balloon, and sessions produced with Gary Usher of a guitar duo called Tom and Dick.",18,12,== The Millennium and Sagittarius ==
http://dbpedia.org/ontology/Agent,http://dbpedia.org/resource/Guitar,guitar,67560,81,0.9584654953287626,0.0272331504818559,"Don Grady of the band Yellow Balloon, and sessions produced with Gary Usher of a guitar duo called Tom and Dick.",18,12,== The Millennium and Sagittarius ==
http://dbpedia.org/ontology/MusicalArtist,http://dbpedia.org/resource/Guitar,guitar,67560,81,0.9584654953287626,0.0272331504818559,"Don Grady of the band Yellow Balloon, and sessions produced with Gary Usher of a guitar duo called Tom and Dick.",18,12,== The Millennium and Sagittarius ==
http://www.w3.org/2002/07/owl#Thing,http://dbpedia.org/resource/Songwriter,songwriter,8871,10,0.9999960180240052,1.7850708518933831e-06,"(Dick was songwriter David Batteau, who would later write songs with and for Boettcher in the band California.)",19,12,== The Millennium and Sagittarius ==
http://dbpedia.org/ontology/PersonFunction,http://dbpedia.org/resource/Songwriter,songwriter,8871,10,0.9999960180240052,1.7850708518933831e-06,"(Dick was songwriter David Batteau, who would later write songs with and for Boettcher in the band California.)",19,12,== The Millennium and Sagittarius ==
http://www.w3.org/2002/07/owl#Thing,http://dbpedia.org/resource/Millennium,Millennium,1191,7,0.9583120255355096,0.0249734962827408,Former Millennium bandmate Ron Edgar played drums on the Tom and Dick sessions.,20,12,== The Millennium and Sagittarius ==
http://dbpedia.org/ontology/Country,http://dbpedia.org/resource/Millennium,Millennium,1191,7,0.9583120255355096,0.0249734962827408,Former Millennium bandmate Ron Edgar played drums on the Tom and Dick sessions.,20,12,== The Millennium and Sagittarius ==
http://www.w3.org/2002/07/owl#Thing,http://dbpedia.org/resource/Drum_kit,drums,51049,44,0.9996772306829192,0.0002517368923159031,Former Millennium bandmate Ron Edgar played drums on the Tom and Dick sessions.,20,12,== The Millennium and Sagittarius ==
http://dbpedia.org/class/yago/WikicatJazzInstruments,http://dbpedia.org/resource/Drum_kit,drums,51049,44,0.9996772306829192,0.0002517368923159031,Former Millennium bandmate Ron Edgar played drums on the Tom and Dick sessions.,20,12,== The Millennium and Sagittarius ==
http://dbpedia.org/class/yago/WikicatPercussionInstruments,http://dbpedia.org/resource/Drum_kit,drums,51049,44,0.9996772306829192,0.0002517368923159031,Former Millennium bandmate Ron Edgar played drums on the Tom and Dick sessions.,20,12,== The Millennium and Sagittarius ==
http://dbpedia.org/ontology/Book,http://dbpedia.org/resource/Drum_kit,drums,51049,44,0.9996772306829192,0.0002517368923159031,Former Millennium bandmate Ron Edgar played drums on the Tom and Dick sessions.,20,12,== The Millennium and Sagittarius ==
http://dbpedia.org/ontology/MusicalArtist,http://dbpedia.org/resource/Drum_kit,drums,51049,44,0.9996772306829192,0.0002517368923159031,Former Millennium bandmate Ron Edgar played drums on the Tom and Dick sessions.,20,12,== The Millennium and Sagittarius ==
http://dbpedia.org/class/yago/WikicatCymbals,http://dbpedia.org/resource/Drum_kit,drums,51049,44,0.9996772306829192,0.0002517368923159031,Former Millennium bandmate Ron Edgar played drums on the Tom and Dick sessions.,20,12,== The Millennium and Sagittarius ==
http://dbpedia.org/class/yago/WikicatDrums,http://dbpedia.org/resource/Drum_kit,drums,51049,44,0.9996772306829192,0.0002517368923159031,Former Millennium bandmate Ron Edgar played drums on the Tom and Dick sessions.,20,12,== The Millennium and Sagittarius ==
http://dbpedia.org/class/yago/WikicatMembranophones,http://dbpedia.org/resource/Drum_kit,drums,51049,44,0.9996772306829192,0.0002517368923159031,Former Millennium bandmate Ron Edgar played drums on the Tom and Dick sessions.,20,12,== The Millennium and Sagittarius ==
http://dbpedia.org/class/yago/WikicatMusicalInstruments,http://dbpedia.org/resource/Drum_kit,drums,51049,44,0.9996772306829192,0.0002517368923159031,Former Millennium bandmate Ron Edgar played drums on the Tom and Dick sessions.,20,12,== The Millennium and Sagittarius ==
http://dbpedia.org/class/yago/Artifact100021939,http://dbpedia.org/resource/Drum_kit,drums,51049,44,0.9996772306829192,0.0002517368923159031,Former Millennium bandmate Ron Edgar played drums on the Tom and Dick sessions.,20,12,== The Millennium and Sagittarius ==
http://dbpedia.org/class/yago/Cymbal103157348,http://dbpedia.org/resource/Drum_kit,drums,51049,44,0.9996772306829192,0.0002517368923159031,Former Millennium bandmate Ron Edgar played drums on the Tom and Dick sessions.,20,12,== The Millennium and Sagittarius ==
http://dbpedia.org/class/yago/Device103183080,http://dbpedia.org/resource/Drum_kit,drums,51049,44,0.9996772306829192,0.0002517368923159031,Former Millennium bandmate Ron Edgar played drums on the Tom and Dick sessions.,20,12,== The Millennium and Sagittarius ==
http://dbpedia.org/class/yago/Drum103249569,http://dbpedia.org/resource/Drum_kit,drums,51049,44,0.9996772306829192,0.0002517368923159031,Former Millennium bandmate Ron Edgar played drums on the Tom and Dick sessions.,20,12,== The Millennium and Sagittarius ==
http://dbpedia.org/class/yago/Instrument103574816,http://dbpedia.org/resource/Drum_kit,drums,51049,44,0.9996772306829192,0.0002517368923159031,Former Millennium bandmate Ron Edgar played drums on the Tom and Dick sessions.,20,12,== The Millennium and Sagittarius ==
http://dbpedia.org/class/yago/Instrumentality103575240,http://dbpedia.org/resource/Drum_kit,drums,51049,44,0.9996772306829192,0.0002517368923159031,Former Millennium bandmate Ron Edgar played drums on the Tom and Dick sessions.,20,12,== The Millennium and Sagittarius ==
http://dbpedia.org/class/yago/MusicalInstrument103800933,http://dbpedia.org/resource/Drum_kit,drums,51049,44,0.9996772306829192,0.0002517368923159031,Former Millennium bandmate Ron Edgar played drums on the Tom and Dick sessions.,20,12,== The Millennium and Sagittarius ==
http://dbpedia.org/class/yago/Object100002684,http://dbpedia.org/resource/Drum_kit,drums,51049,44,0.9996772306829192,0.0002517368923159031,Former Millennium bandmate Ron Edgar played drums on the Tom and Dick sessions.,20,12,== The Millennium and Sagittarius ==
http://dbpedia.org/class/yago/PercussionInstrument103915437,http://dbpedia.org/resource/Drum_kit,drums,51049,44,0.9996772306829192,0.0002517368923159031,Former Millennium bandmate Ron Edgar played drums on the Tom and Dick sessions.,20,12,== The Millennium and Sagittarius ==
http://dbpedia.org/class/yago/PhysicalEntity100001930,http://dbpedia.org/resource/Drum_kit,drums,51049,44,0.9996772306829192,0.0002517368923159031,Former Millennium bandmate Ron Edgar played drums on the Tom and Dick sessions.,20,12,== The Millennium and Sagittarius ==
http://dbpedia.org/class/yago/Whole100003553,http://dbpedia.org/resource/Drum_kit,drums,51049,44,0.9996772306829192,0.0002517368923159031,Former Millennium bandmate Ron Edgar played drums on the Tom and Dick sessions.,20,12,== The Millennium and Sagittarius ==
http://dbpedia.org/class/yago/WikicatNorthAmericanPercussionInstruments,http://dbpedia.org/resource/Drum_kit,drums,51049,44,0.9996772306829192,0.0002517368923159031,Former Millennium bandmate Ron Edgar played drums on the Tom and Dick sessions.,20,12,== The Millennium and Sagittarius ==
http://dbpedia.org/ontology/Election,http://dbpedia.org/resource/Audio_mixing,mixdown,1404,38,0.994436079694508,0.0055946083119529,In 1970 Boettcher and Olsen served as mixdown engineers for Emitt Rhodes' first Dunhill album.,21,12,== The Millennium and Sagittarius ==
http://dbpedia.org/ontology/PersonFunction,http://dbpedia.org/resource/Audio_mixing,mixdown,1404,38,0.994436079694508,0.0055946083119529,In 1970 Boettcher and Olsen served as mixdown engineers for Emitt Rhodes' first Dunhill album.,21,12,== The Millennium and Sagittarius ==
http://dbpedia.org/class/yago/Ability105616246,http://dbpedia.org/resource/Audio_mixing,mixdown,1404,38,0.994436079694508,0.0055946083119529,In 1970 Boettcher and Olsen served as mixdown engineers for Emitt Rhodes' first Dunhill album.,21,12,== The Millennium and Sagittarius ==
http://dbpedia.org/class/yago/Abstraction100002137,http://dbpedia.org/resource/Audio_mixing,mixdown,1404,38,0.994436079694508,0.0055946083119529,In 1970 Boettcher and Olsen served as mixdown engineers for Emitt Rhodes' first Dunhill album.,21,12,== The Millennium and Sagittarius ==
http://dbpedia.org/class/yago/Cognition100023271,http://dbpedia.org/resource/Audio_mixing,mixdown,1404,38,0.994436079694508,0.0055946083119529,In 1970 Boettcher and Olsen served as mixdown engineers for Emitt Rhodes' first Dunhill album.,21,12,== The Millennium and Sagittarius ==
http://dbpedia.org/class/yago/Know-how105616786,http://dbpedia.org/resource/Audio_mixing,mixdown,1404,38,0.994436079694508,0.0055946083119529,In 1970 Boettcher and Olsen served as mixdown engineers for Emitt Rhodes' first Dunhill album.,21,12,== The Millennium and Sagittarius ==
http://dbpedia.org/class/yago/Method105660268,http://dbpedia.org/resource/Audio_mixing,mixdown,1404,38,0.994436079694508,0.0055946083119529,In 1970 Boettcher and Olsen served as mixdown engineers for Emitt Rhodes' first Dunhill album.,21,12,== The Millennium and Sagittarius ==
http://dbpedia.org/class/yago/PsychologicalFeature100023100,http://dbpedia.org/resource/Audio_mixing,mixdown,1404,38,0.994436079694508,0.0055946083119529,In 1970 Boettcher and Olsen served as mixdown engineers for Emitt Rhodes' first Dunhill album.,21,12,== The Millennium and Sagittarius ==
http://dbpedia.org/class/yago/Technique105665146,http://dbpedia.org/resource/Audio_mixing,mixdown,1404,38,0.994436079694508,0.0055946083119529,In 1970 Boettcher and Olsen served as mixdown engineers for Emitt Rhodes' first Dunhill album.,21,12,== The Millennium and Sagittarius ==
http://dbpedia.org/class/yago/WikicatFilmTechniques,http://dbpedia.org/resource/Audio_mixing,mixdown,1404,38,0.994436079694508,0.0055946083119529,In 1970 Boettcher and Olsen served as mixdown engineers for Emitt Rhodes' first Dunhill album.,21,12,== The Millennium and Sagittarius ==
http://www.w3.org/2002/07/owl#Thing,http://dbpedia.org/resource/Jac_Holzman,Jac Holzman,135,64,1.0,0.0,"In 1971, at the insistence of Elektra Records founder-president Jac Holzman, who was a huge fan of Begin, Boettcher signed a deal with Elektra.",1,14,== Solo recording and The Beach Boys ==
http://xmlns.com/foaf/0.1/Person,http://dbpedia.org/resource/Jac_Holzman,Jac Holzman,135,64,1.0,0.0,"In 1971, at the insistence of Elektra Records founder-president Jac Holzman, who was a huge fan of Begin, Boettcher signed a deal with Elektra.",1,14,== Solo recording and The Beach Boys ==
http://dbpedia.org/ontology/Person,http://dbpedia.org/resource/Jac_Holzman,Jac Holzman,135,64,1.0,0.0,"In 1971, at the insistence of Elektra Records founder-president Jac Holzman, who was a huge fan of Begin, Boettcher signed a deal with Elektra.",1,14,== Solo recording and The Beach Boys ==
http://dbpedia.org/class/yago/WikicatAmericanMusicIndustryExecutives,http://dbpedia.org/resource/Jac_Holzman,Jac Holzman,135,64,1.0,0.0,"In 1971, at the insistence of Elektra Records founder-president Jac Holzman, who was a huge fan of Begin, Boettcher signed a deal with Elektra.",1,14,== Solo recording and The Beach Boys ==
http://dbpedia.org/class/yago/WikicatAmericanRecordProducers,http://dbpedia.org/resource/Jac_Holzman,Jac Holzman,135,64,1.0,0.0,"In 1971, at the insistence of Elektra Records founder-president Jac Holzman, who was a huge fan of Begin, Boettcher signed a deal with Elektra.",1,14,== Solo recording and The Beach Boys ==
http://schema.org/Person,http://dbpedia.org/resource/Jac_Holzman,Jac Holzman,135,64,1.0,0.0,"In 1971, at the insistence of Elektra Records founder-president Jac Holzman, who was a huge fan of Begin, Boettcher signed a deal with Elektra.",1,14,== Solo recording and The Beach Boys ==
http://dbpedia.org/ontology/Animal,http://dbpedia.org/resource/Jac_Holzman,Jac Holzman,135,64,1.0,0.0,"In 1971, at the insistence of Elektra Records founder-president Jac Holzman, who was a huge fan of Begin, Boettcher signed a deal with Elektra.",1,14,== Solo recording and The Beach Boys ==
http://dbpedia.org/ontology/Eukaryote,http://dbpedia.org/resource/Jac_Holzman,Jac Holzman,135,64,1.0,0.0,"In 1971, at the insistence of Elektra Records founder-president Jac Holzman, who was a huge fan of Begin, Boettcher signed a deal with Elektra.",1,14,== Solo recording and The Beach Boys ==
http://dbpedia.org/ontology/Species,http://dbpedia.org/resource/Jac_Holzman,Jac Holzman,135,64,1.0,0.0,"In 1971, at the insistence of Elektra Records founder-president Jac Holzman, who was a huge fan of Begin, Boettcher signed a deal with Elektra.",1,14,== Solo recording and The Beach Boys ==
http://www.ontologydesignpatterns.org/ont/dul/DUL.owl#NaturalPerson,http://dbpedia.org/resource/Jac_Holzman,Jac Holzman,135,64,1.0,0.0,"In 1971, at the insistence of Elektra Records founder-president Jac Holzman, who was a huge fan of Begin, Boettcher signed a deal with Elektra.",1,14,== Solo recording and The Beach Boys ==
http://www.wikidata.org/entity/Q19088,http://dbpedia.org/resource/Jac_Holzman,Jac Holzman,135,64,1.0,0.0,"In 1971, at the insistence of Elektra Records founder-president Jac Holzman, who was a huge fan of Begin, Boettcher signed a deal with Elektra.",1,14,== Solo recording and The Beach Boys ==
http://www.wikidata.org/entity/Q215627,http://dbpedia.org/resource/Jac_Holzman,Jac Holzman,135,64,1.0,0.0,"In 1971, at the insistence of Elektra Records founder-president Jac Holzman, who was a huge fan of Begin, Boettcher signed a deal with Elektra.",1,14,== Solo recording and The Beach Boys ==
http://www.wikidata.org/entity/Q5,http://dbpedia.org/resource/Jac_Holzman,Jac Holzman,135,64,1.0,0.0,"In 1971, at the insistence of Elektra Records founder-president Jac Holzman, who was a huge fan of Begin, Boettcher signed a deal with Elektra.",1,14,== Solo recording and The Beach Boys ==
http://www.wikidata.org/entity/Q729,http://dbpedia.org/resource/Jac_Holzman,Jac Holzman,135,64,1.0,0.0,"In 1971, at the insistence of Elektra Records founder-president Jac Holzman, who was a huge fan of Begin, Boettcher signed a deal with Elektra.",1,14,== Solo recording and The Beach Boys ==
http://www.wikidata.org/entity/Q82955,http://dbpedia.org/resource/Jac_Holzman,Jac Holzman,135,64,1.0,0.0,"In 1971, at the insistence of Elektra Records founder-president Jac Holzman, who was a huge fan of Begin, Boettcher signed a deal with Elektra.",1,14,== Solo recording and The Beach Boys ==
http://dbpedia.org/ontology/Politician,http://dbpedia.org/resource/Jac_Holzman,Jac Holzman,135,64,1.0,0.0,"In 1971, at the insistence of Elektra Records founder-president Jac Holzman, who was a huge fan of Begin, Boettcher signed a deal with Elektra.",1,14,== Solo recording and The Beach Boys ==
http://dbpedia.org/class/yago/YagoLegalActor,http://dbpedia.org/resource/Jac_Holzman,Jac Holzman,135,64,1.0,0.0,"In 1971, at the insistence of Elektra Records founder-president Jac Holzman, who was a huge fan of Begin, Boettcher signed a deal with Elektra.",1,14,== Solo recording and The Beach Boys ==
http://dbpedia.org/class/yago/YagoLegalActorGeo,http://dbpedia.org/resource/Jac_Holzman,Jac Holzman,135,64,1.0,0.0,"In 1971, at the insistence of Elektra Records founder-president Jac Holzman, who was a huge fan of Begin, Boettcher signed a deal with Elektra.",1,14,== Solo recording and The Beach Boys ==
http://dbpedia.org/class/yago/WikicatLivingPeople,http://dbpedia.org/resource/Jac_Holzman,Jac Holzman,135,64,1.0,0.0,"In 1971, at the insistence of Elektra Records founder-president Jac Holzman, who was a huge fan of Begin, Boettcher signed a deal with Elektra.",1,14,== Solo recording and The Beach Boys ==
http://dbpedia.org/class/yago/Administrator109770949,http://dbpedia.org/resource/Jac_Holzman,Jac Holzman,135,64,1.0,0.0,"In 1971, at the insistence of Elektra Records founder-president Jac Holzman, who was a huge fan of Begin, Boettcher signed a deal with Elektra.",1,14,== Solo recording and The Beach Boys ==
http://dbpedia.org/class/yago/Alumnus109786338,http://dbpedia.org/resource/Jac_Holzman,Jac Holzman,135,64,1.0,0.0,"In 1971, at the insistence of Elektra Records founder-president Jac Holzman, who was a huge fan of Begin, Boettcher signed a deal with Elektra.",1,14,== Solo recording and The Beach Boys ==
http://dbpedia.org/class/yago/CausalAgent100007347,http://dbpedia.org/resource/Jac_Holzman,Jac Holzman,135,64,1.0,0.0,"In 1971, at the insistence of Elektra Records founder-president Jac Holzman, who was a huge fan of Begin, Boettcher signed a deal with Elektra.",1,14,== Solo recording and The Beach Boys ==
http://dbpedia.org/class/yago/Creator109614315,http://dbpedia.org/resource/Jac_Holzman,Jac Holzman,135,64,1.0,0.0,"In 1971, at the insistence of Elektra Records founder-president Jac Holzman, who was a huge fan of Begin, Boettcher signed a deal with Elektra.",1,14,== Solo recording and The Beach Boys ==
http://dbpedia.org/class/yago/Executive110069645,http://dbpedia.org/resource/Jac_Holzman,Jac Holzman,135,64,1.0,0.0,"In 1971, at the insistence of Elektra Records founder-president Jac Holzman, who was a huge fan of Begin, Boettcher signed a deal with Elektra.",1,14,== Solo recording and The Beach Boys ==
http://dbpedia.org/class/yago/Head110162991,http://dbpedia.org/resource/Jac_Holzman,Jac Holzman,135,64,1.0,0.0,"In 1971, at the insistence of Elektra Records founder-president Jac Holzman, who was a huge fan of Begin, Boettcher signed a deal with Elektra.",1,14,== Solo recording and The Beach Boys ==
http://dbpedia.org/class/yago/Intellectual109621545,http://dbpedia.org/resource/Jac_Holzman,Jac Holzman,135,64,1.0,0.0,"In 1971, at the insistence of Elektra Records founder-president Jac Holzman, who was a huge fan of Begin, Boettcher signed a deal with Elektra.",1,14,== Solo recording and The Beach Boys ==
http://dbpedia.org/class/yago/Leader109623038,http://dbpedia.org/resource/Jac_Holzman,Jac Holzman,135,64,1.0,0.0,"In 1971, at the insistence of Elektra Records founder-president Jac Holzman, who was a huge fan of Begin, Boettcher signed a deal with Elektra.",1,14,== Solo recording and The Beach Boys ==
http://dbpedia.org/class/yago/LivingThing100004258,http://dbpedia.org/resource/Jac_Holzman,Jac Holzman,135,64,1.0,0.0,"In 1971, at the insistence of Elektra Records founder-president Jac Holzman, who was a huge fan of Begin, Boettcher signed a deal with Elektra.",1,14,== Solo recording and The Beach Boys ==
http://dbpedia.org/class/yago/Maker110284064,http://dbpedia.org/resource/Jac_Holzman,Jac Holzman,135,64,1.0,0.0,"In 1971, at the insistence of Elektra Records founder-president Jac Holzman, who was a huge fan of Begin, Boettcher signed a deal with Elektra.",1,14,== Solo recording and The Beach Boys ==
http://dbpedia.org/class/yago/Manufacturer110292316,http://dbpedia.org/resource/Jac_Holzman,Jac Holzman,135,64,1.0,0.0,"In 1971, at the insistence of Elektra Records founder-president Jac Holzman, who was a huge fan of Begin, Boettcher signed a deal with Elektra.",1,14,== Solo recording and The Beach Boys ==
http://dbpedia.org/class/yago/Object100002684,http://dbpedia.org/resource/Jac_Holzman,Jac Holzman,135,64,1.0,0.0,"In 1971, at the insistence of Elektra Records founder-president Jac Holzman, who was a huge fan of Begin, Boettcher signed a deal with Elektra.",1,14,== Solo recording and The Beach Boys ==
http://dbpedia.org/class/yago/Organism100004475,http://dbpedia.org/resource/Jac_Holzman,Jac Holzman,135,64,1.0,0.0,"In 1971, at the insistence of Elektra Records founder-president Jac Holzman, who was a huge fan of Begin, Boettcher signed a deal with Elektra.",1,14,== Solo recording and The Beach Boys ==
http://dbpedia.org/class/yago/Person100007846,http://dbpedia.org/resource/Jac_Holzman,Jac Holzman,135,64,1.0,0.0,"In 1971, at the insistence of Elektra Records founder-president Jac Holzman, who was a huge fan of Begin, Boettcher signed a deal with Elektra.",1,14,== Solo recording and The Beach Boys ==
http://dbpedia.org/class/yago/PhysicalEntity100001930,http://dbpedia.org/resource/Jac_Holzman,Jac Holzman,135,64,1.0,0.0,"In 1971, at the insistence of Elektra Records founder-president Jac Holzman, who was a huge fan of Begin, Boettcher signed a deal with Elektra.",1,14,== Solo recording and The Beach Boys ==
http://dbpedia.org/class/yago/Scholar110557854,http://dbpedia.org/resource/Jac_Holzman,Jac Holzman,135,64,1.0,0.0,"In 1971, at the insistence of Elektra Records founder-president Jac Holzman, who was a huge fan of Begin, Boettcher signed a deal with Elektra.",1,14,== Solo recording and The Beach Boys ==
http://dbpedia.org/class/yago/Whole100003553,http://dbpedia.org/resource/Jac_Holzman,Jac Holzman,135,64,1.0,0.0,"In 1971, at the insistence of Elektra Records founder-president Jac Holzman, who was a huge fan of Begin, Boettcher signed a deal with Elektra.",1,14,== Solo recording and The Beach Boys ==
http://dbpedia.org/class/yago/WikicatSt.John'sCollege(Annapolis/SantaFe)Alumni,http://dbpedia.org/resource/Jac_Holzman,Jac Holzman,135,64,1.0,0.0,"In 1971, at the insistence of Elektra Records founder-president Jac Holzman, who was a huge fan of Begin, Boettcher signed a deal with Elektra.",1,14,== Solo recording and The Beach Boys ==
http://dbpedia.org/ontology/MusicalArtist,http://dbpedia.org/resource/Multi-instrumentalist,multi-instrumentalist,679,51,0.999999715484433,2.845128737096644e-07,"The project got a boost when Boettcher met a young multi-instrumentalist named Web Burrell; taking a cue from the early one-man albums by Rhodes, Boettcher decided to record the album in a similar fashion, using few musicians other than Burrell.",3,14,== Solo recording and The Beach Boys ==
http://dbpedia.org/ontology/PersonFunction,http://dbpedia.org/resource/Multi-instrumentalist,multi-instrumentalist,679,51,0.999999715484433,2.845128737096644e-07,"The project got a boost when Boettcher met a young multi-instrumentalist named Web Burrell; taking a cue from the early one-man albums by Rhodes, Boettcher decided to record the album in a similar fashion, using few musicians other than Burrell.",3,14,== Solo recording and The Beach Boys ==
http://dbpedia.org/class/yago/YagoLegalActor,http://dbpedia.org/resource/Multi-instrumentalist,multi-instrumentalist,679,51,0.999999715484433,2.845128737096644e-07,"The project got a boost when Boettcher met a young multi-instrumentalist named Web Burrell; taking a cue from the early one-man albums by Rhodes, Boettcher decided to record the album in a similar fashion, using few musicians other than Burrell.",3,14,== Solo recording and The Beach Boys ==
http://dbpedia.org/class/yago/YagoLegalActorGeo,http://dbpedia.org/resource/Multi-instrumentalist,multi-instrumentalist,679,51,0.999999715484433,2.845128737096644e-07,"The project got a boost when Boettcher met a young multi-instrumentalist named Web Burrell; taking a cue from the early one-man albums by Rhodes, Boettcher decided to record the album in a similar fashion, using few musicians other than Burrell.",3,14,== Solo recording and The Beach Boys ==
http://dbpedia.org/class/yago/WikicatMusicians,http://dbpedia.org/resource/Multi-instrumentalist,multi-instrumentalist,679,51,0.999999715484433,2.845128737096644e-07,"The project got a boost when Boettcher met a young multi-instrumentalist named Web Burrell; taking a cue from the early one-man albums by Rhodes, Boettcher decided to record the album in a similar fashion, using few musicians other than Burrell.",3,14,== Solo recording and The Beach Boys ==
http://dbpedia.org/class/yago/WikicatMusiciansByInstrument,http://dbpedia.org/resource/Multi-instrumentalist,multi-instrumentalist,679,51,0.999999715484433,2.845128737096644e-07,"The project got a boost when Boettcher met a young multi-instrumentalist named Web Burrell; taking a cue from the early one-man albums by Rhodes, Boettcher decided to record the album in a similar fashion, using few musicians other than Burrell.",3,14,== Solo recording and The Beach Boys ==
http://dbpedia.org/class/yago/Artist109812338,http://dbpedia.org/resource/Multi-instrumentalist,multi-instrumentalist,679,51,0.999999715484433,2.845128737096644e-07,"The project got a boost when Boettcher met a young multi-instrumentalist named Web Burrell; taking a cue from the early one-man albums by Rhodes, Boettcher decided to record the album in a similar fashion, using few musicians other than Burrell.",3,14,== Solo recording and The Beach Boys ==
http://dbpedia.org/class/yago/CausalAgent100007347,http://dbpedia.org/resource/Multi-instrumentalist,multi-instrumentalist,679,51,0.999999715484433,2.845128737096644e-07,"The project got a boost when Boettcher met a young multi-instrumentalist named Web Burrell; taking a cue from the early one-man albums by Rhodes, Boettcher decided to record the album in a similar fashion, using few musicians other than Burrell.",3,14,== Solo recording and The Beach Boys ==
http://dbpedia.org/class/yago/Creator109614315,http://dbpedia.org/resource/Multi-instrumentalist,multi-instrumentalist,679,51,0.999999715484433,2.845128737096644e-07,"The project got a boost when Boettcher met a young multi-instrumentalist named Web Burrell; taking a cue from the early one-man albums by Rhodes, Boettcher decided to record the album in a similar fashion, using few musicians other than Burrell.",3,14,== Solo recording and The Beach Boys ==
http://dbpedia.org/class/yago/LivingThing100004258,http://dbpedia.org/resource/Multi-instrumentalist,multi-instrumentalist,679,51,0.999999715484433,2.845128737096644e-07,"The project got a boost when Boettcher met a young multi-instrumentalist named Web Burrell; taking a cue from the early one-man albums by Rhodes, Boettcher decided to record the album in a similar fashion, using few musicians other than Burrell.",3,14,== Solo recording and The Beach Boys ==
http://dbpedia.org/class/yago/Musician110339966,http://dbpedia.org/resource/Multi-instrumentalist,multi-instrumentalist,679,51,0.999999715484433,2.845128737096644e-07,"The project got a boost when Boettcher met a young multi-instrumentalist named Web Burrell; taking a cue from the early one-man albums by Rhodes, Boettcher decided to record the album in a similar fashion, using few musicians other than Burrell.",3,14,== Solo recording and The Beach Boys ==
http://dbpedia.org/class/yago/Object100002684,http://dbpedia.org/resource/Multi-instrumentalist,multi-instrumentalist,679,51,0.999999715484433,2.845128737096644e-07,"The project got a boost when Boettcher met a young multi-instrumentalist named Web Burrell; taking a cue from the early one-man albums by Rhodes, Boettcher decided to record the album in a similar fashion, using few musicians other than Burrell.",3,14,== Solo recording and The Beach Boys ==
http://dbpedia.org/class/yago/Organism100004475,http://dbpedia.org/resource/Multi-instrumentalist,multi-instrumentalist,679,51,0.999999715484433,2.845128737096644e-07,"The project got a boost when Boettcher met a young multi-instrumentalist named Web Burrell; taking a cue from the early one-man albums by Rhodes, Boettcher decided to record the album in a similar fashion, using few musicians other than Burrell.",3,14,== Solo recording and The Beach Boys ==
http://dbpedia.org/class/yago/Person100007846,http://dbpedia.org/resource/Multi-instrumentalist,multi-instrumentalist,679,51,0.999999715484433,2.845128737096644e-07,"The project got a boost when Boettcher met a young multi-instrumentalist named Web Burrell; taking a cue from the early one-man albums by Rhodes, Boettcher decided to record the album in a similar fashion, using few musicians other than Burrell.",3,14,== Solo recording and The Beach Boys ==
http://dbpedia.org/class/yago/PhysicalEntity100001930,http://dbpedia.org/resource/Multi-instrumentalist,multi-instrumentalist,679,51,0.999999715484433,2.845128737096644e-07,"The project got a boost when Boettcher met a young multi-instrumentalist named Web Burrell; taking a cue from the early one-man albums by Rhodes, Boettcher decided to record the album in a similar fashion, using few musicians other than Burrell.",3,14,== Solo recording and The Beach Boys ==
http://dbpedia.org/class/yago/Whole100003553,http://dbpedia.org/resource/Multi-instrumentalist,multi-instrumentalist,679,51,0.999999715484433,2.845128737096644e-07,"The project got a boost when Boettcher met a young multi-instrumentalist named Web Burrell; taking a cue from the early one-man albums by Rhodes, Boettcher decided to record the album in a similar fashion, using few musicians other than Burrell.",3,14,== Solo recording and The Beach Boys ==
http://www.w3.org/2002/07/owl#Thing,http://dbpedia.org/resource/Millennium,Millennium,1191,48,0.8741823797798393,0.0952925416724117,"It was a continuation of the direction that the Millennium had taken with their unreleased post-Begin recordings, being a collection of songs with country, sunshine pop, arena rock, and folk stylings.",6,14,== Solo recording and The Beach Boys ==
http://dbpedia.org/ontology/Country,http://dbpedia.org/resource/Millennium,Millennium,1191,48,0.8741823797798393,0.0952925416724117,"It was a continuation of the direction that the Millennium had taken with their unreleased post-Begin recordings, being a collection of songs with country, sunshine pop, arena rock, and folk stylings.",6,14,== Solo recording and The Beach Boys ==
http://dbpedia.org/class/yago/WikicatIdioms,http://dbpedia.org/resource/Henny_Penny,Chicken Little,70,61,0.9873990217326404,0.0120749997708515,"He attempted to record a follow-up album, tentatively titled Chicken Little Was Right, but it was never completed.",8,14,== Solo recording and The Beach Boys ==
http://dbpedia.org/class/yago/WikicatJatakaTales,http://dbpedia.org/resource/Henny_Penny,Chicken Little,70,61,0.9873990217326404,0.0120749997708515,"He attempted to record a follow-up album, tentatively titled Chicken Little Was Right, but it was never completed.",8,14,== Solo recording and The Beach Boys ==
http://dbpedia.org/ontology/WrittenWork,http://dbpedia.org/resource/Henny_Penny,Chicken Little,70,61,0.9873990217326404,0.0120749997708515,"He attempted to record a follow-up album, tentatively titled Chicken Little Was Right, but it was never completed.",8,14,== Solo recording and The Beach Boys ==
http://dbpedia.org/class/yago/Abstraction100002137,http://dbpedia.org/resource/Henny_Penny,Chicken Little,70,61,0.9873990217326404,0.0120749997708515,"He attempted to record a follow-up album, tentatively titled Chicken Little Was Right, but it was never completed.",8,14,== Solo recording and The Beach Boys ==
http://dbpedia.org/class/yago/Communication100033020,http://dbpedia.org/resource/Henny_Penny,Chicken Little,70,61,0.9873990217326404,0.0120749997708515,"He attempted to record a follow-up album, tentatively titled Chicken Little Was Right, but it was never completed.",8,14,== Solo recording and The Beach Boys ==
http://dbpedia.org/class/yago/ExpressiveStyle107066659,http://dbpedia.org/resource/Henny_Penny,Chicken Little,70,61,0.9873990217326404,0.0120749997708515,"He attempted to record a follow-up album, tentatively titled Chicken Little Was Right, but it was never completed.",8,14,== Solo recording and The Beach Boys ==
http://dbpedia.org/class/yago/Fairytale107222581,http://dbpedia.org/resource/Henny_Penny,Chicken Little,70,61,0.9873990217326404,0.0120749997708515,"He attempted to record a follow-up album, tentatively titled Chicken Little Was Right, but it was never completed.",8,14,== Solo recording and The Beach Boys ==
http://dbpedia.org/class/yago/Formulation107069948,http://dbpedia.org/resource/Henny_Penny,Chicken Little,70,61,0.9873990217326404,0.0120749997708515,"He attempted to record a follow-up album, tentatively titled Chicken Little Was Right, but it was never completed.",8,14,== Solo recording and The Beach Boys ==
http://dbpedia.org/class/yago/Message106598915,http://dbpedia.org/resource/Henny_Penny,Chicken Little,70,61,0.9873990217326404,0.0120749997708515,"He attempted to record a follow-up album, tentatively titled Chicken Little Was Right, but it was never completed.",8,14,== Solo recording and The Beach Boys ==
http://dbpedia.org/class/yago/Narrative107221094,http://dbpedia.org/resource/Henny_Penny,Chicken Little,70,61,0.9873990217326404,0.0120749997708515,"He attempted to record a follow-up album, tentatively titled Chicken Little Was Right, but it was never completed.",8,14,== Solo recording and The Beach Boys ==
http://dbpedia.org/class/yago/Parlance107081177,http://dbpedia.org/resource/Henny_Penny,Chicken Little,70,61,0.9873990217326404,0.0120749997708515,"He attempted to record a follow-up album, tentatively titled Chicken Little Was Right, but it was never completed.",8,14,== Solo recording and The Beach Boys ==
http://dbpedia.org/class/yago/WikicatFairyTales,http://dbpedia.org/resource/Henny_Penny,Chicken Little,70,61,0.9873990217326404,0.0120749997708515,"He attempted to record a follow-up album, tentatively titled Chicken Little Was Right, but it was never completed.",8,14,== Solo recording and The Beach Boys ==
http://dbpedia.org/ontology/MusicalArtist,http://dbpedia.org/resource/Backing_vocalist,backing vocals,22586,33,0.999952339796773,4.345208971941336e-05,"In the mid-1970s, Boettcher sang backing vocals on a number of Elton John recordings, including ""Don't Go Breaking My Heart"", a duet John recorded with Kiki Dee.",0,15,== Solo recording and The Beach Boys ==
http://dbpedia.org/ontology/PersonFunction,http://dbpedia.org/resource/Backing_vocalist,backing vocals,22586,33,0.999952339796773,4.345208971941336e-05,"In the mid-1970s, Boettcher sang backing vocals on a number of Elton John recordings, including ""Don't Go Breaking My Heart"", a duet John recorded with Kiki Dee.",0,15,== Solo recording and The Beach Boys ==
http://dbpedia.org/class/yago/YagoPermanentlyLocatedEntity,http://dbpedia.org/resource/Backing_vocalist,backing vocals,22586,33,0.999952339796773,4.345208971941336e-05,"In the mid-1970s, Boettcher sang backing vocals on a number of Elton John recordings, including ""Don't Go Breaking My Heart"", a duet John recorded with Kiki Dee.",0,15,== Solo recording and The Beach Boys ==
http://dbpedia.org/class/yago/Abstraction100002137,http://dbpedia.org/resource/Backing_vocalist,backing vocals,22586,33,0.999952339796773,4.345208971941336e-05,"In the mid-1970s, Boettcher sang backing vocals on a number of Elton John recordings, including ""Don't Go Breaking My Heart"", a duet John recorded with Kiki Dee.",0,15,== Solo recording and The Beach Boys ==
http://dbpedia.org/class/yago/Act100030358,http://dbpedia.org/resource/Backing_vocalist,backing vocals,22586,33,0.999952339796773,4.345208971941336e-05,"In the mid-1970s, Boettcher sang backing vocals on a number of Elton John recordings, including ""Don't Go Breaking My Heart"", a duet John recorded with Kiki Dee.",0,15,== Solo recording and The Beach Boys ==
http://dbpedia.org/class/yago/Activity100407535,http://dbpedia.org/resource/Backing_vocalist,backing vocals,22586,33,0.999952339796773,4.345208971941336e-05,"In the mid-1970s, Boettcher sang backing vocals on a number of Elton John recordings, including ""Don't Go Breaking My Heart"", a duet John recorded with Kiki Dee.",0,15,== Solo recording and The Beach Boys ==
http://dbpedia.org/class/yago/Event100029378,http://dbpedia.org/resource/Backing_vocalist,backing vocals,22586,33,0.999952339796773,4.345208971941336e-05,"In the mid-1970s, Boettcher sang backing vocals on a number of Elton John recordings, including ""Don't Go Breaking My Heart"", a duet John recorded with Kiki Dee.",0,15,== Solo recording and The Beach Boys ==
http://dbpedia.org/class/yago/Occupation100582388,http://dbpedia.org/resource/Backing_vocalist,backing vocals,22586,33,0.999952339796773,4.345208971941336e-05,"In the mid-1970s, Boettcher sang backing vocals on a number of Elton John recordings, including ""Don't Go Breaking My Heart"", a duet John recorded with Kiki Dee.",0,15,== Solo recording and The Beach Boys ==
http://dbpedia.org/class/yago/PsychologicalFeature100023100,http://dbpedia.org/resource/Backing_vocalist,backing vocals,22586,33,0.999952339796773,4.345208971941336e-05,"In the mid-1970s, Boettcher sang backing vocals on a number of Elton John recordings, including ""Don't Go Breaking My Heart"", a duet John recorded with Kiki Dee.",0,15,== Solo recording and The Beach Boys ==
http://dbpedia.org/class/yago/WikicatOccupationsInMusic,http://dbpedia.org/resource/Backing_vocalist,backing vocals,22586,33,0.999952339796773,4.345208971941336e-05,"In the mid-1970s, Boettcher sang backing vocals on a number of Elton John recordings, including ""Don't Go Breaking My Heart"", a duet John recorded with Kiki Dee.",0,15,== Solo recording and The Beach Boys ==
http://dbpedia.org/ontology/MusicalArtist,http://dbpedia.org/resource/Backing_vocalist,backing vocals,22586,20,0.9978377469565536,0.0021612292822958,"He also contributed backing vocals to recordings by Tanya Tucker, Helen Reddy, Eric Carmen and Dennis Wilson.",1,15,== Solo recording and The Beach Boys ==
http://dbpedia.org/ontology/PersonFunction,http://dbpedia.org/resource/Backing_vocalist,backing vocals,22586,20,0.9978377469565536,0.0021612292822958,"He also contributed backing vocals to recordings by Tanya Tucker, Helen Reddy, Eric Carmen and Dennis Wilson.",1,15,== Solo recording and The Beach Boys ==
http://dbpedia.org/class/yago/YagoPermanentlyLocatedEntity,http://dbpedia.org/resource/Backing_vocalist,backing vocals,22586,20,0.9978377469565536,0.0021612292822958,"He also contributed backing vocals to recordings by Tanya Tucker, Helen Reddy, Eric Carmen and Dennis Wilson.",1,15,== Solo recording and The Beach Boys ==
http://dbpedia.org/class/yago/Abstraction100002137,http://dbpedia.org/resource/Backing_vocalist,backing vocals,22586,20,0.9978377469565536,0.0021612292822958,"He also contributed backing vocals to recordings by Tanya Tucker, Helen Reddy, Eric Carmen and Dennis Wilson.",1,15,== Solo recording and The Beach Boys ==
http://dbpedia.org/class/yago/Act100030358,http://dbpedia.org/resource/Backing_vocalist,backing vocals,22586,20,0.9978377469565536,0.0021612292822958,"He also contributed backing vocals to recordings by Tanya Tucker, Helen Reddy, Eric Carmen and Dennis Wilson.",1,15,== Solo recording and The Beach Boys ==
http://dbpedia.org/class/yago/Activity100407535,http://dbpedia.org/resource/Backing_vocalist,backing vocals,22586,20,0.9978377469565536,0.0021612292822958,"He also contributed backing vocals to recordings by Tanya Tucker, Helen Reddy, Eric Carmen and Dennis Wilson.",1,15,== Solo recording and The Beach Boys ==
http://dbpedia.org/class/yago/Event100029378,http://dbpedia.org/resource/Backing_vocalist,backing vocals,22586,20,0.9978377469565536,0.0021612292822958,"He also contributed backing vocals to recordings by Tanya Tucker, Helen Reddy, Eric Carmen and Dennis Wilson.",1,15,== Solo recording and The Beach Boys ==
http://dbpedia.org/class/yago/Occupation100582388,http://dbpedia.org/resource/Backing_vocalist,backing vocals,22586,20,0.9978377469565536,0.0021612292822958,"He also contributed backing vocals to recordings by Tanya Tucker, Helen Reddy, Eric Carmen and Dennis Wilson.",1,15,== Solo recording and The Beach Boys ==
http://dbpedia.org/class/yago/PsychologicalFeature100023100,http://dbpedia.org/resource/Backing_vocalist,backing vocals,22586,20,0.9978377469565536,0.0021612292822958,"He also contributed backing vocals to recordings by Tanya Tucker, Helen Reddy, Eric Carmen and Dennis Wilson.",1,15,== Solo recording and The Beach Boys ==
http://dbpedia.org/class/yago/WikicatOccupationsInMusic,http://dbpedia.org/resource/Backing_vocalist,backing vocals,22586,20,0.9978377469565536,0.0021612292822958,"He also contributed backing vocals to recordings by Tanya Tucker, Helen Reddy, Eric Carmen and Dennis Wilson.",1,15,== Solo recording and The Beach Boys ==
http://dbpedia.org/ontology/PersonFunction,http://dbpedia.org/resource/Record_producer,producer,39381,41,0.9867839168981462,0.0093226108626302,"Thereafter, his output as a musician and producer was limited and sporadic.",0,16,== Solo recording and The Beach Boys ==
http://dbpedia.org/class/yago/YagoPermanentlyLocatedEntity,http://dbpedia.org/resource/Record_producer,producer,39381,41,0.9867839168981462,0.0093226108626302,"Thereafter, his output as a musician and producer was limited and sporadic.",0,16,== Solo recording and The Beach Boys ==
http://dbpedia.org/class/yago/Abstraction100002137,http://dbpedia.org/resource/Record_producer,producer,39381,41,0.9867839168981462,0.0093226108626302,"Thereafter, his output as a musician and producer was limited and sporadic.",0,16,== Solo recording and The Beach Boys ==
http://dbpedia.org/class/yago/Act100030358,http://dbpedia.org/resource/Record_producer,producer,39381,41,0.9867839168981462,0.0093226108626302,"Thereafter, his output as a musician and producer was limited and sporadic.",0,16,== Solo recording and The Beach Boys ==
http://dbpedia.org/class/yago/Activity100407535,http://dbpedia.org/resource/Record_producer,producer,39381,41,0.9867839168981462,0.0093226108626302,"Thereafter, his output as a musician and producer was limited and sporadic.",0,16,== Solo recording and The Beach Boys ==
http://dbpedia.org/class/yago/Event100029378,http://dbpedia.org/resource/Record_producer,producer,39381,41,0.9867839168981462,0.0093226108626302,"Thereafter, his output as a musician and producer was limited and sporadic.",0,16,== Solo recording and The Beach Boys ==
http://dbpedia.org/class/yago/Occupation100582388,http://dbpedia.org/resource/Record_producer,producer,39381,41,0.9867839168981462,0.0093226108626302,"Thereafter, his output as a musician and producer was limited and sporadic.",0,16,== Solo recording and The Beach Boys ==
http://dbpedia.org/class/yago/PsychologicalFeature100023100,http://dbpedia.org/resource/Record_producer,producer,39381,41,0.9867839168981462,0.0093226108626302,"Thereafter, his output as a musician and producer was limited and sporadic.",0,16,== Solo recording and The Beach Boys ==
http://dbpedia.org/class/yago/WikicatOccupations,http://dbpedia.org/resource/Record_producer,producer,39381,41,0.9867839168981462,0.0093226108626302,"Thereafter, his output as a musician and producer was limited and sporadic.",0,16,== Solo recording and The Beach Boys ==
http://dbpedia.org/class/yago/WikicatOccupationsInMusic,http://dbpedia.org/resource/Record_producer,producer,39381,41,0.9867839168981462,0.0093226108626302,"Thereafter, his output as a musician and producer was limited and sporadic.",0,16,== Solo recording and The Beach Boys ==
http://www.w3.org/2002/07/owl#Thing,http://dbpedia.org/resource/Disc_jockey,DJ,16103,58,0.9999305113601712,4.375119543026124e-05,"Beginning in 1975, he worked for several years as a disco DJ throughout southern California.",1,16,== Solo recording and The Beach Boys ==
http://dbpedia.org/ontology/Person,http://dbpedia.org/resource/Disc_jockey,DJ,16103,58,0.9999305113601712,4.375119543026124e-05,"Beginning in 1975, he worked for several years as a disco DJ throughout southern California.",1,16,== Solo recording and The Beach Boys ==
http://dbpedia.org/ontology/PersonFunction,http://dbpedia.org/resource/Disc_jockey,DJ,16103,58,0.9999305113601712,4.375119543026124e-05,"Beginning in 1975, he worked for several years as a disco DJ throughout southern California.",1,16,== Solo recording and The Beach Boys ==
http://www.w3.org/2002/07/owl#Thing,http://dbpedia.org/resource/Bootleg_recording,bootleg,1336,96,0.9970564055029014,0.0015542709933235,As Curt Becher he produced a version of Shortnin' Bread for The Beach Boys that emerged on some bootleg collections.,3,16,== Solo recording and The Beach Boys ==
http://dbpedia.org/class/yago/WikicatAlbums,http://dbpedia.org/resource/Bootleg_recording,bootleg,1336,96,0.9970564055029014,0.0015542709933235,As Curt Becher he produced a version of Shortnin' Bread for The Beach Boys that emerged on some bootleg collections.,3,16,== Solo recording and The Beach Boys ==
http://dbpedia.org/ontology/MusicGenre,http://dbpedia.org/resource/Bootleg_recording,bootleg,1336,96,0.9970564055029014,0.0015542709933235,As Curt Becher he produced a version of Shortnin' Bread for The Beach Boys that emerged on some bootleg collections.,3,16,== Solo recording and The Beach Boys ==
http://dbpedia.org/ontology/Work,http://dbpedia.org/resource/Bootleg_recording,bootleg,1336,96,0.9970564055029014,0.0015542709933235,As Curt Becher he produced a version of Shortnin' Bread for The Beach Boys that emerged on some bootleg collections.,3,16,== Solo recording and The Beach Boys ==
http://dbpedia.org/class/yago/WikicatPublications,http://dbpedia.org/resource/Bootleg_recording,bootleg,1336,96,0.9970564055029014,0.0015542709933235,As Curt Becher he produced a version of Shortnin' Bread for The Beach Boys that emerged on some bootleg collections.,3,16,== Solo recording and The Beach Boys ==
http://dbpedia.org/class/yago/Work104599396,http://dbpedia.org/resource/Bootleg_recording,bootleg,1336,96,0.9970564055029014,0.0015542709933235,As Curt Becher he produced a version of Shortnin' Bread for The Beach Boys that emerged on some bootleg collections.,3,16,== Solo recording and The Beach Boys ==
http://dbpedia.org/class/yago/Album106591815,http://dbpedia.org/resource/Bootleg_recording,bootleg,1336,96,0.9970564055029014,0.0015542709933235,As Curt Becher he produced a version of Shortnin' Bread for The Beach Boys that emerged on some bootleg collections.,3,16,== Solo recording and The Beach Boys ==
http://dbpedia.org/class/yago/Artifact100021939,http://dbpedia.org/resource/Bootleg_recording,bootleg,1336,96,0.9970564055029014,0.0015542709933235,As Curt Becher he produced a version of Shortnin' Bread for The Beach Boys that emerged on some bootleg collections.,3,16,== Solo recording and The Beach Boys ==
http://dbpedia.org/class/yago/Creation103129123,http://dbpedia.org/resource/Bootleg_recording,bootleg,1336,96,0.9970564055029014,0.0015542709933235,As Curt Becher he produced a version of Shortnin' Bread for The Beach Boys that emerged on some bootleg collections.,3,16,== Solo recording and The Beach Boys ==
http://dbpedia.org/class/yago/Instrumentality103575240,http://dbpedia.org/resource/Bootleg_recording,bootleg,1336,96,0.9970564055029014,0.0015542709933235,As Curt Becher he produced a version of Shortnin' Bread for The Beach Boys that emerged on some bootleg collections.,3,16,== Solo recording and The Beach Boys ==
http://dbpedia.org/class/yago/Medium106254669,http://dbpedia.org/resource/Bootleg_recording,bootleg,1336,96,0.9970564055029014,0.0015542709933235,As Curt Becher he produced a version of Shortnin' Bread for The Beach Boys that emerged on some bootleg collections.,3,16,== Solo recording and The Beach Boys ==
http://dbpedia.org/class/yago/Object100002684,http://dbpedia.org/resource/Bootleg_recording,bootleg,1336,96,0.9970564055029014,0.0015542709933235,As Curt Becher he produced a version of Shortnin' Bread for The Beach Boys that emerged on some bootleg collections.,3,16,== Solo recording and The Beach Boys ==
http://dbpedia.org/class/yago/PhysicalEntity100001930,http://dbpedia.org/resource/Bootleg_recording,bootleg,1336,96,0.9970564055029014,0.0015542709933235,As Curt Becher he produced a version of Shortnin' Bread for The Beach Boys that emerged on some bootleg collections.,3,16,== Solo recording and The Beach Boys ==
http://dbpedia.org/class/yago/Product104007894,http://dbpedia.org/resource/Bootleg_recording,bootleg,1336,96,0.9970564055029014,0.0015542709933235,As Curt Becher he produced a version of Shortnin' Bread for The Beach Boys that emerged on some bootleg collections.,3,16,== Solo recording and The Beach Boys ==
http://dbpedia.org/class/yago/Publication106589574,http://dbpedia.org/resource/Bootleg_recording,bootleg,1336,96,0.9970564055029014,0.0015542709933235,As Curt Becher he produced a version of Shortnin' Bread for The Beach Boys that emerged on some bootleg collections.,3,16,== Solo recording and The Beach Boys ==
http://dbpedia.org/class/yago/Whole100003553,http://dbpedia.org/resource/Bootleg_recording,bootleg,1336,96,0.9970564055029014,0.0015542709933235,As Curt Becher he produced a version of Shortnin' Bread for The Beach Boys that emerged on some bootleg collections.,3,16,== Solo recording and The Beach Boys ==
http://www.w3.org/2002/07/owl#Thing,http://dbpedia.org/resource/Gay,gay,17124,67,0.9970336316204268,0.0027458792401993,"A 2013 New York Times Magazine article asserted that Boettcher was gay, and that he tested positive for HIV in the 1980s.",2,18,== Personal life and death ==
http://dbpedia.org/ontology/MusicGenre,http://dbpedia.org/resource/Gay,gay,17124,67,0.9970336316204268,0.0027458792401993,"A 2013 New York Times Magazine article asserted that Boettcher was gay, and that he tested positive for HIV in the 1980s.",2,18,== Personal life and death ==
http://www.w3.org/2002/07/owl#Thing,http://dbpedia.org/resource/HIV,HIV,19396,104,0.9999970508164044,2.330243871360046e-06,"A 2013 New York Times Magazine article asserted that Boettcher was gay, and that he tested positive for HIV in the 1980s.",2,18,== Personal life and death ==
http://dbpedia.org/class/yago/WikicatIARCGroup2BCarcinogens,http://dbpedia.org/resource/HIV,HIV,19396,104,0.9999970508164044,2.330243871360046e-06,"A 2013 New York Times Magazine article asserted that Boettcher was gay, and that he tested positive for HIV in the 1980s.",2,18,== Personal life and death ==
http://dbpedia.org/ontology/Disease,http://dbpedia.org/resource/HIV,HIV,19396,104,0.9999970508164044,2.330243871360046e-06,"A 2013 New York Times Magazine article asserted that Boettcher was gay, and that he tested positive for HIV in the 1980s.",2,18,== Personal life and death ==
http://dbpedia.org/class/yago/WikicatViruses,http://dbpedia.org/resource/HIV,HIV,19396,104,0.9999970508164044,2.330243871360046e-06,"A 2013 New York Times Magazine article asserted that Boettcher was gay, and that he tested positive for HIV in the 1980s.",2,18,== Personal life and death ==
http://umbel.org/umbel/rc/BiologicalLivingObject,http://dbpedia.org/resource/HIV,HIV,19396,104,0.9999970508164044,2.330243871360046e-06,"A 2013 New York Times Magazine article asserted that Boettcher was gay, and that he tested positive for HIV in the 1980s.",2,18,== Personal life and death ==
http://dbpedia.org/class/yago/WikicatRetroviruses,http://dbpedia.org/resource/HIV,HIV,19396,104,0.9999970508164044,2.330243871360046e-06,"A 2013 New York Times Magazine article asserted that Boettcher was gay, and that he tested positive for HIV in the 1980s.",2,18,== Personal life and death ==
http://dbpedia.org/class/yago/Agent109190918,http://dbpedia.org/resource/HIV,HIV,19396,104,0.9999970508164044,2.330243871360046e-06,"A 2013 New York Times Magazine article asserted that Boettcher was gay, and that he tested positive for HIV in the 1980s.",2,18,== Personal life and death ==
http://dbpedia.org/class/yago/AnimalVirus101335659,http://dbpedia.org/resource/HIV,HIV,19396,104,0.9999970508164044,2.330243871360046e-06,"A 2013 New York Times Magazine article asserted that Boettcher was gay, and that he tested positive for HIV in the 1980s.",2,18,== Personal life and death ==
http://dbpedia.org/class/yago/Carcinogen114793812,http://dbpedia.org/resource/HIV,HIV,19396,104,0.9999970508164044,2.330243871360046e-06,"A 2013 New York Times Magazine article asserted that Boettcher was gay, and that he tested positive for HIV in the 1980s.",2,18,== Personal life and death ==
http://dbpedia.org/class/yago/CausalAgent100007347,http://dbpedia.org/resource/HIV,HIV,19396,104,0.9999970508164044,2.330243871360046e-06,"A 2013 New York Times Magazine article asserted that Boettcher was gay, and that he tested positive for HIV in the 1980s.",2,18,== Personal life and death ==
http://dbpedia.org/class/yago/InfectiousAgent109312843,http://dbpedia.org/resource/HIV,HIV,19396,104,0.9999970508164044,2.330243871360046e-06,"A 2013 New York Times Magazine article asserted that Boettcher was gay, and that he tested positive for HIV in the 1980s.",2,18,== Personal life and death ==
http://dbpedia.org/class/yago/LivingThing100004258,http://dbpedia.org/resource/HIV,HIV,19396,104,0.9999970508164044,2.330243871360046e-06,"A 2013 New York Times Magazine article asserted that Boettcher was gay, and that he tested positive for HIV in the 1980s.",2,18,== Personal life and death ==
http://dbpedia.org/class/yago/Matter100020827,http://dbpedia.org/resource/HIV,HIV,19396,104,0.9999970508164044,2.330243871360046e-06,"A 2013 New York Times Magazine article asserted that Boettcher was gay, and that he tested positive for HIV in the 1980s.",2,18,== Personal life and death ==
http://dbpedia.org/class/yago/Microorganism101326291,http://dbpedia.org/resource/HIV,HIV,19396,104,0.9999970508164044,2.330243871360046e-06,"A 2013 New York Times Magazine article asserted that Boettcher was gay, and that he tested positive for HIV in the 1980s.",2,18,== Personal life and death ==
http://dbpedia.org/class/yago/Object100002684,http://dbpedia.org/resource/HIV,HIV,19396,104,0.9999970508164044,2.330243871360046e-06,"A 2013 New York Times Magazine article asserted that Boettcher was gay, and that he tested positive for HIV in the 1980s.",2,18,== Personal life and death ==
http://dbpedia.org/class/yago/Organism100004475,http://dbpedia.org/resource/HIV,HIV,19396,104,0.9999970508164044,2.330243871360046e-06,"A 2013 New York Times Magazine article asserted that Boettcher was gay, and that he tested positive for HIV in the 1980s.",2,18,== Personal life and death ==
http://dbpedia.org/class/yago/PhysicalEntity100001930,http://dbpedia.org/resource/HIV,HIV,19396,104,0.9999970508164044,2.330243871360046e-06,"A 2013 New York Times Magazine article asserted that Boettcher was gay, and that he tested positive for HIV in the 1980s.",2,18,== Personal life and death ==
http://dbpedia.org/class/yago/Retrovirus101336282,http://dbpedia.org/resource/HIV,HIV,19396,104,0.9999970508164044,2.330243871360046e-06,"A 2013 New York Times Magazine article asserted that Boettcher was gay, and that he tested positive for HIV in the 1980s.",2,18,== Personal life and death ==
http://dbpedia.org/class/yago/Substance100020090,http://dbpedia.org/resource/HIV,HIV,19396,104,0.9999970508164044,2.330243871360046e-06,"A 2013 New York Times Magazine article asserted that Boettcher was gay, and that he tested positive for HIV in the 1980s.",2,18,== Personal life and death ==
http://dbpedia.org/class/yago/Virus101328702,http://dbpedia.org/resource/HIV,HIV,19396,104,0.9999970508164044,2.330243871360046e-06,"A 2013 New York Times Magazine article asserted that Boettcher was gay, and that he tested positive for HIV in the 1980s.",2,18,== Personal life and death ==
http://dbpedia.org/class/yago/Whole100003553,http://dbpedia.org/resource/HIV,HIV,19396,104,0.9999970508164044,2.330243871360046e-06,"A 2013 New York Times Magazine article asserted that Boettcher was gay, and that he tested positive for HIV in the 1980s.",2,18,== Personal life and death ==
http://www.w3.org/2002/07/owl#Thing,http://dbpedia.org/resource/Biopsy,biopsy,1887,77,0.999707552875343,0.00023261457203320023,"His former wife claimed that a blood vessel was clipped in his lung during a biopsy, and the medical staff, fearful of his HIV-positive status, avoided Boettcher while he bled out.",4,18,== Personal life and death ==
http://dbpedia.org/ontology/Cricketer,http://dbpedia.org/resource/Biopsy,biopsy,1887,77,0.999707552875343,0.00023261457203320023,"His former wife claimed that a blood vessel was clipped in his lung during a biopsy, and the medical staff, fearful of his HIV-positive status, avoided Boettcher while he bled out.",4,18,== Personal life and death ==
http://www.w3.org/2002/07/owl#Thing,http://dbpedia.org/resource/HIV,HIV-positive,19396,123,0.998942675368057,0.0010583931771314,"His former wife claimed that a blood vessel was clipped in his lung during a biopsy, and the medical staff, fearful of his HIV-positive status, avoided Boettcher while he bled out.",4,18,== Personal life and death ==
http://dbpedia.org/class/yago/WikicatIARCGroup2BCarcinogens,http://dbpedia.org/resource/HIV,HIV-positive,19396,123,0.998942675368057,0.0010583931771314,"His former wife claimed that a blood vessel was clipped in his lung during a biopsy, and the medical staff, fearful of his HIV-positive status, avoided Boettcher while he bled out.",4,18,== Personal life and death ==
http://dbpedia.org/ontology/Disease,http://dbpedia.org/resource/HIV,HIV-positive,19396,123,0.998942675368057,0.0010583931771314,"His former wife claimed that a blood vessel was clipped in his lung during a biopsy, and the medical staff, fearful of his HIV-positive status, avoided Boettcher while he bled out.",4,18,== Personal life and death ==
http://dbpedia.org/class/yago/WikicatViruses,http://dbpedia.org/resource/HIV,HIV-positive,19396,123,0.998942675368057,0.0010583931771314,"His former wife claimed that a blood vessel was clipped in his lung during a biopsy, and the medical staff, fearful of his HIV-positive status, avoided Boettcher while he bled out.",4,18,== Personal life and death ==
http://umbel.org/umbel/rc/BiologicalLivingObject,http://dbpedia.org/resource/HIV,HIV-positive,19396,123,0.998942675368057,0.0010583931771314,"His former wife claimed that a blood vessel was clipped in his lung during a biopsy, and the medical staff, fearful of his HIV-positive status, avoided Boettcher while he bled out.",4,18,== Personal life and death ==
http://dbpedia.org/class/yago/WikicatRetroviruses,http://dbpedia.org/resource/HIV,HIV-positive,19396,123,0.998942675368057,0.0010583931771314,"His former wife claimed that a blood vessel was clipped in his lung during a biopsy, and the medical staff, fearful of his HIV-positive status, avoided Boettcher while he bled out.",4,18,== Personal life and death ==
http://dbpedia.org/class/yago/Agent109190918,http://dbpedia.org/resource/HIV,HIV-positive,19396,123,0.998942675368057,0.0010583931771314,"His former wife claimed that a blood vessel was clipped in his lung during a biopsy, and the medical staff, fearful of his HIV-positive status, avoided Boettcher while he bled out.",4,18,== Personal life and death ==
http://dbpedia.org/class/yago/AnimalVirus101335659,http://dbpedia.org/resource/HIV,HIV-positive,19396,123,0.998942675368057,0.0010583931771314,"His former wife claimed that a blood vessel was clipped in his lung during a biopsy, and the medical staff, fearful of his HIV-positive status, avoided Boettcher while he bled out.",4,18,== Personal life and death ==
http://dbpedia.org/class/yago/Carcinogen114793812,http://dbpedia.org/resource/HIV,HIV-positive,19396,123,0.998942675368057,0.0010583931771314,"His former wife claimed that a blood vessel was clipped in his lung during a biopsy, and the medical staff, fearful of his HIV-positive status, avoided Boettcher while he bled out.",4,18,== Personal life and death ==
http://dbpedia.org/class/yago/CausalAgent100007347,http://dbpedia.org/resource/HIV,HIV-positive,19396,123,0.998942675368057,0.0010583931771314,"His former wife claimed that a blood vessel was clipped in his lung during a biopsy, and the medical staff, fearful of his HIV-positive status, avoided Boettcher while he bled out.",4,18,== Personal life and death ==
http://dbpedia.org/class/yago/InfectiousAgent109312843,http://dbpedia.org/resource/HIV,HIV-positive,19396,123,0.998942675368057,0.0010583931771314,"His former wife claimed that a blood vessel was clipped in his lung during a biopsy, and the medical staff, fearful of his HIV-positive status, avoided Boettcher while he bled out.",4,18,== Personal life and death ==
http://dbpedia.org/class/yago/LivingThing100004258,http://dbpedia.org/resource/HIV,HIV-positive,19396,123,0.998942675368057,0.0010583931771314,"His former wife claimed that a blood vessel was clipped in his lung during a biopsy, and the medical staff, fearful of his HIV-positive status, avoided Boettcher while he bled out.",4,18,== Personal life and death ==
http://dbpedia.org/class/yago/Matter100020827,http://dbpedia.org/resource/HIV,HIV-positive,19396,123,0.998942675368057,0.0010583931771314,"His former wife claimed that a blood vessel was clipped in his lung during a biopsy, and the medical staff, fearful of his HIV-positive status, avoided Boettcher while he bled out.",4,18,== Personal life and death ==
http://dbpedia.org/class/yago/Microorganism101326291,http://dbpedia.org/resource/HIV,HIV-positive,19396,123,0.998942675368057,0.0010583931771314,"His former wife claimed that a blood vessel was clipped in his lung during a biopsy, and the medical staff, fearful of his HIV-positive status, avoided Boettcher while he bled out.",4,18,== Personal life and death ==
http://dbpedia.org/class/yago/Object100002684,http://dbpedia.org/resource/HIV,HIV-positive,19396,123,0.998942675368057,0.0010583931771314,"His former wife claimed that a blood vessel was clipped in his lung during a biopsy, and the medical staff, fearful of his HIV-positive status, avoided Boettcher while he bled out.",4,18,== Personal life and death ==
http://dbpedia.org/class/yago/Organism100004475,http://dbpedia.org/resource/HIV,HIV-positive,19396,123,0.998942675368057,0.0010583931771314,"His former wife claimed that a blood vessel was clipped in his lung during a biopsy, and the medical staff, fearful of his HIV-positive status, avoided Boettcher while he bled out.",4,18,== Personal life and death ==
http://dbpedia.org/class/yago/PhysicalEntity100001930,http://dbpedia.org/resource/HIV,HIV-positive,19396,123,0.998942675368057,0.0010583931771314,"His former wife claimed that a blood vessel was clipped in his lung during a biopsy, and the medical staff, fearful of his HIV-positive status, avoided Boettcher while he bled out.",4,18,== Personal life and death ==
http://dbpedia.org/class/yago/Retrovirus101336282,http://dbpedia.org/resource/HIV,HIV-positive,19396,123,0.998942675368057,0.0010583931771314,"His former wife claimed that a blood vessel was clipped in his lung during a biopsy, and the medical staff, fearful of his HIV-positive status, avoided Boettcher while he bled out.",4,18,== Personal life and death ==
http://dbpedia.org/class/yago/Substance100020090,http://dbpedia.org/resource/HIV,HIV-positive,19396,123,0.998942675368057,0.0010583931771314,"His former wife claimed that a blood vessel was clipped in his lung during a biopsy, and the medical staff, fearful of his HIV-positive status, avoided Boettcher while he bled out.",4,18,== Personal life and death ==
http://dbpedia.org/class/yago/Virus101328702,http://dbpedia.org/resource/HIV,HIV-positive,19396,123,0.998942675368057,0.0010583931771314,"His former wife claimed that a blood vessel was clipped in his lung during a biopsy, and the medical staff, fearful of his HIV-positive status, avoided Boettcher while he bled out.",4,18,== Personal life and death ==
http://dbpedia.org/class/yago/Whole100003553,http://dbpedia.org/resource/HIV,HIV-positive,19396,123,0.998942675368057,0.0010583931771314,"His former wife claimed that a blood vessel was clipped in his lung during a biopsy, and the medical staff, fearful of his HIV-positive status, avoided Boettcher while he bled out.",4,18,== Personal life and death ==
http://www.w3.org/2002/07/owl#Thing,http://dbpedia.org/resource/Audio_engineer,engineer,22869,92,0.9980286361532774,0.0016306388475288,"Shortly before his death, he set up the Valley Center Studios with musician Mark Antaky and engineer Dave Jenkins.",5,18,== Personal life and death ==
http://dbpedia.org/ontology/PersonFunction,http://dbpedia.org/resource/Audio_engineer,engineer,22869,92,0.9980286361532774,0.0016306388475288,"Shortly before his death, he set up the Valley Center Studios with musician Mark Antaky and engineer Dave Jenkins.",5,18,== Personal life and death ==
http://dbpedia.org/class/yago/WikicatBroadcastingOccupations,http://dbpedia.org/resource/Audio_engineer,engineer,22869,92,0.9980286361532774,0.0016306388475288,"Shortly before his death, he set up the Valley Center Studios with musician Mark Antaky and engineer Dave Jenkins.",5,18,== Personal life and death ==
http://dbpedia.org/class/yago/YagoPermanentlyLocatedEntity,http://dbpedia.org/resource/Audio_engineer,engineer,22869,92,0.9980286361532774,0.0016306388475288,"Shortly before his death, he set up the Valley Center Studios with musician Mark Antaky and engineer Dave Jenkins.",5,18,== Personal life and death ==
http://dbpedia.org/class/yago/WikicatMediaOccupations,http://dbpedia.org/resource/Audio_engineer,engineer,22869,92,0.9980286361532774,0.0016306388475288,"Shortly before his death, he set up the Valley Center Studios with musician Mark Antaky and engineer Dave Jenkins.",5,18,== Personal life and death ==
http://dbpedia.org/class/yago/Abstraction100002137,http://dbpedia.org/resource/Audio_engineer,engineer,22869,92,0.9980286361532774,0.0016306388475288,"Shortly before his death, he set up the Valley Center Studios with musician Mark Antaky and engineer Dave Jenkins.",5,18,== Personal life and death ==
http://dbpedia.org/class/yago/Act100030358,http://dbpedia.org/resource/Audio_engineer,engineer,22869,92,0.9980286361532774,0.0016306388475288,"Shortly before his death, he set up the Valley Center Studios with musician Mark Antaky and engineer Dave Jenkins.",5,18,== Personal life and death ==
http://dbpedia.org/class/yago/Activity100407535,http://dbpedia.org/resource/Audio_engineer,engineer,22869,92,0.9980286361532774,0.0016306388475288,"Shortly before his death, he set up the Valley Center Studios with musician Mark Antaky and engineer Dave Jenkins.",5,18,== Personal life and death ==
http://dbpedia.org/class/yago/Event100029378,http://dbpedia.org/resource/Audio_engineer,engineer,22869,92,0.9980286361532774,0.0016306388475288,"Shortly before his death, he set up the Valley Center Studios with musician Mark Antaky and engineer Dave Jenkins.",5,18,== Personal life and death ==
http://dbpedia.org/class/yago/Occupation100582388,http://dbpedia.org/resource/Audio_engineer,engineer,22869,92,0.9980286361532774,0.0016306388475288,"Shortly before his death, he set up the Valley Center Studios with musician Mark Antaky and engineer Dave Jenkins.",5,18,== Personal life and death ==
http://dbpedia.org/class/yago/PsychologicalFeature100023100,http://dbpedia.org/resource/Audio_engineer,engineer,22869,92,0.9980286361532774,0.0016306388475288,"Shortly before his death, he set up the Valley Center Studios with musician Mark Antaky and engineer Dave Jenkins.",5,18,== Personal life and death ==
http://dbpedia.org/class/yago/WikicatOccupationsInMusic,http://dbpedia.org/resource/Audio_engineer,engineer,22869,92,0.9980286361532774,0.0016306388475288,"Shortly before his death, he set up the Valley Center Studios with musician Mark Antaky and engineer Dave Jenkins.",5,18,== Personal life and death ==
http://www.w3.org/2002/07/owl#Thing,http://dbpedia.org/resource/Sunlight,Sunshine,2011,149,0.9974200340825222,0.0014134199456782,"""The Sunshine Company, a Los Angeles rock band, recorded two Boettcher compositions, ""I Just Want To Be Your Friend"" (on the 1967 album Happy Is the Sunshine Company, Imperial Records 12359), and ""If You Only Knew"" (on the 1968 album The Sunshine Company, Imperial Records 12368).",2,20,== Cover versions ==
http://dbpedia.org/ontology/AnatomicalStructure,http://dbpedia.org/resource/Sunlight,Sunshine,2011,149,0.9974200340825222,0.0014134199456782,"""The Sunshine Company, a Los Angeles rock band, recorded two Boettcher compositions, ""I Just Want To Be Your Friend"" (on the 1967 album Happy Is the Sunshine Company, Imperial Records 12359), and ""If You Only Knew"" (on the 1968 album The Sunshine Company, Imperial Records 12368).",2,20,== Cover versions ==
http://www.w3.org/2002/07/owl#Thing,http://dbpedia.org/resource/Charles_Paul_Alexander,Alexander,10924,277,0.6061696440634742,0.6394483775891571,"The Hep Stars, a 1960s Swedish rock group whose line-up included Benny Andersson before he went on to greater fame in ABBA, recorded four Boettcher compositions, ""Another Time"", ""Musty Dusty"" (co-written with Tandyn Almer), ""Would You Like To Go"" (co-written with Jules ""Gary"" Alexander of the Association), and ""Spinning Spinning Spinning"" (co-written with Ruthann Friedman).",0,21,== Cover versions ==
http://dbpedia.org/ontology/Person,http://dbpedia.org/resource/Charles_Paul_Alexander,Alexander,10924,277,0.6061696440634742,0.6394483775891571,"The Hep Stars, a 1960s Swedish rock group whose line-up included Benny Andersson before he went on to greater fame in ABBA, recorded four Boettcher compositions, ""Another Time"", ""Musty Dusty"" (co-written with Tandyn Almer), ""Would You Like To Go"" (co-written with Jules ""Gary"" Alexander of the Association), and ""Spinning Spinning Spinning"" (co-written with Ruthann Friedman).",0,21,== Cover versions ==
http://dbpedia.org/class/yago/WikicatAmericanEntomologists,http://dbpedia.org/resource/Charles_Paul_Alexander,Alexander,10924,277,0.6061696440634742,0.6394483775891571,"The Hep Stars, a 1960s Swedish rock group whose line-up included Benny Andersson before he went on to greater fame in ABBA, recorded four Boettcher compositions, ""Another Time"", ""Musty Dusty"" (co-written with Tandyn Almer), ""Would You Like To Go"" (co-written with Jules ""Gary"" Alexander of the Association), and ""Spinning Spinning Spinning"" (co-written with Ruthann Friedman).",0,21,== Cover versions ==
http://dbpedia.org/class/yago/YagoLegalActor,http://dbpedia.org/resource/Charles_Paul_Alexander,Alexander,10924,277,0.6061696440634742,0.6394483775891571,"The Hep Stars, a 1960s Swedish rock group whose line-up included Benny Andersson before he went on to greater fame in ABBA, recorded four Boettcher compositions, ""Another Time"", ""Musty Dusty"" (co-written with Tandyn Almer), ""Would You Like To Go"" (co-written with Jules ""Gary"" Alexander of the Association), and ""Spinning Spinning Spinning"" (co-written with Ruthann Friedman).",0,21,== Cover versions ==
http://dbpedia.org/class/yago/YagoLegalActorGeo,http://dbpedia.org/resource/Charles_Paul_Alexander,Alexander,10924,277,0.6061696440634742,0.6394483775891571,"The Hep Stars, a 1960s Swedish rock group whose line-up included Benny Andersson before he went on to greater fame in ABBA, recorded four Boettcher compositions, ""Another Time"", ""Musty Dusty"" (co-written with Tandyn Almer), ""Would You Like To Go"" (co-written with Jules ""Gary"" Alexander of the Association), and ""Spinning Spinning Spinning"" (co-written with Ruthann Friedman).",0,21,== Cover versions ==
http://dbpedia.org/class/yago/Zoologist110806222,http://dbpedia.org/resource/Charles_Paul_Alexander,Alexander,10924,277,0.6061696440634742,0.6394483775891571,"The Hep Stars, a 1960s Swedish rock group whose line-up included Benny Andersson before he went on to greater fame in ABBA, recorded four Boettcher compositions, ""Another Time"", ""Musty Dusty"" (co-written with Tandyn Almer), ""Would You Like To Go"" (co-written with Jules ""Gary"" Alexander of the Association), and ""Spinning Spinning Spinning"" (co-written with Ruthann Friedman).",0,21,== Cover versions ==
http://dbpedia.org/class/yago/Biologist109855630,http://dbpedia.org/resource/Charles_Paul_Alexander,Alexander,10924,277,0.6061696440634742,0.6394483775891571,"The Hep Stars, a 1960s Swedish rock group whose line-up included Benny Andersson before he went on to greater fame in ABBA, recorded four Boettcher compositions, ""Another Time"", ""Musty Dusty"" (co-written with Tandyn Almer), ""Would You Like To Go"" (co-written with Jules ""Gary"" Alexander of the Association), and ""Spinning Spinning Spinning"" (co-written with Ruthann Friedman).",0,21,== Cover versions ==
http://dbpedia.org/class/yago/CausalAgent100007347,http://dbpedia.org/resource/Charles_Paul_Alexander,Alexander,10924,277,0.6061696440634742,0.6394483775891571,"The Hep Stars, a 1960s Swedish rock group whose line-up included Benny Andersson before he went on to greater fame in ABBA, recorded four Boettcher compositions, ""Another Time"", ""Musty Dusty"" (co-written with Tandyn Almer), ""Would You Like To Go"" (co-written with Jules ""Gary"" Alexander of the Association), and ""Spinning Spinning Spinning"" (co-written with Ruthann Friedman).",0,21,== Cover versions ==
http://dbpedia.org/class/yago/Entomologist110059904,http://dbpedia.org/resource/Charles_Paul_Alexander,Alexander,10924,277,0.6061696440634742,0.6394483775891571,"The Hep Stars, a 1960s Swedish rock group whose line-up included Benny Andersson before he went on to greater fame in ABBA, recorded four Boettcher compositions, ""Another Time"", ""Musty Dusty"" (co-written with Tandyn Almer), ""Would You Like To Go"" (co-written with Jules ""Gary"" Alexander of the Association), and ""Spinning Spinning Spinning"" (co-written with Ruthann Friedman).",0,21,== Cover versions ==
http://dbpedia.org/class/yago/LivingThing100004258,http://dbpedia.org/resource/Charles_Paul_Alexander,Alexander,10924,277,0.6061696440634742,0.6394483775891571,"The Hep Stars, a 1960s Swedish rock group whose line-up included Benny Andersson before he went on to greater fame in ABBA, recorded four Boettcher compositions, ""Another Time"", ""Musty Dusty"" (co-written with Tandyn Almer), ""Would You Like To Go"" (co-written with Jules ""Gary"" Alexander of the Association), and ""Spinning Spinning Spinning"" (co-written with Ruthann Friedman).",0,21,== Cover versions ==
http://dbpedia.org/class/yago/Object100002684,http://dbpedia.org/resource/Charles_Paul_Alexander,Alexander,10924,277,0.6061696440634742,0.6394483775891571,"The Hep Stars, a 1960s Swedish rock group whose line-up included Benny Andersson before he went on to greater fame in ABBA, recorded four Boettcher compositions, ""Another Time"", ""Musty Dusty"" (co-written with Tandyn Almer), ""Would You Like To Go"" (co-written with Jules ""Gary"" Alexander of the Association), and ""Spinning Spinning Spinning"" (co-written with Ruthann Friedman).",0,21,== Cover versions ==
http://dbpedia.org/class/yago/Organism100004475,http://dbpedia.org/resource/Charles_Paul_Alexander,Alexander,10924,277,0.6061696440634742,0.6394483775891571,"The Hep Stars, a 1960s Swedish rock group whose line-up included Benny Andersson before he went on to greater fame in ABBA, recorded four Boettcher compositions, ""Another Time"", ""Musty Dusty"" (co-written with Tandyn Almer), ""Would You Like To Go"" (co-written with Jules ""Gary"" Alexander of the Association), and ""Spinning Spinning Spinning"" (co-written with Ruthann Friedman).",0,21,== Cover versions ==
http://dbpedia.org/class/yago/Person100007846,http://dbpedia.org/resource/Charles_Paul_Alexander,Alexander,10924,277,0.6061696440634742,0.6394483775891571,"The Hep Stars, a 1960s Swedish rock group whose line-up included Benny Andersson before he went on to greater fame in ABBA, recorded four Boettcher compositions, ""Another Time"", ""Musty Dusty"" (co-written with Tandyn Almer), ""Would You Like To Go"" (co-written with Jules ""Gary"" Alexander of the Association), and ""Spinning Spinning Spinning"" (co-written with Ruthann Friedman).",0,21,== Cover versions ==
http://dbpedia.org/class/yago/PhysicalEntity100001930,http://dbpedia.org/resource/Charles_Paul_Alexander,Alexander,10924,277,0.6061696440634742,0.6394483775891571,"The Hep Stars, a 1960s Swedish rock group whose line-up included Benny Andersson before he went on to greater fame in ABBA, recorded four Boettcher compositions, ""Another Time"", ""Musty Dusty"" (co-written with Tandyn Almer), ""Would You Like To Go"" (co-written with Jules ""Gary"" Alexander of the Association), and ""Spinning Spinning Spinning"" (co-written with Ruthann Friedman).",0,21,== Cover versions ==
http://dbpedia.org/class/yago/Scientist110560637,http://dbpedia.org/resource/Charles_Paul_Alexander,Alexander,10924,277,0.6061696440634742,0.6394483775891571,"The Hep Stars, a 1960s Swedish rock group whose line-up included Benny Andersson before he went on to greater fame in ABBA, recorded four Boettcher compositions, ""Another Time"", ""Musty Dusty"" (co-written with Tandyn Almer), ""Would You Like To Go"" (co-written with Jules ""Gary"" Alexander of the Association), and ""Spinning Spinning Spinning"" (co-written with Ruthann Friedman).",0,21,== Cover versions ==
http://dbpedia.org/class/yago/Whole100003553,http://dbpedia.org/resource/Charles_Paul_Alexander,Alexander,10924,277,0.6061696440634742,0.6394483775891571,"The Hep Stars, a 1960s Swedish rock group whose line-up included Benny Andersson before he went on to greater fame in ABBA, recorded four Boettcher compositions, ""Another Time"", ""Musty Dusty"" (co-written with Tandyn Almer), ""Would You Like To Go"" (co-written with Jules ""Gary"" Alexander of the Association), and ""Spinning Spinning Spinning"" (co-written with Ruthann Friedman).",0,21,== Cover versions ==
http://dbpedia.org/class/yago/WikicatEntomologists,http://dbpedia.org/resource/Charles_Paul_Alexander,Alexander,10924,277,0.6061696440634742,0.6394483775891571,"The Hep Stars, a 1960s Swedish rock group whose line-up included Benny Andersson before he went on to greater fame in ABBA, recorded four Boettcher compositions, ""Another Time"", ""Musty Dusty"" (co-written with Tandyn Almer), ""Would You Like To Go"" (co-written with Jules ""Gary"" Alexander of the Association), and ""Spinning Spinning Spinning"" (co-written with Ruthann Friedman).",0,21,== Cover versions ==
http://www.w3.org/2002/07/owl#Thing,http://dbpedia.org/resource/Eternity,Eternity,467,0,0.9994281825846524,0.0005546359109904823,"Eternity's Children covered a Boettcher composition, ""You Know I've Found a Way"" on their 1968 album of the same name.",1,21,== Cover versions ==
http://www.w3.org/2002/07/owl#Thing,http://dbpedia.org/resource/Sean_Slade,Sean Slade,110,155,1.0,0.0,"In April 2013, Beth Sorrentino (formerly of the American rock band Suddenly, Tammy!) released Would You Like To Go: A Curt Boettcher Songbook, produced by Sean Slade and issued in Europe on the Basta label.",0,22,== Cover versions ==
http://dbpedia.org/ontology/Person,http://dbpedia.org/resource/Sean_Slade,Sean Slade,110,155,1.0,0.0,"In April 2013, Beth Sorrentino (formerly of the American rock band Suddenly, Tammy!) released Would You Like To Go: A Curt Boettcher Songbook, produced by Sean Slade and issued in Europe on the Basta label.",0,22,== Cover versions ==
http://dbpedia.org/class/yago/WikicatAmericanAudioEngineers,http://dbpedia.org/resource/Sean_Slade,Sean Slade,110,155,1.0,0.0,"In April 2013, Beth Sorrentino (formerly of the American rock band Suddenly, Tammy!) released Would You Like To Go: A Curt Boettcher Songbook, produced by Sean Slade and issued in Europe on the Basta label.",0,22,== Cover versions ==
http://dbpedia.org/class/yago/WikicatAmericanMusicians,http://dbpedia.org/resource/Sean_Slade,Sean Slade,110,155,1.0,0.0,"In April 2013, Beth Sorrentino (formerly of the American rock band Suddenly, Tammy!) released Would You Like To Go: A Curt Boettcher Songbook, produced by Sean Slade and issued in Europe on the Basta label.",0,22,== Cover versions ==
http://dbpedia.org/class/yago/WikicatAmericanRecordProducers,http://dbpedia.org/resource/Sean_Slade,Sean Slade,110,155,1.0,0.0,"In April 2013, Beth Sorrentino (formerly of the American rock band Suddenly, Tammy!) released Would You Like To Go: A Curt Boettcher Songbook, produced by Sean Slade and issued in Europe on the Basta label.",0,22,== Cover versions ==
"http://dbpedia.org/class/yago/WikicatPeopleFromLansing,Michigan",http://dbpedia.org/resource/Sean_Slade,Sean Slade,110,155,1.0,0.0,"In April 2013, Beth Sorrentino (formerly of the American rock band Suddenly, Tammy!) released Would You Like To Go: A Curt Boettcher Songbook, produced by Sean Slade and issued in Europe on the Basta label.",0,22,== Cover versions ==
http://dbpedia.org/ontology/MusicalArtist,http://dbpedia.org/resource/Sean_Slade,Sean Slade,110,155,1.0,0.0,"In April 2013, Beth Sorrentino (formerly of the American rock band Suddenly, Tammy!) released Would You Like To Go: A Curt Boettcher Songbook, produced by Sean Slade and issued in Europe on the Basta label.",0,22,== Cover versions ==
http://dbpedia.org/class/yago/WikicatYaleUniversityAlumni,http://dbpedia.org/resource/Sean_Slade,Sean Slade,110,155,1.0,0.0,"In April 2013, Beth Sorrentino (formerly of the American rock band Suddenly, Tammy!) released Would You Like To Go: A Curt Boettcher Songbook, produced by Sean Slade and issued in Europe on the Basta label.",0,22,== Cover versions ==
http://dbpedia.org/class/yago/YagoLegalActor,http://dbpedia.org/resource/Sean_Slade,Sean Slade,110,155,1.0,0.0,"In April 2013, Beth Sorrentino (formerly of the American rock band Suddenly, Tammy!) released Would You Like To Go: A Curt Boettcher Songbook, produced by Sean Slade and issued in Europe on the Basta label.",0,22,== Cover versions ==
http://dbpedia.org/class/yago/YagoLegalActorGeo,http://dbpedia.org/resource/Sean_Slade,Sean Slade,110,155,1.0,0.0,"In April 2013, Beth Sorrentino (formerly of the American rock band Suddenly, Tammy!) released Would You Like To Go: A Curt Boettcher Songbook, produced by Sean Slade and issued in Europe on the Basta label.",0,22,== Cover versions ==
http://dbpedia.org/class/yago/WikicatLivingPeople,http://dbpedia.org/resource/Sean_Slade,Sean Slade,110,155,1.0,0.0,"In April 2013, Beth Sorrentino (formerly of the American rock band Suddenly, Tammy!) released Would You Like To Go: A Curt Boettcher Songbook, produced by Sean Slade and issued in Europe on the Basta label.",0,22,== Cover versions ==
http://dbpedia.org/class/yago/Alumnus109786338,http://dbpedia.org/resource/Sean_Slade,Sean Slade,110,155,1.0,0.0,"In April 2013, Beth Sorrentino (formerly of the American rock band Suddenly, Tammy!) released Would You Like To Go: A Curt Boettcher Songbook, produced by Sean Slade and issued in Europe on the Basta label.",0,22,== Cover versions ==
http://dbpedia.org/class/yago/Artist109812338,http://dbpedia.org/resource/Sean_Slade,Sean Slade,110,155,1.0,0.0,"In April 2013, Beth Sorrentino (formerly of the American rock band Suddenly, Tammy!) released Would You Like To Go: A Curt Boettcher Songbook, produced by Sean Slade and issued in Europe on the Basta label.",0,22,== Cover versions ==
http://dbpedia.org/class/yago/CausalAgent100007347,http://dbpedia.org/resource/Sean_Slade,Sean Slade,110,155,1.0,0.0,"In April 2013, Beth Sorrentino (formerly of the American rock band Suddenly, Tammy!) released Would You Like To Go: A Curt Boettcher Songbook, produced by Sean Slade and issued in Europe on the Basta label.",0,22,== Cover versions ==
http://dbpedia.org/class/yago/Creator109614315,http://dbpedia.org/resource/Sean_Slade,Sean Slade,110,155,1.0,0.0,"In April 2013, Beth Sorrentino (formerly of the American rock band Suddenly, Tammy!) released Would You Like To Go: A Curt Boettcher Songbook, produced by Sean Slade and issued in Europe on the Basta label.",0,22,== Cover versions ==
http://dbpedia.org/class/yago/Engineer109615807,http://dbpedia.org/resource/Sean_Slade,Sean Slade,110,155,1.0,0.0,"In April 2013, Beth Sorrentino (formerly of the American rock band Suddenly, Tammy!) released Would You Like To Go: A Curt Boettcher Songbook, produced by Sean Slade and issued in Europe on the Basta label.",0,22,== Cover versions ==
http://dbpedia.org/class/yago/Intellectual109621545,http://dbpedia.org/resource/Sean_Slade,Sean Slade,110,155,1.0,0.0,"In April 2013, Beth Sorrentino (formerly of the American rock band Suddenly, Tammy!) released Would You Like To Go: A Curt Boettcher Songbook, produced by Sean Slade and issued in Europe on the Basta label.",0,22,== Cover versions ==
http://dbpedia.org/class/yago/LivingThing100004258,http://dbpedia.org/resource/Sean_Slade,Sean Slade,110,155,1.0,0.0,"In April 2013, Beth Sorrentino (formerly of the American rock band Suddenly, Tammy!) released Would You Like To Go: A Curt Boettcher Songbook, produced by Sean Slade and issued in Europe on the Basta label.",0,22,== Cover versions ==
http://dbpedia.org/class/yago/Maker110284064,http://dbpedia.org/resource/Sean_Slade,Sean Slade,110,155,1.0,0.0,"In April 2013, Beth Sorrentino (formerly of the American rock band Suddenly, Tammy!) released Would You Like To Go: A Curt Boettcher Songbook, produced by Sean Slade and issued in Europe on the Basta label.",0,22,== Cover versions ==
http://dbpedia.org/class/yago/Manufacturer110292316,http://dbpedia.org/resource/Sean_Slade,Sean Slade,110,155,1.0,0.0,"In April 2013, Beth Sorrentino (formerly of the American rock band Suddenly, Tammy!) released Would You Like To Go: A Curt Boettcher Songbook, produced by Sean Slade and issued in Europe on the Basta label.",0,22,== Cover versions ==
http://dbpedia.org/class/yago/Musician110339966,http://dbpedia.org/resource/Sean_Slade,Sean Slade,110,155,1.0,0.0,"In April 2013, Beth Sorrentino (formerly of the American rock band Suddenly, Tammy!) released Would You Like To Go: A Curt Boettcher Songbook, produced by Sean Slade and issued in Europe on the Basta label.",0,22,== Cover versions ==
http://dbpedia.org/class/yago/Object100002684,http://dbpedia.org/resource/Sean_Slade,Sean Slade,110,155,1.0,0.0,"In April 2013, Beth Sorrentino (formerly of the American rock band Suddenly, Tammy!) released Would You Like To Go: A Curt Boettcher Songbook, produced by Sean Slade and issued in Europe on the Basta label.",0,22,== Cover versions ==
http://dbpedia.org/class/yago/Organism100004475,http://dbpedia.org/resource/Sean_Slade,Sean Slade,110,155,1.0,0.0,"In April 2013, Beth Sorrentino (formerly of the American rock band Suddenly, Tammy!) released Would You Like To Go: A Curt Boettcher Songbook, produced by Sean Slade and issued in Europe on the Basta label.",0,22,== Cover versions ==
http://dbpedia.org/class/yago/Person100007846,http://dbpedia.org/resource/Sean_Slade,Sean Slade,110,155,1.0,0.0,"In April 2013, Beth Sorrentino (formerly of the American rock band Suddenly, Tammy!) released Would You Like To Go: A Curt Boettcher Songbook, produced by Sean Slade and issued in Europe on the Basta label.",0,22,== Cover versions ==
http://dbpedia.org/class/yago/PhysicalEntity100001930,http://dbpedia.org/resource/Sean_Slade,Sean Slade,110,155,1.0,0.0,"In April 2013, Beth Sorrentino (formerly of the American rock band Suddenly, Tammy!) released Would You Like To Go: A Curt Boettcher Songbook, produced by Sean Slade and issued in Europe on the Basta label.",0,22,== Cover versions ==
http://dbpedia.org/class/yago/Scholar110557854,http://dbpedia.org/resource/Sean_Slade,Sean Slade,110,155,1.0,0.0,"In April 2013, Beth Sorrentino (formerly of the American rock band Suddenly, Tammy!) released Would You Like To Go: A Curt Boettcher Songbook, produced by Sean Slade and issued in Europe on the Basta label.",0,22,== Cover versions ==
http://dbpedia.org/class/yago/Whole100003553,http://dbpedia.org/resource/Sean_Slade,Sean Slade,110,155,1.0,0.0,"In April 2013, Beth Sorrentino (formerly of the American rock band Suddenly, Tammy!) released Would You Like To Go: A Curt Boettcher Songbook, produced by Sean Slade and issued in Europe on the Basta label.",0,22,== Cover versions ==
http://www.w3.org/2002/07/owl#Thing,http://dbpedia.org/resource/Lee_Mallory,Lee Mallory,20,83,1.0,2.3618825371647562e-18,"Sorrentino's recording of ""You Know I've Found a Way"" (co-written by Boettcher and Lee Mallory) was used as the soundtrack for the trailer of Rik Cordero's film Starla.",3,22,== Cover versions ==
http://dbpedia.org/class/yago/WikicatAmericanRockGuitarists,http://dbpedia.org/resource/Lee_Mallory,Lee Mallory,20,83,1.0,2.3618825371647562e-18,"Sorrentino's recording of ""You Know I've Found a Way"" (co-written by Boettcher and Lee Mallory) was used as the soundtrack for the trailer of Rik Cordero's film Starla.",3,22,== Cover versions ==
http://dbpedia.org/class/yago/WikicatPeopleFromTheSanFranciscoBayArea,http://dbpedia.org/resource/Lee_Mallory,Lee Mallory,20,83,1.0,2.3618825371647562e-18,"Sorrentino's recording of ""You Know I've Found a Way"" (co-written by Boettcher and Lee Mallory) was used as the soundtrack for the trailer of Rik Cordero's film Starla.",3,22,== Cover versions ==
http://dbpedia.org/ontology/MusicalArtist,http://dbpedia.org/resource/Lee_Mallory,Lee Mallory,20,83,1.0,2.3618825371647562e-18,"Sorrentino's recording of ""You Know I've Found a Way"" (co-written by Boettcher and Lee Mallory) was used as the soundtrack for the trailer of Rik Cordero's film Starla.",3,22,== Cover versions ==
http://dbpedia.org/class/yago/YagoLegalActor,http://dbpedia.org/resource/Lee_Mallory,Lee Mallory,20,83,1.0,2.3618825371647562e-18,"Sorrentino's recording of ""You Know I've Found a Way"" (co-written by Boettcher and Lee Mallory) was used as the soundtrack for the trailer of Rik Cordero's film Starla.",3,22,== Cover versions ==
http://dbpedia.org/class/yago/YagoLegalActorGeo,http://dbpedia.org/resource/Lee_Mallory,Lee Mallory,20,83,1.0,2.3618825371647562e-18,"Sorrentino's recording of ""You Know I've Found a Way"" (co-written by Boettcher and Lee Mallory) was used as the soundtrack for the trailer of Rik Cordero's film Starla.",3,22,== Cover versions ==
http://dbpedia.org/class/yago/WikicatMusiciansFromCalifornia,http://dbpedia.org/resource/Lee_Mallory,Lee Mallory,20,83,1.0,2.3618825371647562e-18,"Sorrentino's recording of ""You Know I've Found a Way"" (co-written by Boettcher and Lee Mallory) was used as the soundtrack for the trailer of Rik Cordero's film Starla.",3,22,== Cover versions ==
http://dbpedia.org/class/yago/Artist109812338,http://dbpedia.org/resource/Lee_Mallory,Lee Mallory,20,83,1.0,2.3618825371647562e-18,"Sorrentino's recording of ""You Know I've Found a Way"" (co-written by Boettcher and Lee Mallory) was used as the soundtrack for the trailer of Rik Cordero's film Starla.",3,22,== Cover versions ==
http://dbpedia.org/class/yago/CausalAgent100007347,http://dbpedia.org/resource/Lee_Mallory,Lee Mallory,20,83,1.0,2.3618825371647562e-18,"Sorrentino's recording of ""You Know I've Found a Way"" (co-written by Boettcher and Lee Mallory) was used as the soundtrack for the trailer of Rik Cordero's film Starla.",3,22,== Cover versions ==
http://dbpedia.org/class/yago/Creator109614315,http://dbpedia.org/resource/Lee_Mallory,Lee Mallory,20,83,1.0,2.3618825371647562e-18,"Sorrentino's recording of ""You Know I've Found a Way"" (co-written by Boettcher and Lee Mallory) was used as the soundtrack for the trailer of Rik Cordero's film Starla.",3,22,== Cover versions ==
http://dbpedia.org/class/yago/Entertainer109616922,http://dbpedia.org/resource/Lee_Mallory,Lee Mallory,20,83,1.0,2.3618825371647562e-18,"Sorrentino's recording of ""You Know I've Found a Way"" (co-written by Boettcher and Lee Mallory) was used as the soundtrack for the trailer of Rik Cordero's film Starla.",3,22,== Cover versions ==
http://dbpedia.org/class/yago/Guitarist110151760,http://dbpedia.org/resource/Lee_Mallory,Lee Mallory,20,83,1.0,2.3618825371647562e-18,"Sorrentino's recording of ""You Know I've Found a Way"" (co-written by Boettcher and Lee Mallory) was used as the soundtrack for the trailer of Rik Cordero's film Starla.",3,22,== Cover versions ==
http://dbpedia.org/class/yago/LivingThing100004258,http://dbpedia.org/resource/Lee_Mallory,Lee Mallory,20,83,1.0,2.3618825371647562e-18,"Sorrentino's recording of ""You Know I've Found a Way"" (co-written by Boettcher and Lee Mallory) was used as the soundtrack for the trailer of Rik Cordero's film Starla.",3,22,== Cover versions ==
http://dbpedia.org/class/yago/Musician110339966,http://dbpedia.org/resource/Lee_Mallory,Lee Mallory,20,83,1.0,2.3618825371647562e-18,"Sorrentino's recording of ""You Know I've Found a Way"" (co-written by Boettcher and Lee Mallory) was used as the soundtrack for the trailer of Rik Cordero's film Starla.",3,22,== Cover versions ==
http://dbpedia.org/class/yago/Musician110340312,http://dbpedia.org/resource/Lee_Mallory,Lee Mallory,20,83,1.0,2.3618825371647562e-18,"Sorrentino's recording of ""You Know I've Found a Way"" (co-written by Boettcher and Lee Mallory) was used as the soundtrack for the trailer of Rik Cordero's film Starla.",3,22,== Cover versions ==
http://dbpedia.org/class/yago/Object100002684,http://dbpedia.org/resource/Lee_Mallory,Lee Mallory,20,83,1.0,2.3618825371647562e-18,"Sorrentino's recording of ""You Know I've Found a Way"" (co-written by Boettcher and Lee Mallory) was used as the soundtrack for the trailer of Rik Cordero's film Starla.",3,22,== Cover versions ==
http://dbpedia.org/class/yago/Organism100004475,http://dbpedia.org/resource/Lee_Mallory,Lee Mallory,20,83,1.0,2.3618825371647562e-18,"Sorrentino's recording of ""You Know I've Found a Way"" (co-written by Boettcher and Lee Mallory) was used as the soundtrack for the trailer of Rik Cordero's film Starla.",3,22,== Cover versions ==
http://dbpedia.org/class/yago/Performer110415638,http://dbpedia.org/resource/Lee_Mallory,Lee Mallory,20,83,1.0,2.3618825371647562e-18,"Sorrentino's recording of ""You Know I've Found a Way"" (co-written by Boettcher and Lee Mallory) was used as the soundtrack for the trailer of Rik Cordero's film Starla.",3,22,== Cover versions ==
http://dbpedia.org/class/yago/Person100007846,http://dbpedia.org/resource/Lee_Mallory,Lee Mallory,20,83,1.0,2.3618825371647562e-18,"Sorrentino's recording of ""You Know I've Found a Way"" (co-written by Boettcher and Lee Mallory) was used as the soundtrack for the trailer of Rik Cordero's film Starla.",3,22,== Cover versions ==
http://dbpedia.org/class/yago/PhysicalEntity100001930,http://dbpedia.org/resource/Lee_Mallory,Lee Mallory,20,83,1.0,2.3618825371647562e-18,"Sorrentino's recording of ""You Know I've Found a Way"" (co-written by Boettcher and Lee Mallory) was used as the soundtrack for the trailer of Rik Cordero's film Starla.",3,22,== Cover versions ==
http://dbpedia.org/class/yago/Whole100003553,http://dbpedia.org/resource/Lee_Mallory,Lee Mallory,20,83,1.0,2.3618825371647562e-18,"Sorrentino's recording of ""You Know I've Found a Way"" (co-written by Boettcher and Lee Mallory) was used as the soundtrack for the trailer of Rik Cordero's film Starla.",3,22,== Cover versions ==
http://www.w3.org/2002/07/owl#Thing,http://dbpedia.org/resource/Soundtrack,soundtrack,6322,112,0.9757050314042504,0.0248962795190449,"Sorrentino's recording of ""You Know I've Found a Way"" (co-written by Boettcher and Lee Mallory) was used as the soundtrack for the trailer of Rik Cordero's film Starla.",3,22,== Cover versions ==
http://dbpedia.org/ontology/MusicGenre,http://dbpedia.org/resource/Soundtrack,soundtrack,6322,112,0.9757050314042504,0.0248962795190449,"Sorrentino's recording of ""You Know I've Found a Way"" (co-written by Boettcher and Lee Mallory) was used as the soundtrack for the trailer of Rik Cordero's film Starla.",3,22,== Cover versions ==
http://www.w3.org/2002/07/owl#Thing,http://dbpedia.org/resource/Millennium,Millennium,1191,33,0.9316103594130865,0.0418839215372555,"The Ballroom - Preparing for the Millennium (1998, Creation)",0,27,== Discography ==
http://dbpedia.org/ontology/Country,http://dbpedia.org/resource/Millennium,Millennium,1191,33,0.9316103594130865,0.0418839215372555,"The Ballroom - Preparing for the Millennium (1998, Creation)",0,27,== Discography ==
http://dbpedia.org/class/yago/WikicatPhotographs,http://dbpedia.org/resource/The_Blue_Marble,The Blue Marble,118,14,0.9999999973486524,2.651350825646224e-09,"Sagittarius - The Blue Marble (1969, Together)",0,30,== Discography ==
http://dbpedia.org/ontology/Artwork,http://dbpedia.org/resource/The_Blue_Marble,The Blue Marble,118,14,0.9999999973486524,2.651350825646224e-09,"Sagittarius - The Blue Marble (1969, Together)",0,30,== Discography ==
http://dbpedia.org/class/yago/Artifact100021939,http://dbpedia.org/resource/The_Blue_Marble,The Blue Marble,118,14,0.9999999973486524,2.651350825646224e-09,"Sagittarius - The Blue Marble (1969, Together)",0,30,== Discography ==
http://dbpedia.org/class/yago/Creation103129123,http://dbpedia.org/resource/The_Blue_Marble,The Blue Marble,118,14,0.9999999973486524,2.651350825646224e-09,"Sagittarius - The Blue Marble (1969, Together)",0,30,== Discography ==
http://dbpedia.org/class/yago/EndProduct103287178,http://dbpedia.org/resource/The_Blue_Marble,The Blue Marble,118,14,0.9999999973486524,2.651350825646224e-09,"Sagittarius - The Blue Marble (1969, Together)",0,30,== Discography ==
http://dbpedia.org/class/yago/Object100002684,http://dbpedia.org/resource/The_Blue_Marble,The Blue Marble,118,14,0.9999999973486524,2.651350825646224e-09,"Sagittarius - The Blue Marble (1969, Together)",0,30,== Discography ==
http://dbpedia.org/class/yago/Oeuvre103841417,http://dbpedia.org/resource/The_Blue_Marble,The Blue Marble,118,14,0.9999999973486524,2.651350825646224e-09,"Sagittarius - The Blue Marble (1969, Together)",0,30,== Discography ==
http://dbpedia.org/class/yago/Photograph103925226,http://dbpedia.org/resource/The_Blue_Marble,The Blue Marble,118,14,0.9999999973486524,2.651350825646224e-09,"Sagittarius - The Blue Marble (1969, Together)",0,30,== Discography ==
http://dbpedia.org/class/yago/PhysicalEntity100001930,http://dbpedia.org/resource/The_Blue_Marble,The Blue Marble,118,14,0.9999999973486524,2.651350825646224e-09,"Sagittarius - The Blue Marble (1969, Together)",0,30,== Discography ==
http://dbpedia.org/class/yago/Product104007894,http://dbpedia.org/resource/The_Blue_Marble,The Blue Marble,118,14,0.9999999973486524,2.651350825646224e-09,"Sagittarius - The Blue Marble (1969, Together)",0,30,== Discography ==
http://dbpedia.org/class/yago/Representation104076846,http://dbpedia.org/resource/The_Blue_Marble,The Blue Marble,118,14,0.9999999973486524,2.651350825646224e-09,"Sagittarius - The Blue Marble (1969, Together)",0,30,== Discography ==
http://dbpedia.org/class/yago/Whole100003553,http://dbpedia.org/resource/The_Blue_Marble,The Blue Marble,118,14,0.9999999973486524,2.651350825646224e-09,"Sagittarius - The Blue Marble (1969, Together)",0,30,== Discography ==
http://dbpedia.org/class/yago/Wikicat1972Works,http://dbpedia.org/resource/The_Blue_Marble,The Blue Marble,118,14,0.9999999973486524,2.651350825646224e-09,"Sagittarius - The Blue Marble (1969, Together)",0,30,== Discography ==
http://dbpedia.org/class/yago/WikicatIdioms,http://dbpedia.org/resource/Henny_Penny,Chicken Little,70,17,0.9594701082198828,0.0399686570607163,"Curt Boettcher - Chicken Little Was Right (2004, Revola)As Producer:",0,32,== Discography ==
http://dbpedia.org/class/yago/WikicatJatakaTales,http://dbpedia.org/resource/Henny_Penny,Chicken Little,70,17,0.9594701082198828,0.0399686570607163,"Curt Boettcher - Chicken Little Was Right (2004, Revola)As Producer:",0,32,== Discography ==
http://dbpedia.org/ontology/WrittenWork,http://dbpedia.org/resource/Henny_Penny,Chicken Little,70,17,0.9594701082198828,0.0399686570607163,"Curt Boettcher - Chicken Little Was Right (2004, Revola)As Producer:",0,32,== Discography ==
http://dbpedia.org/class/yago/Abstraction100002137,http://dbpedia.org/resource/Henny_Penny,Chicken Little,70,17,0.9594701082198828,0.0399686570607163,"Curt Boettcher - Chicken Little Was Right (2004, Revola)As Producer:",0,32,== Discography ==
http://dbpedia.org/class/yago/Communication100033020,http://dbpedia.org/resource/Henny_Penny,Chicken Little,70,17,0.9594701082198828,0.0399686570607163,"Curt Boettcher - Chicken Little Was Right (2004, Revola)As Producer:",0,32,== Discography ==
http://dbpedia.org/class/yago/ExpressiveStyle107066659,http://dbpedia.org/resource/Henny_Penny,Chicken Little,70,17,0.9594701082198828,0.0399686570607163,"Curt Boettcher - Chicken Little Was Right (2004, Revola)As Producer:",0,32,== Discography ==
http://dbpedia.org/class/yago/Fairytale107222581,http://dbpedia.org/resource/Henny_Penny,Chicken Little,70,17,0.9594701082198828,0.0399686570607163,"Curt Boettcher - Chicken Little Was Right (2004, Revola)As Producer:",0,32,== Discography ==
http://dbpedia.org/class/yago/Formulation107069948,http://dbpedia.org/resource/Henny_Penny,Chicken Little,70,17,0.9594701082198828,0.0399686570607163,"Curt Boettcher - Chicken Little Was Right (2004, Revola)As Producer:",0,32,== Discography ==
http://dbpedia.org/class/yago/Message106598915,http://dbpedia.org/resource/Henny_Penny,Chicken Little,70,17,0.9594701082198828,0.0399686570607163,"Curt Boettcher - Chicken Little Was Right (2004, Revola)As Producer:",0,32,== Discography ==
http://dbpedia.org/class/yago/Narrative107221094,http://dbpedia.org/resource/Henny_Penny,Chicken Little,70,17,0.9594701082198828,0.0399686570607163,"Curt Boettcher - Chicken Little Was Right (2004, Revola)As Producer:",0,32,== Discography ==
http://dbpedia.org/class/yago/Parlance107081177,http://dbpedia.org/resource/Henny_Penny,Chicken Little,70,17,0.9594701082198828,0.0399686570607163,"Curt Boettcher - Chicken Little Was Right (2004, Revola)As Producer:",0,32,== Discography ==
http://dbpedia.org/class/yago/WikicatFairyTales,http://dbpedia.org/resource/Henny_Penny,Chicken Little,70,17,0.9594701082198828,0.0399686570607163,"Curt Boettcher - Chicken Little Was Right (2004, Revola)As Producer:",0,32,== Discography ==
http://www.w3.org/2002/07/owl#Thing,http://dbpedia.org/resource/Jameson_Irish_Whiskey,Jameson,185,0,0.4417906748364557,0.7025950218233524,Jameson - Color Him,0,36,== Discography ==
http://www.w3.org/2003/01/geo/wgs84_pos#SpatialThing,http://dbpedia.org/resource/Jameson_Irish_Whiskey,Jameson,185,0,0.4417906748364557,0.7025950218233524,Jameson - Color Him,0,36,== Discography ==
http://dbpedia.org/class/yago/WikicatIrishAlcoholicBeverages,http://dbpedia.org/resource/Jameson_Irish_Whiskey,Jameson,185,0,0.4417906748364557,0.7025950218233524,Jameson - Color Him,0,36,== Discography ==
http://dbpedia.org/class/yago/WikicatPernodRicardBrands,http://dbpedia.org/resource/Jameson_Irish_Whiskey,Jameson,185,0,0.4417906748364557,0.7025950218233524,Jameson - Color Him,0,36,== Discography ==
http://dbpedia.org/ontology/Beverage,http://dbpedia.org/resource/Jameson_Irish_Whiskey,Jameson,185,0,0.4417906748364557,0.7025950218233524,Jameson - Color Him,0,36,== Discography ==
http://dbpedia.org/ontology/EthnicGroup,http://dbpedia.org/resource/Jameson_Irish_Whiskey,Jameson,185,0,0.4417906748364557,0.7025950218233524,Jameson - Color Him,0,36,== Discography ==
http://umbel.org/umbel/rc/Drink,http://dbpedia.org/resource/Jameson_Irish_Whiskey,Jameson,185,0,0.4417906748364557,0.7025950218233524,Jameson - Color Him,0,36,== Discography ==
http://dbpedia.org/class/yago/Abstraction100002137,http://dbpedia.org/resource/Jameson_Irish_Whiskey,Jameson,185,0,0.4417906748364557,0.7025950218233524,Jameson - Color Him,0,36,== Discography ==
http://dbpedia.org/class/yago/Agent114778436,http://dbpedia.org/resource/Jameson_Irish_Whiskey,Jameson,185,0,0.4417906748364557,0.7025950218233524,Jameson - Color Him,0,36,== Discography ==
http://dbpedia.org/class/yago/Alcohol107884567,http://dbpedia.org/resource/Jameson_Irish_Whiskey,Jameson,185,0,0.4417906748364557,0.7025950218233524,Jameson - Color Him,0,36,== Discography ==
http://dbpedia.org/class/yago/Beverage107881800,http://dbpedia.org/resource/Jameson_Irish_Whiskey,Jameson,185,0,0.4417906748364557,0.7025950218233524,Jameson - Color Him,0,36,== Discography ==
http://dbpedia.org/class/yago/CausalAgent100007347,http://dbpedia.org/resource/Jameson_Irish_Whiskey,Jameson,185,0,0.4417906748364557,0.7025950218233524,Jameson - Color Him,0,36,== Discography ==
http://dbpedia.org/class/yago/Drug103247620,http://dbpedia.org/resource/Jameson_Irish_Whiskey,Jameson,185,0,0.4417906748364557,0.7025950218233524,Jameson - Color Him,0,36,== Discography ==
http://dbpedia.org/class/yago/DrugOfAbuse103248958,http://dbpedia.org/resource/Jameson_Irish_Whiskey,Jameson,185,0,0.4417906748364557,0.7025950218233524,Jameson - Color Him,0,36,== Discography ==
http://dbpedia.org/class/yago/Fluid114939900,http://dbpedia.org/resource/Jameson_Irish_Whiskey,Jameson,185,0,0.4417906748364557,0.7025950218233524,Jameson - Color Him,0,36,== Discography ==
http://dbpedia.org/class/yago/Food100021265,http://dbpedia.org/resource/Jameson_Irish_Whiskey,Jameson,185,0,0.4417906748364557,0.7025950218233524,Jameson - Color Him,0,36,== Discography ==
http://dbpedia.org/class/yago/LanguageUnit106284225,http://dbpedia.org/resource/Jameson_Irish_Whiskey,Jameson,185,0,0.4417906748364557,0.7025950218233524,Jameson - Color Him,0,36,== Discography ==
http://dbpedia.org/class/yago/Liquid114940386,http://dbpedia.org/resource/Jameson_Irish_Whiskey,Jameson,185,0,0.4417906748364557,0.7025950218233524,Jameson - Color Him,0,36,== Discography ==
http://dbpedia.org/class/yago/Matter100020827,http://dbpedia.org/resource/Jameson_Irish_Whiskey,Jameson,185,0,0.4417906748364557,0.7025950218233524,Jameson - Color Him,0,36,== Discography ==
http://dbpedia.org/class/yago/Name106333653,http://dbpedia.org/resource/Jameson_Irish_Whiskey,Jameson,185,0,0.4417906748364557,0.7025950218233524,Jameson - Color Him,0,36,== Discography ==
http://dbpedia.org/class/yago/Part113809207,http://dbpedia.org/resource/Jameson_Irish_Whiskey,Jameson,185,0,0.4417906748364557,0.7025950218233524,Jameson - Color Him,0,36,== Discography ==
http://dbpedia.org/class/yago/PhysicalEntity100001930,http://dbpedia.org/resource/Jameson_Irish_Whiskey,Jameson,185,0,0.4417906748364557,0.7025950218233524,Jameson - Color Him,0,36,== Discography ==
http://dbpedia.org/class/yago/Relation100031921,http://dbpedia.org/resource/Jameson_Irish_Whiskey,Jameson,185,0,0.4417906748364557,0.7025950218233524,Jameson - Color Him,0,36,== Discography ==
http://dbpedia.org/class/yago/Substance100019613,http://dbpedia.org/resource/Jameson_Irish_Whiskey,Jameson,185,0,0.4417906748364557,0.7025950218233524,Jameson - Color Him,0,36,== Discography ==
http://dbpedia.org/class/yago/Substance100020090,http://dbpedia.org/resource/Jameson_Irish_Whiskey,Jameson,185,0,0.4417906748364557,0.7025950218233524,Jameson - Color Him,0,36,== Discography ==
http://dbpedia.org/class/yago/TradeName106845599,http://dbpedia.org/resource/Jameson_Irish_Whiskey,Jameson,185,0,0.4417906748364557,0.7025950218233524,Jameson - Color Him,0,36,== Discography ==
http://www.w3.org/2002/07/owl#Thing,http://dbpedia.org/resource/Eternity,Eternity,467,0,0.983748756953764,0.0160141756581369,"Eternity's Children - Eternity's Children (1968, Tower)",0,37,== Discography ==
http://www.w3.org/2002/07/owl#Thing,http://dbpedia.org/resource/Eternity,Eternity,467,22,0.983748756953764,0.0160141756581369,"Eternity's Children - Eternity's Children (1968, Tower)",0,37,== Discography ==
http://www.w3.org/2002/07/owl#Thing,http://dbpedia.org/resource/Hurricane_Sandy,Sandy,1838,18,0.7954111581897008,0.1464507920001911,Sandy Salisbury - Sandy (1969),0,40,== Discography ==
http://dbpedia.org/class/yago/WikicatHurricanesInBermuda,http://dbpedia.org/resource/Hurricane_Sandy,Sandy,1838,18,0.7954111581897008,0.1464507920001911,Sandy Salisbury - Sandy (1969),0,40,== Discography ==
http://dbpedia.org/class/yago/WikicatHurricanesInCanada,http://dbpedia.org/resource/Hurricane_Sandy,Sandy,1838,18,0.7954111581897008,0.1464507920001911,Sandy Salisbury - Sandy (1969),0,40,== Discography ==
http://dbpedia.org/class/yago/WikicatHurricanesInConnecticut,http://dbpedia.org/resource/Hurricane_Sandy,Sandy,1838,18,0.7954111581897008,0.1464507920001911,Sandy Salisbury - Sandy (1969),0,40,== Discography ==
http://dbpedia.org/class/yago/WikicatHurricanesInCuba,http://dbpedia.org/resource/Hurricane_Sandy,Sandy,1838,18,0.7954111581897008,0.1464507920001911,Sandy Salisbury - Sandy (1969),0,40,== Discography ==
http://dbpedia.org/class/yago/WikicatHurricanesInDelaware,http://dbpedia.org/resource/Hurricane_Sandy,Sandy,1838,18,0.7954111581897008,0.1464507920001911,Sandy Salisbury - Sandy (1969),0,40,== Discography ==
http://dbpedia.org/class/yago/WikicatHurricanesInFlorida,http://dbpedia.org/resource/Hurricane_Sandy,Sandy,1838,18,0.7954111581897008,0.1464507920001911,Sandy Salisbury - Sandy (1969),0,40,== Discography ==
http://dbpedia.org/class/yago/WikicatHurricanesInHaiti,http://dbpedia.org/resource/Hurricane_Sandy,Sandy,1838,18,0.7954111581897008,0.1464507920001911,Sandy Salisbury - Sandy (1969),0,40,== Discography ==
http://dbpedia.org/class/yago/WikicatHurricanesInIllinois,http://dbpedia.org/resource/Hurricane_Sandy,Sandy,1838,18,0.7954111581897008,0.1464507920001911,Sandy Salisbury - Sandy (1969),0,40,== Discography ==
http://dbpedia.org/class/yago/WikicatHurricanesInJamaica,http://dbpedia.org/resource/Hurricane_Sandy,Sandy,1838,18,0.7954111581897008,0.1464507920001911,Sandy Salisbury - Sandy (1969),0,40,== Discography ==
http://dbpedia.org/class/yago/WikicatHurricanesInKentucky,http://dbpedia.org/resource/Hurricane_Sandy,Sandy,1838,18,0.7954111581897008,0.1464507920001911,Sandy Salisbury - Sandy (1969),0,40,== Discography ==
http://dbpedia.org/class/yago/WikicatHurricanesInMaine,http://dbpedia.org/resource/Hurricane_Sandy,Sandy,1838,18,0.7954111581897008,0.1464507920001911,Sandy Salisbury - Sandy (1969),0,40,== Discography ==
http://dbpedia.org/class/yago/WikicatHurricanesInMaryland,http://dbpedia.org/resource/Hurricane_Sandy,Sandy,1838,18,0.7954111581897008,0.1464507920001911,Sandy Salisbury - Sandy (1969),0,40,== Discography ==
http://dbpedia.org/class/yago/WikicatHurricanesInMassachusetts,http://dbpedia.org/resource/Hurricane_Sandy,Sandy,1838,18,0.7954111581897008,0.1464507920001911,Sandy Salisbury - Sandy (1969),0,40,== Discography ==
http://dbpedia.org/class/yago/WikicatHurricanesInMichigan,http://dbpedia.org/resource/Hurricane_Sandy,Sandy,1838,18,0.7954111581897008,0.1464507920001911,Sandy Salisbury - Sandy (1969),0,40,== Discography ==
http://dbpedia.org/class/yago/WikicatHurricanesInNewEngland,http://dbpedia.org/resource/Hurricane_Sandy,Sandy,1838,18,0.7954111581897008,0.1464507920001911,Sandy Salisbury - Sandy (1969),0,40,== Discography ==
http://dbpedia.org/class/yago/WikicatHurricanesInNewHampshire,http://dbpedia.org/resource/Hurricane_Sandy,Sandy,1838,18,0.7954111581897008,0.1464507920001911,Sandy Salisbury - Sandy (1969),0,40,== Discography ==
http://dbpedia.org/class/yago/WikicatHurricanesInNewJersey,http://dbpedia.org/resource/Hurricane_Sandy,Sandy,1838,18,0.7954111581897008,0.1464507920001911,Sandy Salisbury - Sandy (1969),0,40,== Discography ==
http://dbpedia.org/class/yago/WikicatHurricanesInNewYork,http://dbpedia.org/resource/Hurricane_Sandy,Sandy,1838,18,0.7954111581897008,0.1464507920001911,Sandy Salisbury - Sandy (1969),0,40,== Discography ==
http://dbpedia.org/class/yago/WikicatHurricanesInNorthCarolina,http://dbpedia.org/resource/Hurricane_Sandy,Sandy,1838,18,0.7954111581897008,0.1464507920001911,Sandy Salisbury - Sandy (1969),0,40,== Discography ==
http://dbpedia.org/class/yago/WikicatHurricanesInOhio,http://dbpedia.org/resource/Hurricane_Sandy,Sandy,1838,18,0.7954111581897008,0.1464507920001911,Sandy Salisbury - Sandy (1969),0,40,== Discography ==
http://dbpedia.org/class/yago/WikicatHurricanesInPennsylvania,http://dbpedia.org/resource/Hurricane_Sandy,Sandy,1838,18,0.7954111581897008,0.1464507920001911,Sandy Salisbury - Sandy (1969),0,40,== Discography ==
http://dbpedia.org/class/yago/WikicatHurricanesInPuertoRico,http://dbpedia.org/resource/Hurricane_Sandy,Sandy,1838,18,0.7954111581897008,0.1464507920001911,Sandy Salisbury - Sandy (1969),0,40,== Discography ==
http://dbpedia.org/class/yago/WikicatHurricanesInRhodeIsland,http://dbpedia.org/resource/Hurricane_Sandy,Sandy,1838,18,0.7954111581897008,0.1464507920001911,Sandy Salisbury - Sandy (1969),0,40,== Discography ==
http://dbpedia.org/class/yago/WikicatHurricanesInSouthCarolina,http://dbpedia.org/resource/Hurricane_Sandy,Sandy,1838,18,0.7954111581897008,0.1464507920001911,Sandy Salisbury - Sandy (1969),0,40,== Discography ==
http://dbpedia.org/class/yago/WikicatHurricanesInTennessee,http://dbpedia.org/resource/Hurricane_Sandy,Sandy,1838,18,0.7954111581897008,0.1464507920001911,Sandy Salisbury - Sandy (1969),0,40,== Discography ==
http://dbpedia.org/class/yago/WikicatHurricanesInTheBahamas,http://dbpedia.org/resource/Hurricane_Sandy,Sandy,1838,18,0.7954111581897008,0.1464507920001911,Sandy Salisbury - Sandy (1969),0,40,== Discography ==
http://dbpedia.org/class/yago/WikicatHurricanesInTheDominicanRepublic,http://dbpedia.org/resource/Hurricane_Sandy,Sandy,1838,18,0.7954111581897008,0.1464507920001911,Sandy Salisbury - Sandy (1969),0,40,== Discography ==
http://dbpedia.org/class/yago/WikicatHurricanesInTheUnitedStates,http://dbpedia.org/resource/Hurricane_Sandy,Sandy,1838,18,0.7954111581897008,0.1464507920001911,Sandy Salisbury - Sandy (1969),0,40,== Discography ==
http://dbpedia.org/class/yago/WikicatHurricanesInVermont,http://dbpedia.org/resource/Hurricane_Sandy,Sandy,1838,18,0.7954111581897008,0.1464507920001911,Sandy Salisbury - Sandy (1969),0,40,== Discography ==
http://dbpedia.org/class/yago/WikicatHurricanesInVirginia,http://dbpedia.org/resource/Hurricane_Sandy,Sandy,1838,18,0.7954111581897008,0.1464507920001911,Sandy Salisbury - Sandy (1969),0,40,== Discography ==
"http://dbpedia.org/class/yago/WikicatHurricanesInWashington,D.C.",http://dbpedia.org/resource/Hurricane_Sandy,Sandy,1838,18,0.7954111581897008,0.1464507920001911,Sandy Salisbury - Sandy (1969),0,40,== Discography ==
http://dbpedia.org/class/yago/WikicatHurricanesInWestVirginia,http://dbpedia.org/resource/Hurricane_Sandy,Sandy,1838,18,0.7954111581897008,0.1464507920001911,Sandy Salisbury - Sandy (1969),0,40,== Discography ==
http://dbpedia.org/class/yago/WikicatBlizzardsInTheUnitedStates,http://dbpedia.org/resource/Hurricane_Sandy,Sandy,1838,18,0.7954111581897008,0.1464507920001911,Sandy Salisbury - Sandy (1969),0,40,== Discography ==
http://dbpedia.org/class/yago/WikicatCategory1AtlanticHurricanes,http://dbpedia.org/resource/Hurricane_Sandy,Sandy,1838,18,0.7954111581897008,0.1464507920001911,Sandy Salisbury - Sandy (1969),0,40,== Discography ==
http://dbpedia.org/class/yago/WikicatCategory2AtlanticHurricanes,http://dbpedia.org/resource/Hurricane_Sandy,Sandy,1838,18,0.7954111581897008,0.1464507920001911,Sandy Salisbury - Sandy (1969),0,40,== Discography ==
http://dbpedia.org/class/yago/WikicatCategory3AtlanticHurricanes,http://dbpedia.org/resource/Hurricane_Sandy,Sandy,1838,18,0.7954111581897008,0.1464507920001911,Sandy Salisbury - Sandy (1969),0,40,== Discography ==
http://dbpedia.org/class/yago/Windstorm111527014,http://dbpedia.org/resource/Hurricane_Sandy,Sandy,1838,18,0.7954111581897008,0.1464507920001911,Sandy Salisbury - Sandy (1969),0,40,== Discography ==
http://dbpedia.org/class/yago/WikicatRetiredAtlanticHurricanes,http://dbpedia.org/resource/Hurricane_Sandy,Sandy,1838,18,0.7954111581897008,0.1464507920001911,Sandy Salisbury - Sandy (1969),0,40,== Discography ==
http://dbpedia.org/class/yago/Atmosphere114520278,http://dbpedia.org/resource/Hurricane_Sandy,Sandy,1838,18,0.7954111581897008,0.1464507920001911,Sandy Salisbury - Sandy (1969),0,40,== Discography ==
http://dbpedia.org/class/yago/AtmosphericPhenomenon111425580,http://dbpedia.org/resource/Hurricane_Sandy,Sandy,1838,18,0.7954111581897008,0.1464507920001911,Sandy Salisbury - Sandy (1969),0,40,== Discography ==
http://dbpedia.org/class/yago/Blizzard111509570,http://dbpedia.org/resource/Hurricane_Sandy,Sandy,1838,18,0.7954111581897008,0.1464507920001911,Sandy Salisbury - Sandy (1969),0,40,== Discography ==
http://dbpedia.org/class/yago/Cyclone111443721,http://dbpedia.org/resource/Hurricane_Sandy,Sandy,1838,18,0.7954111581897008,0.1464507920001911,Sandy Salisbury - Sandy (1969),0,40,== Discography ==
http://dbpedia.org/class/yago/Cyclone114521302,http://dbpedia.org/resource/Hurricane_Sandy,Sandy,1838,18,0.7954111581897008,0.1464507920001911,Sandy Salisbury - Sandy (1969),0,40,== Discography ==
http://dbpedia.org/class/yago/Hurricane111467018,http://dbpedia.org/resource/Hurricane_Sandy,Sandy,1838,18,0.7954111581897008,0.1464507920001911,Sandy Salisbury - Sandy (1969),0,40,== Discography ==
http://dbpedia.org/class/yago/NaturalPhenomenon111408559,http://dbpedia.org/resource/Hurricane_Sandy,Sandy,1838,18,0.7954111581897008,0.1464507920001911,Sandy Salisbury - Sandy (1969),0,40,== Discography ==
http://dbpedia.org/class/yago/Phenomenon100034213,http://dbpedia.org/resource/Hurricane_Sandy,Sandy,1838,18,0.7954111581897008,0.1464507920001911,Sandy Salisbury - Sandy (1969),0,40,== Discography ==
http://dbpedia.org/class/yago/PhysicalEntity100001930,http://dbpedia.org/resource/Hurricane_Sandy,Sandy,1838,18,0.7954111581897008,0.1464507920001911,Sandy Salisbury - Sandy (1969),0,40,== Discography ==
http://dbpedia.org/class/yago/PhysicalPhenomenon111419404,http://dbpedia.org/resource/Hurricane_Sandy,Sandy,1838,18,0.7954111581897008,0.1464507920001911,Sandy Salisbury - Sandy (1969),0,40,== Discography ==
http://dbpedia.org/class/yago/Process100029677,http://dbpedia.org/resource/Hurricane_Sandy,Sandy,1838,18,0.7954111581897008,0.1464507920001911,Sandy Salisbury - Sandy (1969),0,40,== Discography ==
http://dbpedia.org/class/yago/Storm111462526,http://dbpedia.org/resource/Hurricane_Sandy,Sandy,1838,18,0.7954111581897008,0.1464507920001911,Sandy Salisbury - Sandy (1969),0,40,== Discography ==
http://dbpedia.org/class/yago/Tornado111519450,http://dbpedia.org/resource/Hurricane_Sandy,Sandy,1838,18,0.7954111581897008,0.1464507920001911,Sandy Salisbury - Sandy (1969),0,40,== Discography ==
http://dbpedia.org/class/yago/Weather111524662,http://dbpedia.org/resource/Hurricane_Sandy,Sandy,1838,18,0.7954111581897008,0.1464507920001911,Sandy Salisbury - Sandy (1969),0,40,== Discography ==
http://dbpedia.org/class/yago/WikicatEuropeanWindstorms,http://dbpedia.org/resource/Hurricane_Sandy,Sandy,1838,18,0.7954111581897008,0.1464507920001911,Sandy Salisbury - Sandy (1969),0,40,== Discography ==
http://dbpedia.org/class/yago/WikicatTornadoesOf2012,http://dbpedia.org/resource/Hurricane_Sandy,Sandy,1838,18,0.7954111581897008,0.1464507920001911,Sandy Salisbury - Sandy (1969),0,40,== Discography ==
http://dbpedia.org/class/yago/WikicatTropicalCyclones,http://dbpedia.org/resource/Hurricane_Sandy,Sandy,1838,18,0.7954111581897008,0.1464507920001911,Sandy Salisbury - Sandy (1969),0,40,== Discography ==
http://www.w3.org/2002/07/owl#Thing,http://dbpedia.org/resource/Remix,remix,6659,50,0.9897742661737954,0.0103310406664708,"The Beach Boys - ""Here Comes the Night"" (extended remix), on L.A. (Light Album) (1979, Brother/Caribou/CBS)",0,43,== Discography ==
http://dbpedia.org/ontology/PersonFunction,http://dbpedia.org/resource/Remix,remix,6659,50,0.9897742661737954,0.0103310406664708,"The Beach Boys - ""Here Comes the Night"" (extended remix), on L.A. (Light Album) (1979, Brother/Caribou/CBS)",0,43,== Discography ==
http://dbpedia.org/ontology/MusicalWork,http://dbpedia.org/resource/Remix,remix,6659,50,0.9897742661737954,0.0103310406664708,"The Beach Boys - ""Here Comes the Night"" (extended remix), on L.A. (Light Album) (1979, Brother/Caribou/CBS)",0,43,== Discography ==
http://dbpedia.org/class/yago/Word106286395,http://dbpedia.org/resource/Remix,remix,6659,50,0.9897742661737954,0.0103310406664708,"The Beach Boys - ""Here Comes the Night"" (extended remix), on L.A. (Light Album) (1979, Brother/Caribou/CBS)",0,43,== Discography ==
http://dbpedia.org/class/yago/WikicatMusicalForms,http://dbpedia.org/resource/Remix,remix,6659,50,0.9897742661737954,0.0103310406664708,"The Beach Boys - ""Here Comes the Night"" (extended remix), on L.A. (Light Album) (1979, Brother/Caribou/CBS)",0,43,== Discography ==
http://dbpedia.org/class/yago/WikicatMusicalTechniques,http://dbpedia.org/resource/Remix,remix,6659,50,0.9897742661737954,0.0103310406664708,"The Beach Boys - ""Here Comes the Night"" (extended remix), on L.A. (Light Album) (1979, Brother/Caribou/CBS)",0,43,== Discography ==
http://dbpedia.org/class/yago/Ability105616246,http://dbpedia.org/resource/Remix,remix,6659,50,0.9897742661737954,0.0103310406664708,"The Beach Boys - ""Here Comes the Night"" (extended remix), on L.A. (Light Album) (1979, Brother/Caribou/CBS)",0,43,== Discography ==
http://dbpedia.org/class/yago/Abstraction100002137,http://dbpedia.org/resource/Remix,remix,6659,50,0.9897742661737954,0.0103310406664708,"The Beach Boys - ""Here Comes the Night"" (extended remix), on L.A. (Light Album) (1979, Brother/Caribou/CBS)",0,43,== Discography ==
http://dbpedia.org/class/yago/AuditoryCommunication107109019,http://dbpedia.org/resource/Remix,remix,6659,50,0.9897742661737954,0.0103310406664708,"The Beach Boys - ""Here Comes the Night"" (extended remix), on L.A. (Light Album) (1979, Brother/Caribou/CBS)",0,43,== Discography ==
http://dbpedia.org/class/yago/Cognition100023271,http://dbpedia.org/resource/Remix,remix,6659,50,0.9897742661737954,0.0103310406664708,"The Beach Boys - ""Here Comes the Night"" (extended remix), on L.A. (Light Album) (1979, Brother/Caribou/CBS)",0,43,== Discography ==
http://dbpedia.org/class/yago/Communication100033020,http://dbpedia.org/resource/Remix,remix,6659,50,0.9897742661737954,0.0103310406664708,"The Beach Boys - ""Here Comes the Night"" (extended remix), on L.A. (Light Album) (1979, Brother/Caribou/CBS)",0,43,== Discography ==
http://dbpedia.org/class/yago/Form106290637,http://dbpedia.org/resource/Remix,remix,6659,50,0.9897742661737954,0.0103310406664708,"The Beach Boys - ""Here Comes the Night"" (extended remix), on L.A. (Light Album) (1979, Brother/Caribou/CBS)",0,43,== Discography ==
http://dbpedia.org/class/yago/Know-how105616786,http://dbpedia.org/resource/Remix,remix,6659,50,0.9897742661737954,0.0103310406664708,"The Beach Boys - ""Here Comes the Night"" (extended remix), on L.A. (Light Album) (1979, Brother/Caribou/CBS)",0,43,== Discography ==
http://dbpedia.org/class/yago/LanguageUnit106284225,http://dbpedia.org/resource/Remix,remix,6659,50,0.9897742661737954,0.0103310406664708,"The Beach Boys - ""Here Comes the Night"" (extended remix), on L.A. (Light Album) (1979, Brother/Caribou/CBS)",0,43,== Discography ==
http://dbpedia.org/class/yago/Method105660268,http://dbpedia.org/resource/Remix,remix,6659,50,0.9897742661737954,0.0103310406664708,"The Beach Boys - ""Here Comes the Night"" (extended remix), on L.A. (Light Album) (1979, Brother/Caribou/CBS)",0,43,== Discography ==
http://dbpedia.org/class/yago/Music107020895,http://dbpedia.org/resource/Remix,remix,6659,50,0.9897742661737954,0.0103310406664708,"The Beach Boys - ""Here Comes the Night"" (extended remix), on L.A. (Light Album) (1979, Brother/Caribou/CBS)",0,43,== Discography ==
http://dbpedia.org/class/yago/MusicalComposition107037465,http://dbpedia.org/resource/Remix,remix,6659,50,0.9897742661737954,0.0103310406664708,"The Beach Boys - ""Here Comes the Night"" (extended remix), on L.A. (Light Album) (1979, Brother/Caribou/CBS)",0,43,== Discography ==
http://dbpedia.org/class/yago/Part113809207,http://dbpedia.org/resource/Remix,remix,6659,50,0.9897742661737954,0.0103310406664708,"The Beach Boys - ""Here Comes the Night"" (extended remix), on L.A. (Light Album) (1979, Brother/Caribou/CBS)",0,43,== Discography ==
http://dbpedia.org/class/yago/PsychologicalFeature100023100,http://dbpedia.org/resource/Remix,remix,6659,50,0.9897742661737954,0.0103310406664708,"The Beach Boys - ""Here Comes the Night"" (extended remix), on L.A. (Light Album) (1979, Brother/Caribou/CBS)",0,43,== Discography ==
http://dbpedia.org/class/yago/Relation100031921,http://dbpedia.org/resource/Remix,remix,6659,50,0.9897742661737954,0.0103310406664708,"The Beach Boys - ""Here Comes the Night"" (extended remix), on L.A. (Light Album) (1979, Brother/Caribou/CBS)",0,43,== Discography ==
http://dbpedia.org/class/yago/Song107048000,http://dbpedia.org/resource/Remix,remix,6659,50,0.9897742661737954,0.0103310406664708,"The Beach Boys - ""Here Comes the Night"" (extended remix), on L.A. (Light Album) (1979, Brother/Caribou/CBS)",0,43,== Discography ==
http://dbpedia.org/class/yago/Technique105665146,http://dbpedia.org/resource/Remix,remix,6659,50,0.9897742661737954,0.0103310406664708,"The Beach Boys - ""Here Comes the Night"" (extended remix), on L.A. (Light Album) (1979, Brother/Caribou/CBS)",0,43,== Discography ==
http://dbpedia.org/class/yago/WikicatSongs,http://dbpedia.org/resource/Remix,remix,6659,50,0.9897742661737954,0.0103310406664708,"The Beach Boys - ""Here Comes the Night"" (extended remix), on L.A. (Light Album) (1979, Brother/Caribou/CBS)",0,43,== Discography ==
http://www.w3.org/2002/07/owl#Thing,http://dbpedia.org/resource/Compilation_album,Various Artists,11366,0,0.9999999981601492,1.7818598239158603e-09,"Various Artists: Looking for the Sun: The Lost Productions of Curt Boettcher and Friends (2019, High  Moon Records)Appears on:",0,47,== Discography ==
http://dbpedia.org/class/yago/WikicatAlbums,http://dbpedia.org/resource/Compilation_album,Various Artists,11366,0,0.9999999981601492,1.7818598239158603e-09,"Various Artists: Looking for the Sun: The Lost Productions of Curt Boettcher and Friends (2019, High  Moon Records)Appears on:",0,47,== Discography ==
http://dbpedia.org/ontology/MusicGenre,http://dbpedia.org/resource/Compilation_album,Various Artists,11366,0,0.9999999981601492,1.7818598239158603e-09,"Various Artists: Looking for the Sun: The Lost Productions of Curt Boettcher and Friends (2019, High  Moon Records)Appears on:",0,47,== Discography ==
http://dbpedia.org/class/yago/WikicatCompilationAlbums,http://dbpedia.org/resource/Compilation_album,Various Artists,11366,0,0.9999999981601492,1.7818598239158603e-09,"Various Artists: Looking for the Sun: The Lost Productions of Curt Boettcher and Friends (2019, High  Moon Records)Appears on:",0,47,== Discography ==
http://dbpedia.org/class/yago/Album106591815,http://dbpedia.org/resource/Compilation_album,Various Artists,11366,0,0.9999999981601492,1.7818598239158603e-09,"Various Artists: Looking for the Sun: The Lost Productions of Curt Boettcher and Friends (2019, High  Moon Records)Appears on:",0,47,== Discography ==
http://dbpedia.org/class/yago/Artifact100021939,http://dbpedia.org/resource/Compilation_album,Various Artists,11366,0,0.9999999981601492,1.7818598239158603e-09,"Various Artists: Looking for the Sun: The Lost Productions of Curt Boettcher and Friends (2019, High  Moon Records)Appears on:",0,47,== Discography ==
http://dbpedia.org/class/yago/Instrumentality103575240,http://dbpedia.org/resource/Compilation_album,Various Artists,11366,0,0.9999999981601492,1.7818598239158603e-09,"Various Artists: Looking for the Sun: The Lost Productions of Curt Boettcher and Friends (2019, High  Moon Records)Appears on:",0,47,== Discography ==
http://dbpedia.org/class/yago/Medium106254669,http://dbpedia.org/resource/Compilation_album,Various Artists,11366,0,0.9999999981601492,1.7818598239158603e-09,"Various Artists: Looking for the Sun: The Lost Productions of Curt Boettcher and Friends (2019, High  Moon Records)Appears on:",0,47,== Discography ==
http://dbpedia.org/class/yago/Object100002684,http://dbpedia.org/resource/Compilation_album,Various Artists,11366,0,0.9999999981601492,1.7818598239158603e-09,"Various Artists: Looking for the Sun: The Lost Productions of Curt Boettcher and Friends (2019, High  Moon Records)Appears on:",0,47,== Discography ==
http://dbpedia.org/class/yago/PhysicalEntity100001930,http://dbpedia.org/resource/Compilation_album,Various Artists,11366,0,0.9999999981601492,1.7818598239158603e-09,"Various Artists: Looking for the Sun: The Lost Productions of Curt Boettcher and Friends (2019, High  Moon Records)Appears on:",0,47,== Discography ==
http://dbpedia.org/class/yago/Whole100003553,http://dbpedia.org/resource/Compilation_album,Various Artists,11366,0,0.9999999981601492,1.7818598239158603e-09,"Various Artists: Looking for the Sun: The Lost Productions of Curt Boettcher and Friends (2019, High  Moon Records)Appears on:",0,47,== Discography ==
http://www.w3.org/2002/07/owl#Thing,http://dbpedia.org/resource/Sun,Sun,21264,33,0.8313436010424997,0.1834693653605254,"Various Artists: Looking for the Sun: The Lost Productions of Curt Boettcher and Friends (2019, High  Moon Records)Appears on:",0,47,== Discography ==
http://dbpedia.org/ontology/Star,http://dbpedia.org/resource/Sun,Sun,21264,33,0.8313436010424997,0.1834693653605254,"Various Artists: Looking for the Sun: The Lost Productions of Curt Boettcher and Friends (2019, High  Moon Records)Appears on:",0,47,== Discography ==
http://dbpedia.org/class/yago/CelestialBody109239740,http://dbpedia.org/resource/Sun,Sun,21264,33,0.8313436010424997,0.1834693653605254,"Various Artists: Looking for the Sun: The Lost Productions of Curt Boettcher and Friends (2019, High  Moon Records)Appears on:",0,47,== Discography ==
http://dbpedia.org/class/yago/NaturalObject100019128,http://dbpedia.org/resource/Sun,Sun,21264,33,0.8313436010424997,0.1834693653605254,"Various Artists: Looking for the Sun: The Lost Productions of Curt Boettcher and Friends (2019, High  Moon Records)Appears on:",0,47,== Discography ==
http://dbpedia.org/class/yago/Object100002684,http://dbpedia.org/resource/Sun,Sun,21264,33,0.8313436010424997,0.1834693653605254,"Various Artists: Looking for the Sun: The Lost Productions of Curt Boettcher and Friends (2019, High  Moon Records)Appears on:",0,47,== Discography ==
http://dbpedia.org/class/yago/PhysicalEntity100001930,http://dbpedia.org/resource/Sun,Sun,21264,33,0.8313436010424997,0.1834693653605254,"Various Artists: Looking for the Sun: The Lost Productions of Curt Boettcher and Friends (2019, High  Moon Records)Appears on:",0,47,== Discography ==
http://dbpedia.org/class/yago/Star109444100,http://dbpedia.org/resource/Sun,Sun,21264,33,0.8313436010424997,0.1834693653605254,"Various Artists: Looking for the Sun: The Lost Productions of Curt Boettcher and Friends (2019, High  Moon Records)Appears on:",0,47,== Discography ==
http://dbpedia.org/class/yago/Whole100003553,http://dbpedia.org/resource/Sun,Sun,21264,33,0.8313436010424997,0.1834693653605254,"Various Artists: Looking for the Sun: The Lost Productions of Curt Boettcher and Friends (2019, High  Moon Records)Appears on:",0,47,== Discography ==
http://dbpedia.org/class/yago/WikicatG-typeMain-sequenceStars,http://dbpedia.org/resource/Sun,Sun,21264,33,0.8313436010424997,0.1834693653605254,"Various Artists: Looking for the Sun: The Lost Productions of Curt Boettcher and Friends (2019, High  Moon Records)Appears on:",0,47,== Discography ==
http://dbpedia.org/class/yago/WikicatG-typeStars,http://dbpedia.org/resource/Sun,Sun,21264,33,0.8313436010424997,0.1834693653605254,"Various Artists: Looking for the Sun: The Lost Productions of Curt Boettcher and Friends (2019, High  Moon Records)Appears on:",0,47,== Discography ==
http://dbpedia.org/class/yago/WikicatStars,http://dbpedia.org/resource/Sun,Sun,21264,33,0.8313436010424997,0.1834693653605254,"Various Artists: Looking for the Sun: The Lost Productions of Curt Boettcher and Friends (2019, High  Moon Records)Appears on:",0,47,== Discography ==
http://dbpedia.org/class/yago/WikicatStarsWithProperNames,http://dbpedia.org/resource/Sun,Sun,21264,33,0.8313436010424997,0.1834693653605254,"Various Artists: Looking for the Sun: The Lost Productions of Curt Boettcher and Friends (2019, High  Moon Records)Appears on:",0,47,== Discography ==
http://www.w3.org/2002/07/owl#Thing,http://dbpedia.org/resource/Friar_Tuck,Friar Tuck,224,0,0.9998111746293924,0.00018886103228727484,"Friar Tuck - Friar Tuck and his Psychedelic Guitar (1967, Mercury)",0,49,== Discography ==
http://dbpedia.org/ontology/Person,http://dbpedia.org/resource/Friar_Tuck,Friar Tuck,224,0,0.9998111746293924,0.00018886103228727484,"Friar Tuck - Friar Tuck and his Psychedelic Guitar (1967, Mercury)",0,49,== Discography ==
http://dbpedia.org/class/yago/Worker109632518,http://dbpedia.org/resource/Friar_Tuck,Friar Tuck,224,0,0.9998111746293924,0.00018886103228727484,"Friar Tuck - Friar Tuck and his Psychedelic Guitar (1967, Mercury)",0,49,== Discography ==
http://dbpedia.org/class/yago/Wrongdoer109633969,http://dbpedia.org/resource/Friar_Tuck,Friar Tuck,224,0,0.9998111746293924,0.00018886103228727484,"Friar Tuck - Friar Tuck and his Psychedelic Guitar (1967, Mercury)",0,49,== Discography ==
http://dbpedia.org/class/yago/YagoLegalActor,http://dbpedia.org/resource/Friar_Tuck,Friar Tuck,224,0,0.9998111746293924,0.00018886103228727484,"Friar Tuck - Friar Tuck and his Psychedelic Guitar (1967, Mercury)",0,49,== Discography ==
http://dbpedia.org/class/yago/YagoLegalActorGeo,http://dbpedia.org/resource/Friar_Tuck,Friar Tuck,224,0,0.9998111746293924,0.00018886103228727484,"Friar Tuck - Friar Tuck and his Psychedelic Guitar (1967, Mercury)",0,49,== Discography ==
http://dbpedia.org/class/yago/WikicatMerryMen,http://dbpedia.org/resource/Friar_Tuck,Friar Tuck,224,0,0.9998111746293924,0.00018886103228727484,"Friar Tuck - Friar Tuck and his Psychedelic Guitar (1967, Mercury)",0,49,== Discography ==
http://dbpedia.org/class/yago/Adult109605289,http://dbpedia.org/resource/Friar_Tuck,Friar Tuck,224,0,0.9998111746293924,0.00018886103228727484,"Friar Tuck - Friar Tuck and his Psychedelic Guitar (1967, Mercury)",0,49,== Discography ==
http://dbpedia.org/class/yago/BadPerson109831962,http://dbpedia.org/resource/Friar_Tuck,Friar Tuck,224,0,0.9998111746293924,0.00018886103228727484,"Friar Tuck - Friar Tuck and his Psychedelic Guitar (1967, Mercury)",0,49,== Discography ==
http://dbpedia.org/class/yago/CausalAgent100007347,http://dbpedia.org/resource/Friar_Tuck,Friar Tuck,224,0,0.9998111746293924,0.00018886103228727484,"Friar Tuck - Friar Tuck and his Psychedelic Guitar (1967, Mercury)",0,49,== Discography ==
http://dbpedia.org/class/yago/Criminal109977660,http://dbpedia.org/resource/Friar_Tuck,Friar Tuck,224,0,0.9998111746293924,0.00018886103228727484,"Friar Tuck - Friar Tuck and his Psychedelic Guitar (1967, Mercury)",0,49,== Discography ==
http://dbpedia.org/class/yago/LivingThing100004258,http://dbpedia.org/resource/Friar_Tuck,Friar Tuck,224,0,0.9998111746293924,0.00018886103228727484,"Friar Tuck - Friar Tuck and his Psychedelic Guitar (1967, Mercury)",0,49,== Discography ==
http://dbpedia.org/class/yago/Male109624168,http://dbpedia.org/resource/Friar_Tuck,Friar Tuck,224,0,0.9998111746293924,0.00018886103228727484,"Friar Tuck - Friar Tuck and his Psychedelic Guitar (1967, Mercury)",0,49,== Discography ==
http://dbpedia.org/class/yago/Man110287213,http://dbpedia.org/resource/Friar_Tuck,Friar Tuck,224,0,0.9998111746293924,0.00018886103228727484,"Friar Tuck - Friar Tuck and his Psychedelic Guitar (1967, Mercury)",0,49,== Discography ==
http://dbpedia.org/class/yago/Monk110112129,http://dbpedia.org/resource/Friar_Tuck,Friar Tuck,224,0,0.9998111746293924,0.00018886103228727484,"Friar Tuck - Friar Tuck and his Psychedelic Guitar (1967, Mercury)",0,49,== Discography ==
http://dbpedia.org/class/yago/Object100002684,http://dbpedia.org/resource/Friar_Tuck,Friar Tuck,224,0,0.9998111746293924,0.00018886103228727484,"Friar Tuck - Friar Tuck and his Psychedelic Guitar (1967, Mercury)",0,49,== Discography ==
http://dbpedia.org/class/yago/Organism100004475,http://dbpedia.org/resource/Friar_Tuck,Friar Tuck,224,0,0.9998111746293924,0.00018886103228727484,"Friar Tuck - Friar Tuck and his Psychedelic Guitar (1967, Mercury)",0,49,== Discography ==
http://dbpedia.org/class/yago/Person100007846,http://dbpedia.org/resource/Friar_Tuck,Friar Tuck,224,0,0.9998111746293924,0.00018886103228727484,"Friar Tuck - Friar Tuck and his Psychedelic Guitar (1967, Mercury)",0,49,== Discography ==
http://dbpedia.org/class/yago/PhysicalEntity100001930,http://dbpedia.org/resource/Friar_Tuck,Friar Tuck,224,0,0.9998111746293924,0.00018886103228727484,"Friar Tuck - Friar Tuck and his Psychedelic Guitar (1967, Mercury)",0,49,== Discography ==
http://dbpedia.org/class/yago/Principal110474950,http://dbpedia.org/resource/Friar_Tuck,Friar Tuck,224,0,0.9998111746293924,0.00018886103228727484,"Friar Tuck - Friar Tuck and his Psychedelic Guitar (1967, Mercury)",0,49,== Discography ==
http://dbpedia.org/class/yago/Religious110518602,http://dbpedia.org/resource/Friar_Tuck,Friar Tuck,224,0,0.9998111746293924,0.00018886103228727484,"Friar Tuck - Friar Tuck and his Psychedelic Guitar (1967, Mercury)",0,49,== Discography ==
http://dbpedia.org/class/yago/ReligiousPerson109628382,http://dbpedia.org/resource/Friar_Tuck,Friar Tuck,224,0,0.9998111746293924,0.00018886103228727484,"Friar Tuck - Friar Tuck and his Psychedelic Guitar (1967, Mercury)",0,49,== Discography ==
http://dbpedia.org/class/yago/Whole100003553,http://dbpedia.org/resource/Friar_Tuck,Friar Tuck,224,0,0.9998111746293924,0.00018886103228727484,"Friar Tuck - Friar Tuck and his Psychedelic Guitar (1967, Mercury)",0,49,== Discography ==
http://dbpedia.org/class/yago/WikicatEnglishOutlaws,http://dbpedia.org/resource/Friar_Tuck,Friar Tuck,224,0,0.9998111746293924,0.00018886103228727484,"Friar Tuck - Friar Tuck and his Psychedelic Guitar (1967, Mercury)",0,49,== Discography ==
http://dbpedia.org/class/yago/WikicatFictionalMonks,http://dbpedia.org/resource/Friar_Tuck,Friar Tuck,224,0,0.9998111746293924,0.00018886103228727484,"Friar Tuck - Friar Tuck and his Psychedelic Guitar (1967, Mercury)",0,49,== Discography ==
http://dbpedia.org/class/yago/WikicatFictionalReligiousWorkers,http://dbpedia.org/resource/Friar_Tuck,Friar Tuck,224,0,0.9998111746293924,0.00018886103228727484,"Friar Tuck - Friar Tuck and his Psychedelic Guitar (1967, Mercury)",0,49,== Discography ==
http://www.w3.org/2002/07/owl#Thing,http://dbpedia.org/resource/Friar_Tuck,Friar Tuck,224,13,0.9998111746293924,0.00018886103228727484,"Friar Tuck - Friar Tuck and his Psychedelic Guitar (1967, Mercury)",0,49,== Discography ==
http://dbpedia.org/ontology/Person,http://dbpedia.org/resource/Friar_Tuck,Friar Tuck,224,13,0.9998111746293924,0.00018886103228727484,"Friar Tuck - Friar Tuck and his Psychedelic Guitar (1967, Mercury)",0,49,== Discography ==
http://dbpedia.org/class/yago/Worker109632518,http://dbpedia.org/resource/Friar_Tuck,Friar Tuck,224,13,0.9998111746293924,0.00018886103228727484,"Friar Tuck - Friar Tuck and his Psychedelic Guitar (1967, Mercury)",0,49,== Discography ==
http://dbpedia.org/class/yago/Wrongdoer109633969,http://dbpedia.org/resource/Friar_Tuck,Friar Tuck,224,13,0.9998111746293924,0.00018886103228727484,"Friar Tuck - Friar Tuck and his Psychedelic Guitar (1967, Mercury)",0,49,== Discography ==
http://dbpedia.org/class/yago/YagoLegalActor,http://dbpedia.org/resource/Friar_Tuck,Friar Tuck,224,13,0.9998111746293924,0.00018886103228727484,"Friar Tuck - Friar Tuck and his Psychedelic Guitar (1967, Mercury)",0,49,== Discography ==
http://dbpedia.org/class/yago/YagoLegalActorGeo,http://dbpedia.org/resource/Friar_Tuck,Friar Tuck,224,13,0.9998111746293924,0.00018886103228727484,"Friar Tuck - Friar Tuck and his Psychedelic Guitar (1967, Mercury)",0,49,== Discography ==
http://dbpedia.org/class/yago/WikicatMerryMen,http://dbpedia.org/resource/Friar_Tuck,Friar Tuck,224,13,0.9998111746293924,0.00018886103228727484,"Friar Tuck - Friar Tuck and his Psychedelic Guitar (1967, Mercury)",0,49,== Discography ==
http://dbpedia.org/class/yago/Adult109605289,http://dbpedia.org/resource/Friar_Tuck,Friar Tuck,224,13,0.9998111746293924,0.00018886103228727484,"Friar Tuck - Friar Tuck and his Psychedelic Guitar (1967, Mercury)",0,49,== Discography ==
http://dbpedia.org/class/yago/BadPerson109831962,http://dbpedia.org/resource/Friar_Tuck,Friar Tuck,224,13,0.9998111746293924,0.00018886103228727484,"Friar Tuck - Friar Tuck and his Psychedelic Guitar (1967, Mercury)",0,49,== Discography ==
http://dbpedia.org/class/yago/CausalAgent100007347,http://dbpedia.org/resource/Friar_Tuck,Friar Tuck,224,13,0.9998111746293924,0.00018886103228727484,"Friar Tuck - Friar Tuck and his Psychedelic Guitar (1967, Mercury)",0,49,== Discography ==
http://dbpedia.org/class/yago/Criminal109977660,http://dbpedia.org/resource/Friar_Tuck,Friar Tuck,224,13,0.9998111746293924,0.00018886103228727484,"Friar Tuck - Friar Tuck and his Psychedelic Guitar (1967, Mercury)",0,49,== Discography ==
http://dbpedia.org/class/yago/LivingThing100004258,http://dbpedia.org/resource/Friar_Tuck,Friar Tuck,224,13,0.9998111746293924,0.00018886103228727484,"Friar Tuck - Friar Tuck and his Psychedelic Guitar (1967, Mercury)",0,49,== Discography ==
http://dbpedia.org/class/yago/Male109624168,http://dbpedia.org/resource/Friar_Tuck,Friar Tuck,224,13,0.9998111746293924,0.00018886103228727484,"Friar Tuck - Friar Tuck and his Psychedelic Guitar (1967, Mercury)",0,49,== Discography ==
http://dbpedia.org/class/yago/Man110287213,http://dbpedia.org/resource/Friar_Tuck,Friar Tuck,224,13,0.9998111746293924,0.00018886103228727484,"Friar Tuck - Friar Tuck and his Psychedelic Guitar (1967, Mercury)",0,49,== Discography ==
http://dbpedia.org/class/yago/Monk110112129,http://dbpedia.org/resource/Friar_Tuck,Friar Tuck,224,13,0.9998111746293924,0.00018886103228727484,"Friar Tuck - Friar Tuck and his Psychedelic Guitar (1967, Mercury)",0,49,== Discography ==
http://dbpedia.org/class/yago/Object100002684,http://dbpedia.org/resource/Friar_Tuck,Friar Tuck,224,13,0.9998111746293924,0.00018886103228727484,"Friar Tuck - Friar Tuck and his Psychedelic Guitar (1967, Mercury)",0,49,== Discography ==
http://dbpedia.org/class/yago/Organism100004475,http://dbpedia.org/resource/Friar_Tuck,Friar Tuck,224,13,0.9998111746293924,0.00018886103228727484,"Friar Tuck - Friar Tuck and his Psychedelic Guitar (1967, Mercury)",0,49,== Discography ==
http://dbpedia.org/class/yago/Person100007846,http://dbpedia.org/resource/Friar_Tuck,Friar Tuck,224,13,0.9998111746293924,0.00018886103228727484,"Friar Tuck - Friar Tuck and his Psychedelic Guitar (1967, Mercury)",0,49,== Discography ==
http://dbpedia.org/class/yago/PhysicalEntity100001930,http://dbpedia.org/resource/Friar_Tuck,Friar Tuck,224,13,0.9998111746293924,0.00018886103228727484,"Friar Tuck - Friar Tuck and his Psychedelic Guitar (1967, Mercury)",0,49,== Discography ==
http://dbpedia.org/class/yago/Principal110474950,http://dbpedia.org/resource/Friar_Tuck,Friar Tuck,224,13,0.9998111746293924,0.00018886103228727484,"Friar Tuck - Friar Tuck and his Psychedelic Guitar (1967, Mercury)",0,49,== Discography ==
http://dbpedia.org/class/yago/Religious110518602,http://dbpedia.org/resource/Friar_Tuck,Friar Tuck,224,13,0.9998111746293924,0.00018886103228727484,"Friar Tuck - Friar Tuck and his Psychedelic Guitar (1967, Mercury)",0,49,== Discography ==
http://dbpedia.org/class/yago/ReligiousPerson109628382,http://dbpedia.org/resource/Friar_Tuck,Friar Tuck,224,13,0.9998111746293924,0.00018886103228727484,"Friar Tuck - Friar Tuck and his Psychedelic Guitar (1967, Mercury)",0,49,== Discography ==
http://dbpedia.org/class/yago/Whole100003553,http://dbpedia.org/resource/Friar_Tuck,Friar Tuck,224,13,0.9998111746293924,0.00018886103228727484,"Friar Tuck - Friar Tuck and his Psychedelic Guitar (1967, Mercury)",0,49,== Discography ==
http://dbpedia.org/class/yago/WikicatEnglishOutlaws,http://dbpedia.org/resource/Friar_Tuck,Friar Tuck,224,13,0.9998111746293924,0.00018886103228727484,"Friar Tuck - Friar Tuck and his Psychedelic Guitar (1967, Mercury)",0,49,== Discography ==
http://dbpedia.org/class/yago/WikicatFictionalMonks,http://dbpedia.org/resource/Friar_Tuck,Friar Tuck,224,13,0.9998111746293924,0.00018886103228727484,"Friar Tuck - Friar Tuck and his Psychedelic Guitar (1967, Mercury)",0,49,== Discography ==
http://dbpedia.org/class/yago/WikicatFictionalReligiousWorkers,http://dbpedia.org/resource/Friar_Tuck,Friar Tuck,224,13,0.9998111746293924,0.00018886103228727484,"Friar Tuck - Friar Tuck and his Psychedelic Guitar (1967, Mercury)",0,49,== Discography ==
http://www.w3.org/2002/07/owl#Thing,http://dbpedia.org/resource/Guitar,Guitar,67560,44,0.9637449559318214,0.0360954928279914,"Friar Tuck - Friar Tuck and his Psychedelic Guitar (1967, Mercury)",0,49,== Discography ==
http://dbpedia.org/ontology/Agent,http://dbpedia.org/resource/Guitar,Guitar,67560,44,0.9637449559318214,0.0360954928279914,"Friar Tuck - Friar Tuck and his Psychedelic Guitar (1967, Mercury)",0,49,== Discography ==
http://dbpedia.org/ontology/MusicalArtist,http://dbpedia.org/resource/Guitar,Guitar,67560,44,0.9637449559318214,0.0360954928279914,"Friar Tuck - Friar Tuck and his Psychedelic Guitar (1967, Mercury)",0,49,== Discography ==
http://www.w3.org/2002/07/owl#Thing,http://dbpedia.org/resource/Rings_of_Saturn,Saturn Rings,636,10,0.9999999999998864,0.0,"Michele - Saturn Rings (1969, Mercury)",0,54,== Discography ==
http://dbpedia.org/class/yago/WikicatPlanetaryRings,http://dbpedia.org/resource/Rings_of_Saturn,Saturn Rings,636,10,0.9999999999998864,0.0,"Michele - Saturn Rings (1969, Mercury)",0,54,== Discography ==
http://dbpedia.org/class/yago/WikicatDiscoveriesByGalileoGalilei,http://dbpedia.org/resource/Rings_of_Saturn,Saturn Rings,636,10,0.9999999999998864,0.0,"Michele - Saturn Rings (1969, Mercury)",0,54,== Discography ==
http://dbpedia.org/class/yago/YagoPermanentlyLocatedEntity,http://dbpedia.org/resource/Rings_of_Saturn,Saturn Rings,636,10,0.9999999999998864,0.0,"Michele - Saturn Rings (1969, Mercury)",0,54,== Discography ==
http://dbpedia.org/class/yago/Abstraction100002137,http://dbpedia.org/resource/Rings_of_Saturn,Saturn Rings,636,10,0.9999999999998864,0.0,"Michele - Saturn Rings (1969, Mercury)",0,54,== Discography ==
http://dbpedia.org/class/yago/Act100030358,http://dbpedia.org/resource/Rings_of_Saturn,Saturn Rings,636,10,0.9999999999998864,0.0,"Michele - Saturn Rings (1969, Mercury)",0,54,== Discography ==
http://dbpedia.org/class/yago/Attribute100024264,http://dbpedia.org/resource/Rings_of_Saturn,Saturn Rings,636,10,0.9999999999998864,0.0,"Michele - Saturn Rings (1969, Mercury)",0,54,== Discography ==
http://dbpedia.org/class/yago/Discovery100043195,http://dbpedia.org/resource/Rings_of_Saturn,Saturn Rings,636,10,0.9999999999998864,0.0,"Michele - Saturn Rings (1969, Mercury)",0,54,== Discography ==
http://dbpedia.org/class/yago/Event100029378,http://dbpedia.org/resource/Rings_of_Saturn,Saturn Rings,636,10,0.9999999999998864,0.0,"Michele - Saturn Rings (1969, Mercury)",0,54,== Discography ==
http://dbpedia.org/class/yago/Property104916342,http://dbpedia.org/resource/Rings_of_Saturn,Saturn Rings,636,10,0.9999999999998864,0.0,"Michele - Saturn Rings (1969, Mercury)",0,54,== Discography ==
http://dbpedia.org/class/yago/PsychologicalFeature100023100,http://dbpedia.org/resource/Rings_of_Saturn,Saturn Rings,636,10,0.9999999999998864,0.0,"Michele - Saturn Rings (1969, Mercury)",0,54,== Discography ==
http://dbpedia.org/class/yago/Ring104981658,http://dbpedia.org/resource/Rings_of_Saturn,Saturn Rings,636,10,0.9999999999998864,0.0,"Michele - Saturn Rings (1969, Mercury)",0,54,== Discography ==
http://dbpedia.org/class/yago/Sound104981139,http://dbpedia.org/resource/Rings_of_Saturn,Saturn Rings,636,10,0.9999999999998864,0.0,"Michele - Saturn Rings (1969, Mercury)",0,54,== Discography ==
http://dbpedia.org/class/yago/SoundProperty104983122,http://dbpedia.org/resource/Rings_of_Saturn,Saturn Rings,636,10,0.9999999999998864,0.0,"Michele - Saturn Rings (1969, Mercury)",0,54,== Discography ==
http://www.w3.org/2002/07/owl#Thing,http://dbpedia.org/resource/Paradise,Paradise,883,27,0.8379011311144146,0.1917054647462826,"Emitt Rhodes - Farewell to Paradise (1973, Dunhill)",0,56,== Discography ==
http://www.w3.org/2002/07/owl#Thing,http://dbpedia.org/resource/Reindeer,Caribou,4418,46,0.9099806680333477,0.0758554277507874,"Dennis Wilson - Pacific Ocean Blue (1977, CBS/Caribou)",0,62,== Discography ==
http://dbpedia.org/ontology/Mammal,http://dbpedia.org/resource/Reindeer,Caribou,4418,46,0.9099806680333477,0.0758554277507874,"Dennis Wilson - Pacific Ocean Blue (1977, CBS/Caribou)",0,62,== Discography ==
http://dbpedia.org/class/yago/WikicatMonotypicMammalGenera,http://dbpedia.org/resource/Reindeer,Caribou,4418,46,0.9099806680333477,0.0758554277507874,"Dennis Wilson - Pacific Ocean Blue (1977, CBS/Caribou)",0,62,== Discography ==
http://dbpedia.org/class/yago/Abstraction100002137,http://dbpedia.org/resource/Reindeer,Caribou,4418,46,0.9099806680333477,0.0758554277507874,"Dennis Wilson - Pacific Ocean Blue (1977, CBS/Caribou)",0,62,== Discography ==
http://dbpedia.org/class/yago/BiologicalGroup107941170,http://dbpedia.org/resource/Reindeer,Caribou,4418,46,0.9099806680333477,0.0758554277507874,"Dennis Wilson - Pacific Ocean Blue (1977, CBS/Caribou)",0,62,== Discography ==
http://dbpedia.org/class/yago/Genus108108972,http://dbpedia.org/resource/Reindeer,Caribou,4418,46,0.9099806680333477,0.0758554277507874,"Dennis Wilson - Pacific Ocean Blue (1977, CBS/Caribou)",0,62,== Discography ==
http://dbpedia.org/class/yago/Group100031264,http://dbpedia.org/resource/Reindeer,Caribou,4418,46,0.9099806680333477,0.0758554277507874,"Dennis Wilson - Pacific Ocean Blue (1977, CBS/Caribou)",0,62,== Discography ==
http://dbpedia.org/class/yago/MammalGenus101864707,http://dbpedia.org/resource/Reindeer,Caribou,4418,46,0.9099806680333477,0.0758554277507874,"Dennis Wilson - Pacific Ocean Blue (1977, CBS/Caribou)",0,62,== Discography ==
http://dbpedia.org/class/yago/TaxonomicGroup107992450,http://dbpedia.org/resource/Reindeer,Caribou,4418,46,0.9099806680333477,0.0758554277507874,"Dennis Wilson - Pacific Ocean Blue (1977, CBS/Caribou)",0,62,== Discography ==
http://www.w3.org/2002/07/owl#Thing,http://dbpedia.org/resource/Discography,discography,1711,17,0.997933327823679,0.0020709397710659,A Curt Boettcher discography at CurtBoettcher.com,0,66,== External links ==
http://dbpedia.org/ontology/MusicGenre,http://dbpedia.org/resource/Discography,discography,1711,17,0.997933327823679,0.0020709397710659,A Curt Boettcher discography at CurtBoettcher.com,0,66,== External links ==
http://dbpedia.org/ontology/Book,http://dbpedia.org/resource/Discography,discography,1711,17,0.997933327823679,0.0020709397710659,A Curt Boettcher discography at CurtBoettcher.com,0,66,== External links ==
http://dbpedia.org/ontology/Disease,http://dbpedia.org/resource/Zigzag,ZigZag,271,0,0.9293852806371208,0.0757272321240283,"ZigZag magazine interview with Boettcher, Part 1, December 1974",0,68,== External links ==
http://www.w3.org/2002/07/owl#Thing,http://dbpedia.org/resource/Magazine,magazine,15550,7,0.9993257392059456,0.00030905054516221296,"ZigZag magazine interview with Boettcher, Part 1, December 1974",0,68,== External links ==
http://dbpedia.org/ontology/MusicGenre,http://dbpedia.org/resource/Magazine,magazine,15550,7,0.9993257392059456,0.00030905054516221296,"ZigZag magazine interview with Boettcher, Part 1, December 1974",0,68,== External links ==
http://dbpedia.org/ontology/PeriodicalLiterature,http://dbpedia.org/resource/Magazine,magazine,15550,7,0.9993257392059456,0.00030905054516221296,"ZigZag magazine interview with Boettcher, Part 1, December 1974",0,68,== External links ==
http://dbpedia.org/ontology/Disease,http://dbpedia.org/resource/Zigzag,ZigZag,271,0,0.9569773853597752,0.0446617933054504,"ZigZag magazine interview with Boettcher, Part 2, January 1975",0,69,== External links ==
http://www.w3.org/2002/07/owl#Thing,http://dbpedia.org/resource/Magazine,magazine,15550,7,0.9993306019345488,0.0002454978688561892,"ZigZag magazine interview with Boettcher, Part 2, January 1975",0,69,== External links ==
http://dbpedia.org/ontology/MusicGenre,http://dbpedia.org/resource/Magazine,magazine,15550,7,0.9993306019345488,0.0002454978688561892,"ZigZag magazine interview with Boettcher, Part 2, January 1975",0,69,== External links ==
http://dbpedia.org/ontology/PeriodicalLiterature,http://dbpedia.org/resource/Magazine,magazine,15550,7,0.9993306019345488,0.0002454978688561892,"ZigZag magazine interview with Boettcher, Part 2, January 1975",0,69,== External links ==
http://www.w3.org/2002/07/owl#Thing,http://dbpedia.org/resource/King,King,3999,21,0.6167700139949769,0.3607442301023981,"""Curt Boettcher: The King of Sunshine Pop"", Radio Sant Joan, Barcelona, Spain, February 28, 2009",0,70,== External links ==
http://dbpedia.org/ontology/PersonFunction,http://dbpedia.org/resource/King,King,3999,21,0.6167700139949769,0.3607442301023981,"""Curt Boettcher: The King of Sunshine Pop"", Radio Sant Joan, Barcelona, Spain, February 28, 2009",0,70,== External links ==
