types,URI,entity,support,offset,similarityScore,percentageOfSecondRank,sentence,sentenceIndex,paragraphIndex,section
http://www.w3.org/2002/07/owl#Thing,http://dbpedia.org/resource/Cream,Cream,2186,61,0.98503957936087,0.0134264135248658,"Self-taught, Aldridge was initially inspired by the music of Cream, the Beatles, Jimi Hendrix and Led Zeppelin.",0,1,
http://dbpedia.org/ontology/Software,http://dbpedia.org/resource/Cream,Cream,2186,61,0.98503957936087,0.0134264135248658,"Self-taught, Aldridge was initially inspired by the music of Cream, the Beatles, Jimi Hendrix and Led Zeppelin.",0,1,
http://www.w3.org/2002/07/owl#Thing,http://dbpedia.org/resource/Bass_drum,double bass drum,1827,67,1.0,0.0,"Aldridge himself has become very influential, and is regarded as a double bass drum pioneer in rock music.",2,1,
http://dbpedia.org/ontology/Company,http://dbpedia.org/resource/Bass_drum,double bass drum,1827,67,1.0,0.0,"Aldridge himself has become very influential, and is regarded as a double bass drum pioneer in rock music.",2,1,
http://dbpedia.org/class/yago/WikicatPercussionInstrumentBeaters,http://dbpedia.org/resource/Bass_drum,double bass drum,1827,67,1.0,0.0,"Aldridge himself has become very influential, and is regarded as a double bass drum pioneer in rock music.",2,1,
http://dbpedia.org/ontology/MusicalArtist,http://dbpedia.org/resource/Bass_drum,double bass drum,1827,67,1.0,0.0,"Aldridge himself has become very influential, and is regarded as a double bass drum pioneer in rock music.",2,1,
http://dbpedia.org/class/yago/Worker109632518,http://dbpedia.org/resource/Bass_drum,double bass drum,1827,67,1.0,0.0,"Aldridge himself has become very influential, and is regarded as a double bass drum pioneer in rock music.",2,1,
http://dbpedia.org/class/yago/YagoLegalActor,http://dbpedia.org/resource/Bass_drum,double bass drum,1827,67,1.0,0.0,"Aldridge himself has become very influential, and is regarded as a double bass drum pioneer in rock music.",2,1,
http://dbpedia.org/class/yago/YagoLegalActorGeo,http://dbpedia.org/resource/Bass_drum,double bass drum,1827,67,1.0,0.0,"Aldridge himself has become very influential, and is regarded as a double bass drum pioneer in rock music.",2,1,
http://dbpedia.org/class/yago/Beater109845737,http://dbpedia.org/resource/Bass_drum,double bass drum,1827,67,1.0,0.0,"Aldridge himself has become very influential, and is regarded as a double bass drum pioneer in rock music.",2,1,
http://dbpedia.org/class/yago/CausalAgent100007347,http://dbpedia.org/resource/Bass_drum,double bass drum,1827,67,1.0,0.0,"Aldridge himself has become very influential, and is regarded as a double bass drum pioneer in rock music.",2,1,
http://dbpedia.org/class/yago/LivingThing100004258,http://dbpedia.org/resource/Bass_drum,double bass drum,1827,67,1.0,0.0,"Aldridge himself has become very influential, and is regarded as a double bass drum pioneer in rock music.",2,1,
http://dbpedia.org/class/yago/Object100002684,http://dbpedia.org/resource/Bass_drum,double bass drum,1827,67,1.0,0.0,"Aldridge himself has become very influential, and is regarded as a double bass drum pioneer in rock music.",2,1,
http://dbpedia.org/class/yago/Organism100004475,http://dbpedia.org/resource/Bass_drum,double bass drum,1827,67,1.0,0.0,"Aldridge himself has become very influential, and is regarded as a double bass drum pioneer in rock music.",2,1,
http://dbpedia.org/class/yago/Person100007846,http://dbpedia.org/resource/Bass_drum,double bass drum,1827,67,1.0,0.0,"Aldridge himself has become very influential, and is regarded as a double bass drum pioneer in rock music.",2,1,
http://dbpedia.org/class/yago/PhysicalEntity100001930,http://dbpedia.org/resource/Bass_drum,double bass drum,1827,67,1.0,0.0,"Aldridge himself has become very influential, and is regarded as a double bass drum pioneer in rock music.",2,1,
http://dbpedia.org/class/yago/Whole100003553,http://dbpedia.org/resource/Bass_drum,double bass drum,1827,67,1.0,0.0,"Aldridge himself has become very influential, and is regarded as a double bass drum pioneer in rock music.",2,1,
http://www.w3.org/2002/07/owl#Thing,http://dbpedia.org/resource/Drum_kit,drums,51049,55,0.9975034223187798,0.0023447307423009,"Raised in Mississippi, Aldridge taught himself to play drums in the 1960s, building a kit piece by piece with money earned delivering newspapers and other odd jobs.",0,3,== Career ==
http://dbpedia.org/class/yago/WikicatJazzInstruments,http://dbpedia.org/resource/Drum_kit,drums,51049,55,0.9975034223187798,0.0023447307423009,"Raised in Mississippi, Aldridge taught himself to play drums in the 1960s, building a kit piece by piece with money earned delivering newspapers and other odd jobs.",0,3,== Career ==
http://dbpedia.org/class/yago/WikicatPercussionInstruments,http://dbpedia.org/resource/Drum_kit,drums,51049,55,0.9975034223187798,0.0023447307423009,"Raised in Mississippi, Aldridge taught himself to play drums in the 1960s, building a kit piece by piece with money earned delivering newspapers and other odd jobs.",0,3,== Career ==
http://dbpedia.org/ontology/Book,http://dbpedia.org/resource/Drum_kit,drums,51049,55,0.9975034223187798,0.0023447307423009,"Raised in Mississippi, Aldridge taught himself to play drums in the 1960s, building a kit piece by piece with money earned delivering newspapers and other odd jobs.",0,3,== Career ==
http://dbpedia.org/ontology/MusicalArtist,http://dbpedia.org/resource/Drum_kit,drums,51049,55,0.9975034223187798,0.0023447307423009,"Raised in Mississippi, Aldridge taught himself to play drums in the 1960s, building a kit piece by piece with money earned delivering newspapers and other odd jobs.",0,3,== Career ==
http://dbpedia.org/class/yago/WikicatCymbals,http://dbpedia.org/resource/Drum_kit,drums,51049,55,0.9975034223187798,0.0023447307423009,"Raised in Mississippi, Aldridge taught himself to play drums in the 1960s, building a kit piece by piece with money earned delivering newspapers and other odd jobs.",0,3,== Career ==
http://dbpedia.org/class/yago/WikicatDrums,http://dbpedia.org/resource/Drum_kit,drums,51049,55,0.9975034223187798,0.0023447307423009,"Raised in Mississippi, Aldridge taught himself to play drums in the 1960s, building a kit piece by piece with money earned delivering newspapers and other odd jobs.",0,3,== Career ==
http://dbpedia.org/class/yago/WikicatMembranophones,http://dbpedia.org/resource/Drum_kit,drums,51049,55,0.9975034223187798,0.0023447307423009,"Raised in Mississippi, Aldridge taught himself to play drums in the 1960s, building a kit piece by piece with money earned delivering newspapers and other odd jobs.",0,3,== Career ==
http://dbpedia.org/class/yago/WikicatMusicalInstruments,http://dbpedia.org/resource/Drum_kit,drums,51049,55,0.9975034223187798,0.0023447307423009,"Raised in Mississippi, Aldridge taught himself to play drums in the 1960s, building a kit piece by piece with money earned delivering newspapers and other odd jobs.",0,3,== Career ==
http://dbpedia.org/class/yago/Artifact100021939,http://dbpedia.org/resource/Drum_kit,drums,51049,55,0.9975034223187798,0.0023447307423009,"Raised in Mississippi, Aldridge taught himself to play drums in the 1960s, building a kit piece by piece with money earned delivering newspapers and other odd jobs.",0,3,== Career ==
http://dbpedia.org/class/yago/Cymbal103157348,http://dbpedia.org/resource/Drum_kit,drums,51049,55,0.9975034223187798,0.0023447307423009,"Raised in Mississippi, Aldridge taught himself to play drums in the 1960s, building a kit piece by piece with money earned delivering newspapers and other odd jobs.",0,3,== Career ==
http://dbpedia.org/class/yago/Device103183080,http://dbpedia.org/resource/Drum_kit,drums,51049,55,0.9975034223187798,0.0023447307423009,"Raised in Mississippi, Aldridge taught himself to play drums in the 1960s, building a kit piece by piece with money earned delivering newspapers and other odd jobs.",0,3,== Career ==
http://dbpedia.org/class/yago/Drum103249569,http://dbpedia.org/resource/Drum_kit,drums,51049,55,0.9975034223187798,0.0023447307423009,"Raised in Mississippi, Aldridge taught himself to play drums in the 1960s, building a kit piece by piece with money earned delivering newspapers and other odd jobs.",0,3,== Career ==
http://dbpedia.org/class/yago/Instrument103574816,http://dbpedia.org/resource/Drum_kit,drums,51049,55,0.9975034223187798,0.0023447307423009,"Raised in Mississippi, Aldridge taught himself to play drums in the 1960s, building a kit piece by piece with money earned delivering newspapers and other odd jobs.",0,3,== Career ==
http://dbpedia.org/class/yago/Instrumentality103575240,http://dbpedia.org/resource/Drum_kit,drums,51049,55,0.9975034223187798,0.0023447307423009,"Raised in Mississippi, Aldridge taught himself to play drums in the 1960s, building a kit piece by piece with money earned delivering newspapers and other odd jobs.",0,3,== Career ==
http://dbpedia.org/class/yago/MusicalInstrument103800933,http://dbpedia.org/resource/Drum_kit,drums,51049,55,0.9975034223187798,0.0023447307423009,"Raised in Mississippi, Aldridge taught himself to play drums in the 1960s, building a kit piece by piece with money earned delivering newspapers and other odd jobs.",0,3,== Career ==
http://dbpedia.org/class/yago/Object100002684,http://dbpedia.org/resource/Drum_kit,drums,51049,55,0.9975034223187798,0.0023447307423009,"Raised in Mississippi, Aldridge taught himself to play drums in the 1960s, building a kit piece by piece with money earned delivering newspapers and other odd jobs.",0,3,== Career ==
http://dbpedia.org/class/yago/PercussionInstrument103915437,http://dbpedia.org/resource/Drum_kit,drums,51049,55,0.9975034223187798,0.0023447307423009,"Raised in Mississippi, Aldridge taught himself to play drums in the 1960s, building a kit piece by piece with money earned delivering newspapers and other odd jobs.",0,3,== Career ==
http://dbpedia.org/class/yago/PhysicalEntity100001930,http://dbpedia.org/resource/Drum_kit,drums,51049,55,0.9975034223187798,0.0023447307423009,"Raised in Mississippi, Aldridge taught himself to play drums in the 1960s, building a kit piece by piece with money earned delivering newspapers and other odd jobs.",0,3,== Career ==
http://dbpedia.org/class/yago/Whole100003553,http://dbpedia.org/resource/Drum_kit,drums,51049,55,0.9975034223187798,0.0023447307423009,"Raised in Mississippi, Aldridge taught himself to play drums in the 1960s, building a kit piece by piece with money earned delivering newspapers and other odd jobs.",0,3,== Career ==
http://dbpedia.org/class/yago/WikicatNorthAmericanPercussionInstruments,http://dbpedia.org/resource/Drum_kit,drums,51049,55,0.9975034223187798,0.0023447307423009,"Raised in Mississippi, Aldridge taught himself to play drums in the 1960s, building a kit piece by piece with money earned delivering newspapers and other odd jobs.",0,3,== Career ==
http://www.w3.org/2002/07/owl#Thing,http://dbpedia.org/resource/Drum,drum,4786,107,0.9796703747392728,0.0206760515314493,"As a result, while practicing in an outbuilding in his backyard Aldridge would often place towels over his drum heads to prevent his father from hearing.",3,3,== Career ==
http://dbpedia.org/ontology/Person,http://dbpedia.org/resource/Drum,drum,4786,107,0.9796703747392728,0.0206760515314493,"As a result, while practicing in an outbuilding in his backyard Aldridge would often place towels over his drum heads to prevent his father from hearing.",3,3,== Career ==
http://dbpedia.org/ontology/MusicGenre,http://dbpedia.org/resource/Drum,drum,4786,107,0.9796703747392728,0.0206760515314493,"As a result, while practicing in an outbuilding in his backyard Aldridge would often place towels over his drum heads to prevent his father from hearing.",3,3,== Career ==
http://www.w3.org/2002/07/owl#Thing,http://dbpedia.org/resource/Florida_Panhandle,Florida Panhandle,1061,82,0.9999999999995453,0.0,"In the early 1970s, Aldridge began playing original music with Alley Keith in the Florida Panhandle.",4,3,== Career ==
http://dbpedia.org/ontology/Country,http://dbpedia.org/resource/Florida_Panhandle,Florida Panhandle,1061,82,0.9999999999995453,0.0,"In the early 1970s, Aldridge began playing original music with Alley Keith in the Florida Panhandle.",4,3,== Career ==
http://dbpedia.org/ontology/ComicStrip,http://dbpedia.org/resource/Florida_Panhandle,Florida Panhandle,1061,82,0.9999999999995453,0.0,"In the early 1970s, Aldridge began playing original music with Alley Keith in the Florida Panhandle.",4,3,== Career ==
http://www.w3.org/2003/01/geo/wgs84_pos#SpatialThing,http://dbpedia.org/resource/Florida_Panhandle,Florida Panhandle,1061,82,0.9999999999995453,0.0,"In the early 1970s, Aldridge began playing original music with Alley Keith in the Florida Panhandle.",4,3,== Career ==
http://dbpedia.org/class/yago/YagoGeoEntity,http://dbpedia.org/resource/Florida_Panhandle,Florida Panhandle,1061,82,0.9999999999995453,0.0,"In the early 1970s, Aldridge began playing original music with Alley Keith in the Florida Panhandle.",4,3,== Career ==
http://dbpedia.org/class/yago/YagoLegalActorGeo,http://dbpedia.org/resource/Florida_Panhandle,Florida Panhandle,1061,82,0.9999999999995453,0.0,"In the early 1970s, Aldridge began playing original music with Alley Keith in the Florida Panhandle.",4,3,== Career ==
http://dbpedia.org/class/yago/YagoPermanentlyLocatedEntity,http://dbpedia.org/resource/Florida_Panhandle,Florida Panhandle,1061,82,0.9999999999995453,0.0,"In the early 1970s, Aldridge began playing original music with Alley Keith in the Florida Panhandle.",4,3,== Career ==
http://dbpedia.org/class/yago/WikicatRegionsOfFlorida,http://dbpedia.org/resource/Florida_Panhandle,Florida Panhandle,1061,82,0.9999999999995453,0.0,"In the early 1970s, Aldridge began playing original music with Alley Keith in the Florida Panhandle.",4,3,== Career ==
http://dbpedia.org/class/yago/Location100027167,http://dbpedia.org/resource/Florida_Panhandle,Florida Panhandle,1061,82,0.9999999999995453,0.0,"In the early 1970s, Aldridge began playing original music with Alley Keith in the Florida Panhandle.",4,3,== Career ==
http://dbpedia.org/class/yago/Object100002684,http://dbpedia.org/resource/Florida_Panhandle,Florida Panhandle,1061,82,0.9999999999995453,0.0,"In the early 1970s, Aldridge began playing original music with Alley Keith in the Florida Panhandle.",4,3,== Career ==
http://dbpedia.org/class/yago/PhysicalEntity100001930,http://dbpedia.org/resource/Florida_Panhandle,Florida Panhandle,1061,82,0.9999999999995453,0.0,"In the early 1970s, Aldridge began playing original music with Alley Keith in the Florida Panhandle.",4,3,== Career ==
http://dbpedia.org/class/yago/Region108630039,http://dbpedia.org/resource/Florida_Panhandle,Florida Panhandle,1061,82,0.9999999999995453,0.0,"In the early 1970s, Aldridge began playing original music with Alley Keith in the Florida Panhandle.",4,3,== Career ==
http://www.w3.org/2002/07/owl#Thing,http://dbpedia.org/resource/Bass_drum,double-bass drum,1827,80,1.0,0.0,"Inspired by drummers such as Louis Bellson and Sam Woodyard, he started using a double-bass drum setup and became an early pioneer of the hard rock double kick drum style of drumming.",5,3,== Career ==
http://dbpedia.org/ontology/Company,http://dbpedia.org/resource/Bass_drum,double-bass drum,1827,80,1.0,0.0,"Inspired by drummers such as Louis Bellson and Sam Woodyard, he started using a double-bass drum setup and became an early pioneer of the hard rock double kick drum style of drumming.",5,3,== Career ==
http://dbpedia.org/class/yago/WikicatPercussionInstrumentBeaters,http://dbpedia.org/resource/Bass_drum,double-bass drum,1827,80,1.0,0.0,"Inspired by drummers such as Louis Bellson and Sam Woodyard, he started using a double-bass drum setup and became an early pioneer of the hard rock double kick drum style of drumming.",5,3,== Career ==
http://dbpedia.org/ontology/MusicalArtist,http://dbpedia.org/resource/Bass_drum,double-bass drum,1827,80,1.0,0.0,"Inspired by drummers such as Louis Bellson and Sam Woodyard, he started using a double-bass drum setup and became an early pioneer of the hard rock double kick drum style of drumming.",5,3,== Career ==
http://dbpedia.org/class/yago/Worker109632518,http://dbpedia.org/resource/Bass_drum,double-bass drum,1827,80,1.0,0.0,"Inspired by drummers such as Louis Bellson and Sam Woodyard, he started using a double-bass drum setup and became an early pioneer of the hard rock double kick drum style of drumming.",5,3,== Career ==
http://dbpedia.org/class/yago/YagoLegalActor,http://dbpedia.org/resource/Bass_drum,double-bass drum,1827,80,1.0,0.0,"Inspired by drummers such as Louis Bellson and Sam Woodyard, he started using a double-bass drum setup and became an early pioneer of the hard rock double kick drum style of drumming.",5,3,== Career ==
http://dbpedia.org/class/yago/YagoLegalActorGeo,http://dbpedia.org/resource/Bass_drum,double-bass drum,1827,80,1.0,0.0,"Inspired by drummers such as Louis Bellson and Sam Woodyard, he started using a double-bass drum setup and became an early pioneer of the hard rock double kick drum style of drumming.",5,3,== Career ==
http://dbpedia.org/class/yago/Beater109845737,http://dbpedia.org/resource/Bass_drum,double-bass drum,1827,80,1.0,0.0,"Inspired by drummers such as Louis Bellson and Sam Woodyard, he started using a double-bass drum setup and became an early pioneer of the hard rock double kick drum style of drumming.",5,3,== Career ==
http://dbpedia.org/class/yago/CausalAgent100007347,http://dbpedia.org/resource/Bass_drum,double-bass drum,1827,80,1.0,0.0,"Inspired by drummers such as Louis Bellson and Sam Woodyard, he started using a double-bass drum setup and became an early pioneer of the hard rock double kick drum style of drumming.",5,3,== Career ==
http://dbpedia.org/class/yago/LivingThing100004258,http://dbpedia.org/resource/Bass_drum,double-bass drum,1827,80,1.0,0.0,"Inspired by drummers such as Louis Bellson and Sam Woodyard, he started using a double-bass drum setup and became an early pioneer of the hard rock double kick drum style of drumming.",5,3,== Career ==
http://dbpedia.org/class/yago/Object100002684,http://dbpedia.org/resource/Bass_drum,double-bass drum,1827,80,1.0,0.0,"Inspired by drummers such as Louis Bellson and Sam Woodyard, he started using a double-bass drum setup and became an early pioneer of the hard rock double kick drum style of drumming.",5,3,== Career ==
http://dbpedia.org/class/yago/Organism100004475,http://dbpedia.org/resource/Bass_drum,double-bass drum,1827,80,1.0,0.0,"Inspired by drummers such as Louis Bellson and Sam Woodyard, he started using a double-bass drum setup and became an early pioneer of the hard rock double kick drum style of drumming.",5,3,== Career ==
http://dbpedia.org/class/yago/Person100007846,http://dbpedia.org/resource/Bass_drum,double-bass drum,1827,80,1.0,0.0,"Inspired by drummers such as Louis Bellson and Sam Woodyard, he started using a double-bass drum setup and became an early pioneer of the hard rock double kick drum style of drumming.",5,3,== Career ==
http://dbpedia.org/class/yago/PhysicalEntity100001930,http://dbpedia.org/resource/Bass_drum,double-bass drum,1827,80,1.0,0.0,"Inspired by drummers such as Louis Bellson and Sam Woodyard, he started using a double-bass drum setup and became an early pioneer of the hard rock double kick drum style of drumming.",5,3,== Career ==
http://dbpedia.org/class/yago/Whole100003553,http://dbpedia.org/resource/Bass_drum,double-bass drum,1827,80,1.0,0.0,"Inspired by drummers such as Louis Bellson and Sam Woodyard, he started using a double-bass drum setup and became an early pioneer of the hard rock double kick drum style of drumming.",5,3,== Career ==
http://www.w3.org/2002/07/owl#Thing,http://dbpedia.org/resource/Bass_drum,double kick,1827,148,1.0,0.0,"Inspired by drummers such as Louis Bellson and Sam Woodyard, he started using a double-bass drum setup and became an early pioneer of the hard rock double kick drum style of drumming.",5,3,== Career ==
http://dbpedia.org/ontology/Company,http://dbpedia.org/resource/Bass_drum,double kick,1827,148,1.0,0.0,"Inspired by drummers such as Louis Bellson and Sam Woodyard, he started using a double-bass drum setup and became an early pioneer of the hard rock double kick drum style of drumming.",5,3,== Career ==
http://dbpedia.org/class/yago/WikicatPercussionInstrumentBeaters,http://dbpedia.org/resource/Bass_drum,double kick,1827,148,1.0,0.0,"Inspired by drummers such as Louis Bellson and Sam Woodyard, he started using a double-bass drum setup and became an early pioneer of the hard rock double kick drum style of drumming.",5,3,== Career ==
http://dbpedia.org/ontology/MusicalArtist,http://dbpedia.org/resource/Bass_drum,double kick,1827,148,1.0,0.0,"Inspired by drummers such as Louis Bellson and Sam Woodyard, he started using a double-bass drum setup and became an early pioneer of the hard rock double kick drum style of drumming.",5,3,== Career ==
http://dbpedia.org/class/yago/Worker109632518,http://dbpedia.org/resource/Bass_drum,double kick,1827,148,1.0,0.0,"Inspired by drummers such as Louis Bellson and Sam Woodyard, he started using a double-bass drum setup and became an early pioneer of the hard rock double kick drum style of drumming.",5,3,== Career ==
http://dbpedia.org/class/yago/YagoLegalActor,http://dbpedia.org/resource/Bass_drum,double kick,1827,148,1.0,0.0,"Inspired by drummers such as Louis Bellson and Sam Woodyard, he started using a double-bass drum setup and became an early pioneer of the hard rock double kick drum style of drumming.",5,3,== Career ==
http://dbpedia.org/class/yago/YagoLegalActorGeo,http://dbpedia.org/resource/Bass_drum,double kick,1827,148,1.0,0.0,"Inspired by drummers such as Louis Bellson and Sam Woodyard, he started using a double-bass drum setup and became an early pioneer of the hard rock double kick drum style of drumming.",5,3,== Career ==
http://dbpedia.org/class/yago/Beater109845737,http://dbpedia.org/resource/Bass_drum,double kick,1827,148,1.0,0.0,"Inspired by drummers such as Louis Bellson and Sam Woodyard, he started using a double-bass drum setup and became an early pioneer of the hard rock double kick drum style of drumming.",5,3,== Career ==
http://dbpedia.org/class/yago/CausalAgent100007347,http://dbpedia.org/resource/Bass_drum,double kick,1827,148,1.0,0.0,"Inspired by drummers such as Louis Bellson and Sam Woodyard, he started using a double-bass drum setup and became an early pioneer of the hard rock double kick drum style of drumming.",5,3,== Career ==
http://dbpedia.org/class/yago/LivingThing100004258,http://dbpedia.org/resource/Bass_drum,double kick,1827,148,1.0,0.0,"Inspired by drummers such as Louis Bellson and Sam Woodyard, he started using a double-bass drum setup and became an early pioneer of the hard rock double kick drum style of drumming.",5,3,== Career ==
http://dbpedia.org/class/yago/Object100002684,http://dbpedia.org/resource/Bass_drum,double kick,1827,148,1.0,0.0,"Inspired by drummers such as Louis Bellson and Sam Woodyard, he started using a double-bass drum setup and became an early pioneer of the hard rock double kick drum style of drumming.",5,3,== Career ==
http://dbpedia.org/class/yago/Organism100004475,http://dbpedia.org/resource/Bass_drum,double kick,1827,148,1.0,0.0,"Inspired by drummers such as Louis Bellson and Sam Woodyard, he started using a double-bass drum setup and became an early pioneer of the hard rock double kick drum style of drumming.",5,3,== Career ==
http://dbpedia.org/class/yago/Person100007846,http://dbpedia.org/resource/Bass_drum,double kick,1827,148,1.0,0.0,"Inspired by drummers such as Louis Bellson and Sam Woodyard, he started using a double-bass drum setup and became an early pioneer of the hard rock double kick drum style of drumming.",5,3,== Career ==
http://dbpedia.org/class/yago/PhysicalEntity100001930,http://dbpedia.org/resource/Bass_drum,double kick,1827,148,1.0,0.0,"Inspired by drummers such as Louis Bellson and Sam Woodyard, he started using a double-bass drum setup and became an early pioneer of the hard rock double kick drum style of drumming.",5,3,== Career ==
http://dbpedia.org/class/yago/Whole100003553,http://dbpedia.org/resource/Bass_drum,double kick,1827,148,1.0,0.0,"Inspired by drummers such as Louis Bellson and Sam Woodyard, he started using a double-bass drum setup and became an early pioneer of the hard rock double kick drum style of drumming.",5,3,== Career ==
http://www.w3.org/2002/07/owl#Thing,http://dbpedia.org/resource/Drum,drum,4786,160,0.9346197148913228,0.0699538707442457,"Inspired by drummers such as Louis Bellson and Sam Woodyard, he started using a double-bass drum setup and became an early pioneer of the hard rock double kick drum style of drumming.",5,3,== Career ==
http://dbpedia.org/ontology/Person,http://dbpedia.org/resource/Drum,drum,4786,160,0.9346197148913228,0.0699538707442457,"Inspired by drummers such as Louis Bellson and Sam Woodyard, he started using a double-bass drum setup and became an early pioneer of the hard rock double kick drum style of drumming.",5,3,== Career ==
http://dbpedia.org/ontology/MusicGenre,http://dbpedia.org/resource/Drum,drum,4786,160,0.9346197148913228,0.0699538707442457,"Inspired by drummers such as Louis Bellson and Sam Woodyard, he started using a double-bass drum setup and became an early pioneer of the hard rock double kick drum style of drumming.",5,3,== Career ==
http://dbpedia.org/ontology/Disease,http://dbpedia.org/resource/Race_and_ethnicity_in_the_United_States_Census,Black,288539,41,0.467419756827133,0.7935295382861125,"He made his recording debut in 1972 with Black Oak Arkansas' If an Angel Came to See You, Would You Make Her Feel at Home?",7,3,== Career ==
http://www.w3.org/2002/07/owl#Thing,http://dbpedia.org/resource/Springboard,springboard,326,152,0.969053516980313,0.0298219371327405,"Aldridge has said that he wasn't particularly fond of Black Oak Arkansas' music and his intention when joining the band was to use the opportunity as a springboard to make a name for himself in the industry, something he says he's not particularly proud of in hindsight.",10,3,== Career ==
http://dbpedia.org/ontology/Organisation,http://dbpedia.org/resource/Springboard,springboard,326,152,0.969053516980313,0.0298219371327405,"Aldridge has said that he wasn't particularly fond of Black Oak Arkansas' music and his intention when joining the band was to use the opportunity as a springboard to make a name for himself in the industry, something he says he's not particularly proud of in hindsight.",10,3,== Career ==
http://www.w3.org/2002/07/owl#Thing,http://dbpedia.org/resource/Hashish,hashish,734,39,0.9999999993930544,0.0,"Not happy with the band's heavy use of hashish, Aldridge attempted to leave Black Oak Arkansas.",11,3,== Career ==
http://dbpedia.org/ontology/Software,http://dbpedia.org/resource/Hashish,hashish,734,39,0.9999999993930544,0.0,"Not happy with the band's heavy use of hashish, Aldridge attempted to leave Black Oak Arkansas.",11,3,== Career ==
http://dbpedia.org/ontology/Disease,http://dbpedia.org/resource/Race_and_ethnicity_in_the_United_States_Census,Black,288539,76,0.4803393577275072,0.3843341387787028,"Not happy with the band's heavy use of hashish, Aldridge attempted to leave Black Oak Arkansas.",11,3,== Career ==
http://www.w3.org/2002/07/owl#Thing,http://dbpedia.org/resource/Freedom_of_contract,contractual freedom,162,55,0.9999999999973568,0.0,"As the band's management wasn't keen on giving him his contractual freedom, Aldridge was forced to sneak away in the middle of the night and subsequently ""hide out in Chicago"".",12,3,== Career ==
http://dbpedia.org/class/yago/WikicatHumanRights,http://dbpedia.org/resource/Freedom_of_contract,contractual freedom,162,55,0.9999999999973568,0.0,"As the band's management wasn't keen on giving him his contractual freedom, Aldridge was forced to sneak away in the middle of the night and subsequently ""hide out in Chicago"".",12,3,== Career ==
http://dbpedia.org/ontology/Organisation,http://dbpedia.org/resource/Freedom_of_contract,contractual freedom,162,55,0.9999999999973568,0.0,"As the band's management wasn't keen on giving him his contractual freedom, Aldridge was forced to sneak away in the middle of the night and subsequently ""hide out in Chicago"".",12,3,== Career ==
http://dbpedia.org/class/yago/Abstraction100002137,http://dbpedia.org/resource/Freedom_of_contract,contractual freedom,162,55,0.9999999999973568,0.0,"As the band's management wasn't keen on giving him his contractual freedom, Aldridge was forced to sneak away in the middle of the night and subsequently ""hide out in Chicago"".",12,3,== Career ==
http://dbpedia.org/class/yago/Abstraction105854150,http://dbpedia.org/resource/Freedom_of_contract,contractual freedom,162,55,0.9999999999973568,0.0,"As the band's management wasn't keen on giving him his contractual freedom, Aldridge was forced to sneak away in the middle of the night and subsequently ""hide out in Chicago"".",12,3,== Career ==
http://dbpedia.org/class/yago/Cognition100023271,http://dbpedia.org/resource/Freedom_of_contract,contractual freedom,162,55,0.9999999999973568,0.0,"As the band's management wasn't keen on giving him his contractual freedom, Aldridge was forced to sneak away in the middle of the night and subsequently ""hide out in Chicago"".",12,3,== Career ==
http://dbpedia.org/class/yago/Concept105835747,http://dbpedia.org/resource/Freedom_of_contract,contractual freedom,162,55,0.9999999999973568,0.0,"As the band's management wasn't keen on giving him his contractual freedom, Aldridge was forced to sneak away in the middle of the night and subsequently ""hide out in Chicago"".",12,3,== Career ==
http://dbpedia.org/class/yago/Content105809192,http://dbpedia.org/resource/Freedom_of_contract,contractual freedom,162,55,0.9999999999973568,0.0,"As the band's management wasn't keen on giving him his contractual freedom, Aldridge was forced to sneak away in the middle of the night and subsequently ""hide out in Chicago"".",12,3,== Career ==
http://dbpedia.org/class/yago/HumanRight105176846,http://dbpedia.org/resource/Freedom_of_contract,contractual freedom,162,55,0.9999999999973568,0.0,"As the band's management wasn't keen on giving him his contractual freedom, Aldridge was forced to sneak away in the middle of the night and subsequently ""hide out in Chicago"".",12,3,== Career ==
http://dbpedia.org/class/yago/Idea105833840,http://dbpedia.org/resource/Freedom_of_contract,contractual freedom,162,55,0.9999999999973568,0.0,"As the band's management wasn't keen on giving him his contractual freedom, Aldridge was forced to sneak away in the middle of the night and subsequently ""hide out in Chicago"".",12,3,== Career ==
http://dbpedia.org/class/yago/PsychologicalFeature100023100,http://dbpedia.org/resource/Freedom_of_contract,contractual freedom,162,55,0.9999999999973568,0.0,"As the band's management wasn't keen on giving him his contractual freedom, Aldridge was forced to sneak away in the middle of the night and subsequently ""hide out in Chicago"".",12,3,== Career ==
http://dbpedia.org/class/yago/Right105174653,http://dbpedia.org/resource/Freedom_of_contract,contractual freedom,162,55,0.9999999999973568,0.0,"As the band's management wasn't keen on giving him his contractual freedom, Aldridge was forced to sneak away in the middle of the night and subsequently ""hide out in Chicago"".",12,3,== Career ==
http://www.w3.org/2002/07/owl#Thing,http://dbpedia.org/resource/Ben_Travers,Travers,152,23,0.8053899196916728,0.1202820866040937,"Upon parting ways with Travers in 1981, Aldridge moved to London, England and began working with Gary Moore, recording the Dirty Fingers album.",0,4,== Career ==
http://xmlns.com/foaf/0.1/Person,http://dbpedia.org/resource/Ben_Travers,Travers,152,23,0.8053899196916728,0.1202820866040937,"Upon parting ways with Travers in 1981, Aldridge moved to London, England and began working with Gary Moore, recording the Dirty Fingers album.",0,4,== Career ==
http://dbpedia.org/ontology/Person,http://dbpedia.org/resource/Ben_Travers,Travers,152,23,0.8053899196916728,0.1202820866040937,"Upon parting ways with Travers in 1981, Aldridge moved to London, England and began working with Gary Moore, recording the Dirty Fingers album.",0,4,== Career ==
http://schema.org/Person,http://dbpedia.org/resource/Ben_Travers,Travers,152,23,0.8053899196916728,0.1202820866040937,"Upon parting ways with Travers in 1981, Aldridge moved to London, England and began working with Gary Moore, recording the Dirty Fingers album.",0,4,== Career ==
http://dbpedia.org/ontology/Animal,http://dbpedia.org/resource/Ben_Travers,Travers,152,23,0.8053899196916728,0.1202820866040937,"Upon parting ways with Travers in 1981, Aldridge moved to London, England and began working with Gary Moore, recording the Dirty Fingers album.",0,4,== Career ==
http://dbpedia.org/ontology/Eukaryote,http://dbpedia.org/resource/Ben_Travers,Travers,152,23,0.8053899196916728,0.1202820866040937,"Upon parting ways with Travers in 1981, Aldridge moved to London, England and began working with Gary Moore, recording the Dirty Fingers album.",0,4,== Career ==
http://dbpedia.org/ontology/Species,http://dbpedia.org/resource/Ben_Travers,Travers,152,23,0.8053899196916728,0.1202820866040937,"Upon parting ways with Travers in 1981, Aldridge moved to London, England and began working with Gary Moore, recording the Dirty Fingers album.",0,4,== Career ==
http://www.ontologydesignpatterns.org/ont/dul/DUL.owl#NaturalPerson,http://dbpedia.org/resource/Ben_Travers,Travers,152,23,0.8053899196916728,0.1202820866040937,"Upon parting ways with Travers in 1981, Aldridge moved to London, England and began working with Gary Moore, recording the Dirty Fingers album.",0,4,== Career ==
http://www.wikidata.org/entity/Q19088,http://dbpedia.org/resource/Ben_Travers,Travers,152,23,0.8053899196916728,0.1202820866040937,"Upon parting ways with Travers in 1981, Aldridge moved to London, England and began working with Gary Moore, recording the Dirty Fingers album.",0,4,== Career ==
http://www.wikidata.org/entity/Q215627,http://dbpedia.org/resource/Ben_Travers,Travers,152,23,0.8053899196916728,0.1202820866040937,"Upon parting ways with Travers in 1981, Aldridge moved to London, England and began working with Gary Moore, recording the Dirty Fingers album.",0,4,== Career ==
http://www.wikidata.org/entity/Q5,http://dbpedia.org/resource/Ben_Travers,Travers,152,23,0.8053899196916728,0.1202820866040937,"Upon parting ways with Travers in 1981, Aldridge moved to London, England and began working with Gary Moore, recording the Dirty Fingers album.",0,4,== Career ==
http://www.wikidata.org/entity/Q729,http://dbpedia.org/resource/Ben_Travers,Travers,152,23,0.8053899196916728,0.1202820866040937,"Upon parting ways with Travers in 1981, Aldridge moved to London, England and began working with Gary Moore, recording the Dirty Fingers album.",0,4,== Career ==
http://dbpedia.org/class/yago/WikicatBritishDramatistsAndPlaywrights,http://dbpedia.org/resource/Ben_Travers,Travers,152,23,0.8053899196916728,0.1202820866040937,"Upon parting ways with Travers in 1981, Aldridge moved to London, England and began working with Gary Moore, recording the Dirty Fingers album.",0,4,== Career ==
http://dbpedia.org/class/yago/WikicatBritishScreenwriters,http://dbpedia.org/resource/Ben_Travers,Travers,152,23,0.8053899196916728,0.1202820866040937,"Upon parting ways with Travers in 1981, Aldridge moved to London, England and began working with Gary Moore, recording the Dirty Fingers album.",0,4,== Career ==
http://dbpedia.org/class/yago/WikicatCommandersOfTheOrderOfTheBritishEmpire,http://dbpedia.org/resource/Ben_Travers,Travers,152,23,0.8053899196916728,0.1202820866040937,"Upon parting ways with Travers in 1981, Aldridge moved to London, England and began working with Gary Moore, recording the Dirty Fingers album.",0,4,== Career ==
http://dbpedia.org/class/yago/Worker109632518,http://dbpedia.org/resource/Ben_Travers,Travers,152,23,0.8053899196916728,0.1202820866040937,"Upon parting ways with Travers in 1981, Aldridge moved to London, England and began working with Gary Moore, recording the Dirty Fingers album.",0,4,== Career ==
http://dbpedia.org/class/yago/Writer110794014,http://dbpedia.org/resource/Ben_Travers,Travers,152,23,0.8053899196916728,0.1202820866040937,"Upon parting ways with Travers in 1981, Aldridge moved to London, England and began working with Gary Moore, recording the Dirty Fingers album.",0,4,== Career ==
http://dbpedia.org/class/yago/YagoLegalActor,http://dbpedia.org/resource/Ben_Travers,Travers,152,23,0.8053899196916728,0.1202820866040937,"Upon parting ways with Travers in 1981, Aldridge moved to London, England and began working with Gary Moore, recording the Dirty Fingers album.",0,4,== Career ==
http://dbpedia.org/class/yago/YagoLegalActorGeo,http://dbpedia.org/resource/Ben_Travers,Travers,152,23,0.8053899196916728,0.1202820866040937,"Upon parting ways with Travers in 1981, Aldridge moved to London, England and began working with Gary Moore, recording the Dirty Fingers album.",0,4,== Career ==
http://dbpedia.org/class/yago/CausalAgent100007347,http://dbpedia.org/resource/Ben_Travers,Travers,152,23,0.8053899196916728,0.1202820866040937,"Upon parting ways with Travers in 1981, Aldridge moved to London, England and began working with Gary Moore, recording the Dirty Fingers album.",0,4,== Career ==
http://dbpedia.org/class/yago/CommandingOfficer109941964,http://dbpedia.org/resource/Ben_Travers,Travers,152,23,0.8053899196916728,0.1202820866040937,"Upon parting ways with Travers in 1981, Aldridge moved to London, England and began working with Gary Moore, recording the Dirty Fingers album.",0,4,== Career ==
http://dbpedia.org/class/yago/Communicator109610660,http://dbpedia.org/resource/Ben_Travers,Travers,152,23,0.8053899196916728,0.1202820866040937,"Upon parting ways with Travers in 1981, Aldridge moved to London, England and began working with Gary Moore, recording the Dirty Fingers album.",0,4,== Career ==
http://dbpedia.org/class/yago/Dramatist110030277,http://dbpedia.org/resource/Ben_Travers,Travers,152,23,0.8053899196916728,0.1202820866040937,"Upon parting ways with Travers in 1981, Aldridge moved to London, England and began working with Gary Moore, recording the Dirty Fingers album.",0,4,== Career ==
http://dbpedia.org/class/yago/LivingThing100004258,http://dbpedia.org/resource/Ben_Travers,Travers,152,23,0.8053899196916728,0.1202820866040937,"Upon parting ways with Travers in 1981, Aldridge moved to London, England and began working with Gary Moore, recording the Dirty Fingers album.",0,4,== Career ==
http://dbpedia.org/class/yago/MilitaryOfficer110317007,http://dbpedia.org/resource/Ben_Travers,Travers,152,23,0.8053899196916728,0.1202820866040937,"Upon parting ways with Travers in 1981, Aldridge moved to London, England and began working with Gary Moore, recording the Dirty Fingers album.",0,4,== Career ==
http://dbpedia.org/class/yago/Novelist110363573,http://dbpedia.org/resource/Ben_Travers,Travers,152,23,0.8053899196916728,0.1202820866040937,"Upon parting ways with Travers in 1981, Aldridge moved to London, England and began working with Gary Moore, recording the Dirty Fingers album.",0,4,== Career ==
http://dbpedia.org/class/yago/Object100002684,http://dbpedia.org/resource/Ben_Travers,Travers,152,23,0.8053899196916728,0.1202820866040937,"Upon parting ways with Travers in 1981, Aldridge moved to London, England and began working with Gary Moore, recording the Dirty Fingers album.",0,4,== Career ==
http://dbpedia.org/class/yago/Organism100004475,http://dbpedia.org/resource/Ben_Travers,Travers,152,23,0.8053899196916728,0.1202820866040937,"Upon parting ways with Travers in 1981, Aldridge moved to London, England and began working with Gary Moore, recording the Dirty Fingers album.",0,4,== Career ==
http://dbpedia.org/class/yago/Person100007846,http://dbpedia.org/resource/Ben_Travers,Travers,152,23,0.8053899196916728,0.1202820866040937,"Upon parting ways with Travers in 1981, Aldridge moved to London, England and began working with Gary Moore, recording the Dirty Fingers album.",0,4,== Career ==
http://dbpedia.org/class/yago/PhysicalEntity100001930,http://dbpedia.org/resource/Ben_Travers,Travers,152,23,0.8053899196916728,0.1202820866040937,"Upon parting ways with Travers in 1981, Aldridge moved to London, England and began working with Gary Moore, recording the Dirty Fingers album.",0,4,== Career ==
http://dbpedia.org/class/yago/Screenwriter110564400,http://dbpedia.org/resource/Ben_Travers,Travers,152,23,0.8053899196916728,0.1202820866040937,"Upon parting ways with Travers in 1981, Aldridge moved to London, England and began working with Gary Moore, recording the Dirty Fingers album.",0,4,== Career ==
http://dbpedia.org/class/yago/Scriptwriter110564905,http://dbpedia.org/resource/Ben_Travers,Travers,152,23,0.8053899196916728,0.1202820866040937,"Upon parting ways with Travers in 1981, Aldridge moved to London, England and began working with Gary Moore, recording the Dirty Fingers album.",0,4,== Career ==
http://dbpedia.org/class/yago/Serviceman110582746,http://dbpedia.org/resource/Ben_Travers,Travers,152,23,0.8053899196916728,0.1202820866040937,"Upon parting ways with Travers in 1981, Aldridge moved to London, England and began working with Gary Moore, recording the Dirty Fingers album.",0,4,== Career ==
http://dbpedia.org/class/yago/SkilledWorker110605985,http://dbpedia.org/resource/Ben_Travers,Travers,152,23,0.8053899196916728,0.1202820866040937,"Upon parting ways with Travers in 1981, Aldridge moved to London, England and began working with Gary Moore, recording the Dirty Fingers album.",0,4,== Career ==
http://dbpedia.org/class/yago/Whole100003553,http://dbpedia.org/resource/Ben_Travers,Travers,152,23,0.8053899196916728,0.1202820866040937,"Upon parting ways with Travers in 1981, Aldridge moved to London, England and began working with Gary Moore, recording the Dirty Fingers album.",0,4,== Career ==
http://dbpedia.org/class/yago/WikicatEnglishDramatistsAndPlaywrights,http://dbpedia.org/resource/Ben_Travers,Travers,152,23,0.8053899196916728,0.1202820866040937,"Upon parting ways with Travers in 1981, Aldridge moved to London, England and began working with Gary Moore, recording the Dirty Fingers album.",0,4,== Career ==
http://dbpedia.org/class/yago/WikicatEnglishNovelists,http://dbpedia.org/resource/Ben_Travers,Travers,152,23,0.8053899196916728,0.1202820866040937,"Upon parting ways with Travers in 1981, Aldridge moved to London, England and began working with Gary Moore, recording the Dirty Fingers album.",0,4,== Career ==
http://dbpedia.org/class/yago/WikicatPeopleEducatedAtCharterhouseSchool,http://dbpedia.org/resource/Ben_Travers,Travers,152,23,0.8053899196916728,0.1202820866040937,"Upon parting ways with Travers in 1981, Aldridge moved to London, England and began working with Gary Moore, recording the Dirty Fingers album.",0,4,== Career ==
http://dbpedia.org/class/yago/WikicatPeopleFromHendon,http://dbpedia.org/resource/Ben_Travers,Travers,152,23,0.8053899196916728,0.1202820866040937,"Upon parting ways with Travers in 1981, Aldridge moved to London, England and began working with Gary Moore, recording the Dirty Fingers album.",0,4,== Career ==
http://www.w3.org/2002/07/owl#Thing,http://dbpedia.org/resource/England,England,149654,66,0.9287298839528222,0.0615611589312068,"Upon parting ways with Travers in 1981, Aldridge moved to London, England and began working with Gary Moore, recording the Dirty Fingers album.",0,4,== Career ==
http://dbpedia.org/ontology/Country,http://dbpedia.org/resource/England,England,149654,66,0.9287298839528222,0.0615611589312068,"Upon parting ways with Travers in 1981, Aldridge moved to London, England and began working with Gary Moore, recording the Dirty Fingers album.",0,4,== Career ==
http://www.w3.org/2003/01/geo/wgs84_pos#SpatialThing,http://dbpedia.org/resource/England,England,149654,66,0.9287298839528222,0.0615611589312068,"Upon parting ways with Travers in 1981, Aldridge moved to London, England and began working with Gary Moore, recording the Dirty Fingers album.",0,4,== Career ==
http://dbpedia.org/class/yago/WikicatIslandCountries,http://dbpedia.org/resource/England,England,149654,66,0.9287298839528222,0.0615611589312068,"Upon parting ways with Travers in 1981, Aldridge moved to London, England and began working with Gary Moore, recording the Dirty Fingers album.",0,4,== Career ==
http://dbpedia.org/ontology/MusicalArtist,http://dbpedia.org/resource/England,England,149654,66,0.9287298839528222,0.0615611589312068,"Upon parting ways with Travers in 1981, Aldridge moved to London, England and began working with Gary Moore, recording the Dirty Fingers album.",0,4,== Career ==
http://dbpedia.org/class/yago/YagoGeoEntity,http://dbpedia.org/resource/England,England,149654,66,0.9287298839528222,0.0615611589312068,"Upon parting ways with Travers in 1981, Aldridge moved to London, England and began working with Gary Moore, recording the Dirty Fingers album.",0,4,== Career ==
http://dbpedia.org/class/yago/YagoLegalActorGeo,http://dbpedia.org/resource/England,England,149654,66,0.9287298839528222,0.0615611589312068,"Upon parting ways with Travers in 1981, Aldridge moved to London, England and began working with Gary Moore, recording the Dirty Fingers album.",0,4,== Career ==
http://dbpedia.org/class/yago/YagoPermanentlyLocatedEntity,http://dbpedia.org/resource/England,England,149654,66,0.9287298839528222,0.0615611589312068,"Upon parting ways with Travers in 1981, Aldridge moved to London, England and began working with Gary Moore, recording the Dirty Fingers album.",0,4,== Career ==
http://umbel.org/umbel/rc/Country,http://dbpedia.org/resource/England,England,149654,66,0.9287298839528222,0.0615611589312068,"Upon parting ways with Travers in 1981, Aldridge moved to London, England and began working with Gary Moore, recording the Dirty Fingers album.",0,4,== Career ==
http://dbpedia.org/class/yago/AdministrativeDistrict108491826,http://dbpedia.org/resource/England,England,149654,66,0.9287298839528222,0.0615611589312068,"Upon parting ways with Travers in 1981, Aldridge moved to London, England and began working with Gary Moore, recording the Dirty Fingers album.",0,4,== Career ==
http://dbpedia.org/class/yago/Country108544813,http://dbpedia.org/resource/England,England,149654,66,0.9287298839528222,0.0615611589312068,"Upon parting ways with Travers in 1981, Aldridge moved to London, England and began working with Gary Moore, recording the Dirty Fingers album.",0,4,== Career ==
http://dbpedia.org/class/yago/District108552138,http://dbpedia.org/resource/England,England,149654,66,0.9287298839528222,0.0615611589312068,"Upon parting ways with Travers in 1981, Aldridge moved to London, England and began working with Gary Moore, recording the Dirty Fingers album.",0,4,== Career ==
http://dbpedia.org/class/yago/Location100027167,http://dbpedia.org/resource/England,England,149654,66,0.9287298839528222,0.0615611589312068,"Upon parting ways with Travers in 1981, Aldridge moved to London, England and began working with Gary Moore, recording the Dirty Fingers album.",0,4,== Career ==
http://dbpedia.org/class/yago/Object100002684,http://dbpedia.org/resource/England,England,149654,66,0.9287298839528222,0.0615611589312068,"Upon parting ways with Travers in 1981, Aldridge moved to London, England and began working with Gary Moore, recording the Dirty Fingers album.",0,4,== Career ==
http://dbpedia.org/class/yago/PhysicalEntity100001930,http://dbpedia.org/resource/England,England,149654,66,0.9287298839528222,0.0615611589312068,"Upon parting ways with Travers in 1981, Aldridge moved to London, England and began working with Gary Moore, recording the Dirty Fingers album.",0,4,== Career ==
http://dbpedia.org/class/yago/Region108630985,http://dbpedia.org/resource/England,England,149654,66,0.9287298839528222,0.0615611589312068,"Upon parting ways with Travers in 1981, Aldridge moved to London, England and began working with Gary Moore, recording the Dirty Fingers album.",0,4,== Career ==
http://dbpedia.org/class/yago/WikicatEnglish-speakingCountriesAndTerritories,http://dbpedia.org/resource/England,England,149654,66,0.9287298839528222,0.0615611589312068,"Upon parting ways with Travers in 1981, Aldridge moved to London, England and began working with Gary Moore, recording the Dirty Fingers album.",0,4,== Career ==
http://dbpedia.org/class/yago/WikicatGermanicCountriesAndTerritories,http://dbpedia.org/resource/England,England,149654,66,0.9287298839528222,0.0615611589312068,"Upon parting ways with Travers in 1981, Aldridge moved to London, England and began working with Gary Moore, recording the Dirty Fingers album.",0,4,== Career ==
http://www.w3.org/2002/07/owl#Thing,http://dbpedia.org/resource/England,England,149654,61,0.8824571809273328,0.067982265369143,"American guitarist Randy Rhoads, who had recently arrived in England to record with Ozzy Osbourne, was a big fan of Moore's guitar playing, and one day he and Bob Daisley arrived to watch Moore's band rehearse.",1,4,== Career ==
http://dbpedia.org/ontology/Country,http://dbpedia.org/resource/England,England,149654,61,0.8824571809273328,0.067982265369143,"American guitarist Randy Rhoads, who had recently arrived in England to record with Ozzy Osbourne, was a big fan of Moore's guitar playing, and one day he and Bob Daisley arrived to watch Moore's band rehearse.",1,4,== Career ==
http://www.w3.org/2003/01/geo/wgs84_pos#SpatialThing,http://dbpedia.org/resource/England,England,149654,61,0.8824571809273328,0.067982265369143,"American guitarist Randy Rhoads, who had recently arrived in England to record with Ozzy Osbourne, was a big fan of Moore's guitar playing, and one day he and Bob Daisley arrived to watch Moore's band rehearse.",1,4,== Career ==
http://dbpedia.org/class/yago/WikicatIslandCountries,http://dbpedia.org/resource/England,England,149654,61,0.8824571809273328,0.067982265369143,"American guitarist Randy Rhoads, who had recently arrived in England to record with Ozzy Osbourne, was a big fan of Moore's guitar playing, and one day he and Bob Daisley arrived to watch Moore's band rehearse.",1,4,== Career ==
http://dbpedia.org/ontology/MusicalArtist,http://dbpedia.org/resource/England,England,149654,61,0.8824571809273328,0.067982265369143,"American guitarist Randy Rhoads, who had recently arrived in England to record with Ozzy Osbourne, was a big fan of Moore's guitar playing, and one day he and Bob Daisley arrived to watch Moore's band rehearse.",1,4,== Career ==
http://dbpedia.org/class/yago/YagoGeoEntity,http://dbpedia.org/resource/England,England,149654,61,0.8824571809273328,0.067982265369143,"American guitarist Randy Rhoads, who had recently arrived in England to record with Ozzy Osbourne, was a big fan of Moore's guitar playing, and one day he and Bob Daisley arrived to watch Moore's band rehearse.",1,4,== Career ==
http://dbpedia.org/class/yago/YagoLegalActorGeo,http://dbpedia.org/resource/England,England,149654,61,0.8824571809273328,0.067982265369143,"American guitarist Randy Rhoads, who had recently arrived in England to record with Ozzy Osbourne, was a big fan of Moore's guitar playing, and one day he and Bob Daisley arrived to watch Moore's band rehearse.",1,4,== Career ==
http://dbpedia.org/class/yago/YagoPermanentlyLocatedEntity,http://dbpedia.org/resource/England,England,149654,61,0.8824571809273328,0.067982265369143,"American guitarist Randy Rhoads, who had recently arrived in England to record with Ozzy Osbourne, was a big fan of Moore's guitar playing, and one day he and Bob Daisley arrived to watch Moore's band rehearse.",1,4,== Career ==
http://umbel.org/umbel/rc/Country,http://dbpedia.org/resource/England,England,149654,61,0.8824571809273328,0.067982265369143,"American guitarist Randy Rhoads, who had recently arrived in England to record with Ozzy Osbourne, was a big fan of Moore's guitar playing, and one day he and Bob Daisley arrived to watch Moore's band rehearse.",1,4,== Career ==
http://dbpedia.org/class/yago/AdministrativeDistrict108491826,http://dbpedia.org/resource/England,England,149654,61,0.8824571809273328,0.067982265369143,"American guitarist Randy Rhoads, who had recently arrived in England to record with Ozzy Osbourne, was a big fan of Moore's guitar playing, and one day he and Bob Daisley arrived to watch Moore's band rehearse.",1,4,== Career ==
http://dbpedia.org/class/yago/Country108544813,http://dbpedia.org/resource/England,England,149654,61,0.8824571809273328,0.067982265369143,"American guitarist Randy Rhoads, who had recently arrived in England to record with Ozzy Osbourne, was a big fan of Moore's guitar playing, and one day he and Bob Daisley arrived to watch Moore's band rehearse.",1,4,== Career ==
http://dbpedia.org/class/yago/District108552138,http://dbpedia.org/resource/England,England,149654,61,0.8824571809273328,0.067982265369143,"American guitarist Randy Rhoads, who had recently arrived in England to record with Ozzy Osbourne, was a big fan of Moore's guitar playing, and one day he and Bob Daisley arrived to watch Moore's band rehearse.",1,4,== Career ==
http://dbpedia.org/class/yago/Location100027167,http://dbpedia.org/resource/England,England,149654,61,0.8824571809273328,0.067982265369143,"American guitarist Randy Rhoads, who had recently arrived in England to record with Ozzy Osbourne, was a big fan of Moore's guitar playing, and one day he and Bob Daisley arrived to watch Moore's band rehearse.",1,4,== Career ==
http://dbpedia.org/class/yago/Object100002684,http://dbpedia.org/resource/England,England,149654,61,0.8824571809273328,0.067982265369143,"American guitarist Randy Rhoads, who had recently arrived in England to record with Ozzy Osbourne, was a big fan of Moore's guitar playing, and one day he and Bob Daisley arrived to watch Moore's band rehearse.",1,4,== Career ==
http://dbpedia.org/class/yago/PhysicalEntity100001930,http://dbpedia.org/resource/England,England,149654,61,0.8824571809273328,0.067982265369143,"American guitarist Randy Rhoads, who had recently arrived in England to record with Ozzy Osbourne, was a big fan of Moore's guitar playing, and one day he and Bob Daisley arrived to watch Moore's band rehearse.",1,4,== Career ==
http://dbpedia.org/class/yago/Region108630985,http://dbpedia.org/resource/England,England,149654,61,0.8824571809273328,0.067982265369143,"American guitarist Randy Rhoads, who had recently arrived in England to record with Ozzy Osbourne, was a big fan of Moore's guitar playing, and one day he and Bob Daisley arrived to watch Moore's band rehearse.",1,4,== Career ==
http://dbpedia.org/class/yago/WikicatEnglish-speakingCountriesAndTerritories,http://dbpedia.org/resource/England,England,149654,61,0.8824571809273328,0.067982265369143,"American guitarist Randy Rhoads, who had recently arrived in England to record with Ozzy Osbourne, was a big fan of Moore's guitar playing, and one day he and Bob Daisley arrived to watch Moore's band rehearse.",1,4,== Career ==
http://dbpedia.org/class/yago/WikicatGermanicCountriesAndTerritories,http://dbpedia.org/resource/England,England,149654,61,0.8824571809273328,0.067982265369143,"American guitarist Randy Rhoads, who had recently arrived in England to record with Ozzy Osbourne, was a big fan of Moore's guitar playing, and one day he and Bob Daisley arrived to watch Moore's band rehearse.",1,4,== Career ==
http://www.w3.org/2002/07/owl#Thing,http://dbpedia.org/resource/Guitarist,guitar,5062,124,0.9422517434055176,0.0540769915986161,"American guitarist Randy Rhoads, who had recently arrived in England to record with Ozzy Osbourne, was a big fan of Moore's guitar playing, and one day he and Bob Daisley arrived to watch Moore's band rehearse.",1,4,== Career ==
http://dbpedia.org/ontology/Person,http://dbpedia.org/resource/Guitarist,guitar,5062,124,0.9422517434055176,0.0540769915986161,"American guitarist Randy Rhoads, who had recently arrived in England to record with Ozzy Osbourne, was a big fan of Moore's guitar playing, and one day he and Bob Daisley arrived to watch Moore's band rehearse.",1,4,== Career ==
http://dbpedia.org/ontology/PersonFunction,http://dbpedia.org/resource/Guitarist,guitar,5062,124,0.9422517434055176,0.0540769915986161,"American guitarist Randy Rhoads, who had recently arrived in England to record with Ozzy Osbourne, was a big fan of Moore's guitar playing, and one day he and Bob Daisley arrived to watch Moore's band rehearse.",1,4,== Career ==
http://dbpedia.org/class/yago/WikicatAlbums,http://dbpedia.org/resource/Liner_notes,liner notes,3420,37,1.0,0.0,"Although Aldridge is credited in the liner notes and pictured on the inner sleeve of Osbourne's 1981 album Diary of a Madman, Lee Kerslake actually performed all the drum parts on the original release.",4,4,== Career ==
http://dbpedia.org/class/yago/Album106591815,http://dbpedia.org/resource/Liner_notes,liner notes,3420,37,1.0,0.0,"Although Aldridge is credited in the liner notes and pictured on the inner sleeve of Osbourne's 1981 album Diary of a Madman, Lee Kerslake actually performed all the drum parts on the original release.",4,4,== Career ==
http://dbpedia.org/class/yago/Artifact100021939,http://dbpedia.org/resource/Liner_notes,liner notes,3420,37,1.0,0.0,"Although Aldridge is credited in the liner notes and pictured on the inner sleeve of Osbourne's 1981 album Diary of a Madman, Lee Kerslake actually performed all the drum parts on the original release.",4,4,== Career ==
http://dbpedia.org/class/yago/Instrumentality103575240,http://dbpedia.org/resource/Liner_notes,liner notes,3420,37,1.0,0.0,"Although Aldridge is credited in the liner notes and pictured on the inner sleeve of Osbourne's 1981 album Diary of a Madman, Lee Kerslake actually performed all the drum parts on the original release.",4,4,== Career ==
http://dbpedia.org/class/yago/Medium106254669,http://dbpedia.org/resource/Liner_notes,liner notes,3420,37,1.0,0.0,"Although Aldridge is credited in the liner notes and pictured on the inner sleeve of Osbourne's 1981 album Diary of a Madman, Lee Kerslake actually performed all the drum parts on the original release.",4,4,== Career ==
http://dbpedia.org/class/yago/Object100002684,http://dbpedia.org/resource/Liner_notes,liner notes,3420,37,1.0,0.0,"Although Aldridge is credited in the liner notes and pictured on the inner sleeve of Osbourne's 1981 album Diary of a Madman, Lee Kerslake actually performed all the drum parts on the original release.",4,4,== Career ==
http://dbpedia.org/class/yago/PhysicalEntity100001930,http://dbpedia.org/resource/Liner_notes,liner notes,3420,37,1.0,0.0,"Although Aldridge is credited in the liner notes and pictured on the inner sleeve of Osbourne's 1981 album Diary of a Madman, Lee Kerslake actually performed all the drum parts on the original release.",4,4,== Career ==
http://dbpedia.org/class/yago/Whole100003553,http://dbpedia.org/resource/Liner_notes,liner notes,3420,37,1.0,0.0,"Although Aldridge is credited in the liner notes and pictured on the inner sleeve of Osbourne's 1981 album Diary of a Madman, Lee Kerslake actually performed all the drum parts on the original release.",4,4,== Career ==
http://www.w3.org/2002/07/owl#Thing,http://dbpedia.org/resource/Drum_kit,drum,51049,166,0.9880452635438468,0.0120987140520618,"Although Aldridge is credited in the liner notes and pictured on the inner sleeve of Osbourne's 1981 album Diary of a Madman, Lee Kerslake actually performed all the drum parts on the original release.",4,4,== Career ==
http://dbpedia.org/class/yago/WikicatJazzInstruments,http://dbpedia.org/resource/Drum_kit,drum,51049,166,0.9880452635438468,0.0120987140520618,"Although Aldridge is credited in the liner notes and pictured on the inner sleeve of Osbourne's 1981 album Diary of a Madman, Lee Kerslake actually performed all the drum parts on the original release.",4,4,== Career ==
http://dbpedia.org/class/yago/WikicatPercussionInstruments,http://dbpedia.org/resource/Drum_kit,drum,51049,166,0.9880452635438468,0.0120987140520618,"Although Aldridge is credited in the liner notes and pictured on the inner sleeve of Osbourne's 1981 album Diary of a Madman, Lee Kerslake actually performed all the drum parts on the original release.",4,4,== Career ==
http://dbpedia.org/ontology/Book,http://dbpedia.org/resource/Drum_kit,drum,51049,166,0.9880452635438468,0.0120987140520618,"Although Aldridge is credited in the liner notes and pictured on the inner sleeve of Osbourne's 1981 album Diary of a Madman, Lee Kerslake actually performed all the drum parts on the original release.",4,4,== Career ==
http://dbpedia.org/ontology/MusicalArtist,http://dbpedia.org/resource/Drum_kit,drum,51049,166,0.9880452635438468,0.0120987140520618,"Although Aldridge is credited in the liner notes and pictured on the inner sleeve of Osbourne's 1981 album Diary of a Madman, Lee Kerslake actually performed all the drum parts on the original release.",4,4,== Career ==
http://dbpedia.org/class/yago/WikicatCymbals,http://dbpedia.org/resource/Drum_kit,drum,51049,166,0.9880452635438468,0.0120987140520618,"Although Aldridge is credited in the liner notes and pictured on the inner sleeve of Osbourne's 1981 album Diary of a Madman, Lee Kerslake actually performed all the drum parts on the original release.",4,4,== Career ==
http://dbpedia.org/class/yago/WikicatDrums,http://dbpedia.org/resource/Drum_kit,drum,51049,166,0.9880452635438468,0.0120987140520618,"Although Aldridge is credited in the liner notes and pictured on the inner sleeve of Osbourne's 1981 album Diary of a Madman, Lee Kerslake actually performed all the drum parts on the original release.",4,4,== Career ==
http://dbpedia.org/class/yago/WikicatMembranophones,http://dbpedia.org/resource/Drum_kit,drum,51049,166,0.9880452635438468,0.0120987140520618,"Although Aldridge is credited in the liner notes and pictured on the inner sleeve of Osbourne's 1981 album Diary of a Madman, Lee Kerslake actually performed all the drum parts on the original release.",4,4,== Career ==
http://dbpedia.org/class/yago/WikicatMusicalInstruments,http://dbpedia.org/resource/Drum_kit,drum,51049,166,0.9880452635438468,0.0120987140520618,"Although Aldridge is credited in the liner notes and pictured on the inner sleeve of Osbourne's 1981 album Diary of a Madman, Lee Kerslake actually performed all the drum parts on the original release.",4,4,== Career ==
http://dbpedia.org/class/yago/Artifact100021939,http://dbpedia.org/resource/Drum_kit,drum,51049,166,0.9880452635438468,0.0120987140520618,"Although Aldridge is credited in the liner notes and pictured on the inner sleeve of Osbourne's 1981 album Diary of a Madman, Lee Kerslake actually performed all the drum parts on the original release.",4,4,== Career ==
http://dbpedia.org/class/yago/Cymbal103157348,http://dbpedia.org/resource/Drum_kit,drum,51049,166,0.9880452635438468,0.0120987140520618,"Although Aldridge is credited in the liner notes and pictured on the inner sleeve of Osbourne's 1981 album Diary of a Madman, Lee Kerslake actually performed all the drum parts on the original release.",4,4,== Career ==
http://dbpedia.org/class/yago/Device103183080,http://dbpedia.org/resource/Drum_kit,drum,51049,166,0.9880452635438468,0.0120987140520618,"Although Aldridge is credited in the liner notes and pictured on the inner sleeve of Osbourne's 1981 album Diary of a Madman, Lee Kerslake actually performed all the drum parts on the original release.",4,4,== Career ==
http://dbpedia.org/class/yago/Drum103249569,http://dbpedia.org/resource/Drum_kit,drum,51049,166,0.9880452635438468,0.0120987140520618,"Although Aldridge is credited in the liner notes and pictured on the inner sleeve of Osbourne's 1981 album Diary of a Madman, Lee Kerslake actually performed all the drum parts on the original release.",4,4,== Career ==
http://dbpedia.org/class/yago/Instrument103574816,http://dbpedia.org/resource/Drum_kit,drum,51049,166,0.9880452635438468,0.0120987140520618,"Although Aldridge is credited in the liner notes and pictured on the inner sleeve of Osbourne's 1981 album Diary of a Madman, Lee Kerslake actually performed all the drum parts on the original release.",4,4,== Career ==
http://dbpedia.org/class/yago/Instrumentality103575240,http://dbpedia.org/resource/Drum_kit,drum,51049,166,0.9880452635438468,0.0120987140520618,"Although Aldridge is credited in the liner notes and pictured on the inner sleeve of Osbourne's 1981 album Diary of a Madman, Lee Kerslake actually performed all the drum parts on the original release.",4,4,== Career ==
http://dbpedia.org/class/yago/MusicalInstrument103800933,http://dbpedia.org/resource/Drum_kit,drum,51049,166,0.9880452635438468,0.0120987140520618,"Although Aldridge is credited in the liner notes and pictured on the inner sleeve of Osbourne's 1981 album Diary of a Madman, Lee Kerslake actually performed all the drum parts on the original release.",4,4,== Career ==
http://dbpedia.org/class/yago/Object100002684,http://dbpedia.org/resource/Drum_kit,drum,51049,166,0.9880452635438468,0.0120987140520618,"Although Aldridge is credited in the liner notes and pictured on the inner sleeve of Osbourne's 1981 album Diary of a Madman, Lee Kerslake actually performed all the drum parts on the original release.",4,4,== Career ==
http://dbpedia.org/class/yago/PercussionInstrument103915437,http://dbpedia.org/resource/Drum_kit,drum,51049,166,0.9880452635438468,0.0120987140520618,"Although Aldridge is credited in the liner notes and pictured on the inner sleeve of Osbourne's 1981 album Diary of a Madman, Lee Kerslake actually performed all the drum parts on the original release.",4,4,== Career ==
http://dbpedia.org/class/yago/PhysicalEntity100001930,http://dbpedia.org/resource/Drum_kit,drum,51049,166,0.9880452635438468,0.0120987140520618,"Although Aldridge is credited in the liner notes and pictured on the inner sleeve of Osbourne's 1981 album Diary of a Madman, Lee Kerslake actually performed all the drum parts on the original release.",4,4,== Career ==
http://dbpedia.org/class/yago/Whole100003553,http://dbpedia.org/resource/Drum_kit,drum,51049,166,0.9880452635438468,0.0120987140520618,"Although Aldridge is credited in the liner notes and pictured on the inner sleeve of Osbourne's 1981 album Diary of a Madman, Lee Kerslake actually performed all the drum parts on the original release.",4,4,== Career ==
http://dbpedia.org/class/yago/WikicatNorthAmericanPercussionInstruments,http://dbpedia.org/resource/Drum_kit,drum,51049,166,0.9880452635438468,0.0120987140520618,"Although Aldridge is credited in the liner notes and pictured on the inner sleeve of Osbourne's 1981 album Diary of a Madman, Lee Kerslake actually performed all the drum parts on the original release.",4,4,== Career ==
http://www.w3.org/2002/07/owl#Thing,http://dbpedia.org/resource/Guitarist,guitar,5062,106,0.8565588181665585,0.1607005227038513,"Soon after, Aldridge, along with bassist and former Ozzy Osbourne-bandmate Rudy Sarzo, joined forces with guitar/keyboard player Tony MacAlpine and vocalist Rob Rock to form a short-lived project called M.A.R.S.. Close friends, Aldridge and Sarzo both joined Whitesnake in 1987 as the band prepared to tour in support of its multi-platinum selling Whitesnake album.",0,5,== Career ==
http://dbpedia.org/ontology/Person,http://dbpedia.org/resource/Guitarist,guitar,5062,106,0.8565588181665585,0.1607005227038513,"Soon after, Aldridge, along with bassist and former Ozzy Osbourne-bandmate Rudy Sarzo, joined forces with guitar/keyboard player Tony MacAlpine and vocalist Rob Rock to form a short-lived project called M.A.R.S.. Close friends, Aldridge and Sarzo both joined Whitesnake in 1987 as the band prepared to tour in support of its multi-platinum selling Whitesnake album.",0,5,== Career ==
http://dbpedia.org/ontology/PersonFunction,http://dbpedia.org/resource/Guitarist,guitar,5062,106,0.8565588181665585,0.1607005227038513,"Soon after, Aldridge, along with bassist and former Ozzy Osbourne-bandmate Rudy Sarzo, joined forces with guitar/keyboard player Tony MacAlpine and vocalist Rob Rock to form a short-lived project called M.A.R.S.. Close friends, Aldridge and Sarzo both joined Whitesnake in 1987 as the band prepared to tour in support of its multi-platinum selling Whitesnake album.",0,5,== Career ==
http://www.w3.org/2002/07/owl#Thing,http://dbpedia.org/resource/Music_recording_certification,multi-platinum,9608,325,0.8757490353970628,0.1418796476849658,"Soon after, Aldridge, along with bassist and former Ozzy Osbourne-bandmate Rudy Sarzo, joined forces with guitar/keyboard player Tony MacAlpine and vocalist Rob Rock to form a short-lived project called M.A.R.S.. Close friends, Aldridge and Sarzo both joined Whitesnake in 1987 as the band prepared to tour in support of its multi-platinum selling Whitesnake album.",0,5,== Career ==
http://www.w3.org/2002/07/owl#Thing,http://dbpedia.org/resource/Music_industry,music industry,2340,49,0.9999858566298794,7.40417778298004e-06,"Announcing he was going to take a break from the music industry, Whitesnake frontman David Coverdale put the band on indefinite hiatus after the tour, and Aldridge moved on.",2,5,== Career ==
http://dbpedia.org/ontology/PersonFunction,http://dbpedia.org/resource/Music_industry,music industry,2340,49,0.9999858566298794,7.40417778298004e-06,"Announcing he was going to take a break from the music industry, Whitesnake frontman David Coverdale put the band on indefinite hiatus after the tour, and Aldridge moved on.",2,5,== Career ==
http://dbpedia.org/class/yago/YagoLegalActor,http://dbpedia.org/resource/Music_industry,music industry,2340,49,0.9999858566298794,7.40417778298004e-06,"Announcing he was going to take a break from the music industry, Whitesnake frontman David Coverdale put the band on indefinite hiatus after the tour, and Aldridge moved on.",2,5,== Career ==
http://dbpedia.org/class/yago/YagoLegalActorGeo,http://dbpedia.org/resource/Music_industry,music industry,2340,49,0.9999858566298794,7.40417778298004e-06,"Announcing he was going to take a break from the music industry, Whitesnake frontman David Coverdale put the band on indefinite hiatus after the tour, and Aldridge moved on.",2,5,== Career ==
http://dbpedia.org/class/yago/WikicatRecordLabelDistributors,http://dbpedia.org/resource/Music_industry,music industry,2340,49,0.9999858566298794,7.40417778298004e-06,"Announcing he was going to take a break from the music industry, Whitesnake frontman David Coverdale put the band on indefinite hiatus after the tour, and Aldridge moved on.",2,5,== Career ==
http://dbpedia.org/class/yago/Businessperson109882716,http://dbpedia.org/resource/Music_industry,music industry,2340,49,0.9999858566298794,7.40417778298004e-06,"Announcing he was going to take a break from the music industry, Whitesnake frontman David Coverdale put the band on indefinite hiatus after the tour, and Aldridge moved on.",2,5,== Career ==
http://dbpedia.org/class/yago/Capitalist109609232,http://dbpedia.org/resource/Music_industry,music industry,2340,49,0.9999858566298794,7.40417778298004e-06,"Announcing he was going to take a break from the music industry, Whitesnake frontman David Coverdale put the band on indefinite hiatus after the tour, and Aldridge moved on.",2,5,== Career ==
http://dbpedia.org/class/yago/CausalAgent100007347,http://dbpedia.org/resource/Music_industry,music industry,2340,49,0.9999858566298794,7.40417778298004e-06,"Announcing he was going to take a break from the music industry, Whitesnake frontman David Coverdale put the band on indefinite hiatus after the tour, and Aldridge moved on.",2,5,== Career ==
http://dbpedia.org/class/yago/Distributor110018861,http://dbpedia.org/resource/Music_industry,music industry,2340,49,0.9999858566298794,7.40417778298004e-06,"Announcing he was going to take a break from the music industry, Whitesnake frontman David Coverdale put the band on indefinite hiatus after the tour, and Aldridge moved on.",2,5,== Career ==
http://dbpedia.org/class/yago/LivingThing100004258,http://dbpedia.org/resource/Music_industry,music industry,2340,49,0.9999858566298794,7.40417778298004e-06,"Announcing he was going to take a break from the music industry, Whitesnake frontman David Coverdale put the band on indefinite hiatus after the tour, and Aldridge moved on.",2,5,== Career ==
http://dbpedia.org/class/yago/Object100002684,http://dbpedia.org/resource/Music_industry,music industry,2340,49,0.9999858566298794,7.40417778298004e-06,"Announcing he was going to take a break from the music industry, Whitesnake frontman David Coverdale put the band on indefinite hiatus after the tour, and Aldridge moved on.",2,5,== Career ==
http://dbpedia.org/class/yago/Organism100004475,http://dbpedia.org/resource/Music_industry,music industry,2340,49,0.9999858566298794,7.40417778298004e-06,"Announcing he was going to take a break from the music industry, Whitesnake frontman David Coverdale put the band on indefinite hiatus after the tour, and Aldridge moved on.",2,5,== Career ==
http://dbpedia.org/class/yago/Person100007846,http://dbpedia.org/resource/Music_industry,music industry,2340,49,0.9999858566298794,7.40417778298004e-06,"Announcing he was going to take a break from the music industry, Whitesnake frontman David Coverdale put the band on indefinite hiatus after the tour, and Aldridge moved on.",2,5,== Career ==
http://dbpedia.org/class/yago/PhysicalEntity100001930,http://dbpedia.org/resource/Music_industry,music industry,2340,49,0.9999858566298794,7.40417778298004e-06,"Announcing he was going to take a break from the music industry, Whitesnake frontman David Coverdale put the band on indefinite hiatus after the tour, and Aldridge moved on.",2,5,== Career ==
http://dbpedia.org/class/yago/Supplier110677271,http://dbpedia.org/resource/Music_industry,music industry,2340,49,0.9999858566298794,7.40417778298004e-06,"Announcing he was going to take a break from the music industry, Whitesnake frontman David Coverdale put the band on indefinite hiatus after the tour, and Aldridge moved on.",2,5,== Career ==
http://dbpedia.org/class/yago/Whole100003553,http://dbpedia.org/resource/Music_industry,music industry,2340,49,0.9999858566298794,7.40417778298004e-06,"Announcing he was going to take a break from the music industry, Whitesnake frontman David Coverdale put the band on indefinite hiatus after the tour, and Aldridge moved on.",2,5,== Career ==
http://www.w3.org/2002/07/owl#Thing,http://dbpedia.org/resource/Drum,drum,4786,31,0.621829885912458,0.607426230258766,"Aldridge has been an in-demand drum clinician since the early 1980s, and much of his work involves drum clinics and festivals each year.",0,8,== Career ==
http://dbpedia.org/ontology/Person,http://dbpedia.org/resource/Drum,drum,4786,31,0.621829885912458,0.607426230258766,"Aldridge has been an in-demand drum clinician since the early 1980s, and much of his work involves drum clinics and festivals each year.",0,8,== Career ==
http://dbpedia.org/ontology/MusicGenre,http://dbpedia.org/resource/Drum,drum,4786,31,0.621829885912458,0.607426230258766,"Aldridge has been an in-demand drum clinician since the early 1980s, and much of his work involves drum clinics and festivals each year.",0,8,== Career ==
http://www.w3.org/2002/07/owl#Thing,http://dbpedia.org/resource/Drum,drum,4786,99,0.621829885912458,0.607426230258766,"Aldridge has been an in-demand drum clinician since the early 1980s, and much of his work involves drum clinics and festivals each year.",0,8,== Career ==
http://dbpedia.org/ontology/Person,http://dbpedia.org/resource/Drum,drum,4786,99,0.621829885912458,0.607426230258766,"Aldridge has been an in-demand drum clinician since the early 1980s, and much of his work involves drum clinics and festivals each year.",0,8,== Career ==
http://dbpedia.org/ontology/MusicGenre,http://dbpedia.org/resource/Drum,drum,4786,99,0.621829885912458,0.607426230258766,"Aldridge has been an in-demand drum clinician since the early 1980s, and much of his work involves drum clinics and festivals each year.",0,8,== Career ==
http://www.w3.org/2002/07/owl#Thing,http://dbpedia.org/resource/Singing,vocals,61628,69,0.9251617281610822,0.0802251718001984,"From 2002 Aldridge toured with Whitesnake alongside David Coverdale (vocals), Doug Aldrich (guitar), Reb Beach (guitar), Marco Mendoza/Uriah Duffy (bass) and Timothy Drury (keyboards).",0,9,== Career ==
http://dbpedia.org/ontology/Band,http://dbpedia.org/resource/Singing,vocals,61628,69,0.9251617281610822,0.0802251718001984,"From 2002 Aldridge toured with Whitesnake alongside David Coverdale (vocals), Doug Aldrich (guitar), Reb Beach (guitar), Marco Mendoza/Uriah Duffy (bass) and Timothy Drury (keyboards).",0,9,== Career ==
http://dbpedia.org/ontology/PersonFunction,http://dbpedia.org/resource/Singing,vocals,61628,69,0.9251617281610822,0.0802251718001984,"From 2002 Aldridge toured with Whitesnake alongside David Coverdale (vocals), Doug Aldrich (guitar), Reb Beach (guitar), Marco Mendoza/Uriah Duffy (bass) and Timothy Drury (keyboards).",0,9,== Career ==
http://www.w3.org/2002/07/owl#Thing,http://dbpedia.org/resource/Guitar,guitar,67560,92,0.9937608471791524,0.003034734298887,"From 2002 Aldridge toured with Whitesnake alongside David Coverdale (vocals), Doug Aldrich (guitar), Reb Beach (guitar), Marco Mendoza/Uriah Duffy (bass) and Timothy Drury (keyboards).",0,9,== Career ==
http://dbpedia.org/ontology/Agent,http://dbpedia.org/resource/Guitar,guitar,67560,92,0.9937608471791524,0.003034734298887,"From 2002 Aldridge toured with Whitesnake alongside David Coverdale (vocals), Doug Aldrich (guitar), Reb Beach (guitar), Marco Mendoza/Uriah Duffy (bass) and Timothy Drury (keyboards).",0,9,== Career ==
http://dbpedia.org/ontology/MusicalArtist,http://dbpedia.org/resource/Guitar,guitar,67560,92,0.9937608471791524,0.003034734298887,"From 2002 Aldridge toured with Whitesnake alongside David Coverdale (vocals), Doug Aldrich (guitar), Reb Beach (guitar), Marco Mendoza/Uriah Duffy (bass) and Timothy Drury (keyboards).",0,9,== Career ==
http://www.w3.org/2002/07/owl#Thing,http://dbpedia.org/resource/Guitar,guitar,67560,112,0.9937608471791524,0.003034734298887,"From 2002 Aldridge toured with Whitesnake alongside David Coverdale (vocals), Doug Aldrich (guitar), Reb Beach (guitar), Marco Mendoza/Uriah Duffy (bass) and Timothy Drury (keyboards).",0,9,== Career ==
http://dbpedia.org/ontology/Agent,http://dbpedia.org/resource/Guitar,guitar,67560,112,0.9937608471791524,0.003034734298887,"From 2002 Aldridge toured with Whitesnake alongside David Coverdale (vocals), Doug Aldrich (guitar), Reb Beach (guitar), Marco Mendoza/Uriah Duffy (bass) and Timothy Drury (keyboards).",0,9,== Career ==
http://dbpedia.org/ontology/MusicalArtist,http://dbpedia.org/resource/Guitar,guitar,67560,112,0.9937608471791524,0.003034734298887,"From 2002 Aldridge toured with Whitesnake alongside David Coverdale (vocals), Doug Aldrich (guitar), Reb Beach (guitar), Marco Mendoza/Uriah Duffy (bass) and Timothy Drury (keyboards).",0,9,== Career ==
http://www.w3.org/2002/07/owl#Thing,http://dbpedia.org/resource/Uriah_Duffy,Uriah Duffy,13,135,1.0,0.0,"From 2002 Aldridge toured with Whitesnake alongside David Coverdale (vocals), Doug Aldrich (guitar), Reb Beach (guitar), Marco Mendoza/Uriah Duffy (bass) and Timothy Drury (keyboards).",0,9,== Career ==
http://dbpedia.org/class/yago/WikicatAmericanBassGuitarists,http://dbpedia.org/resource/Uriah_Duffy,Uriah Duffy,13,135,1.0,0.0,"From 2002 Aldridge toured with Whitesnake alongside David Coverdale (vocals), Doug Aldrich (guitar), Reb Beach (guitar), Marco Mendoza/Uriah Duffy (bass) and Timothy Drury (keyboards).",0,9,== Career ==
"http://dbpedia.org/class/yago/WikicatPeopleFromWashingtonCounty,RhodeIsland",http://dbpedia.org/resource/Uriah_Duffy,Uriah Duffy,13,135,1.0,0.0,"From 2002 Aldridge toured with Whitesnake alongside David Coverdale (vocals), Doug Aldrich (guitar), Reb Beach (guitar), Marco Mendoza/Uriah Duffy (bass) and Timothy Drury (keyboards).",0,9,== Career ==
http://dbpedia.org/ontology/MusicalArtist,http://dbpedia.org/resource/Uriah_Duffy,Uriah Duffy,13,135,1.0,0.0,"From 2002 Aldridge toured with Whitesnake alongside David Coverdale (vocals), Doug Aldrich (guitar), Reb Beach (guitar), Marco Mendoza/Uriah Duffy (bass) and Timothy Drury (keyboards).",0,9,== Career ==
http://dbpedia.org/class/yago/YagoLegalActor,http://dbpedia.org/resource/Uriah_Duffy,Uriah Duffy,13,135,1.0,0.0,"From 2002 Aldridge toured with Whitesnake alongside David Coverdale (vocals), Doug Aldrich (guitar), Reb Beach (guitar), Marco Mendoza/Uriah Duffy (bass) and Timothy Drury (keyboards).",0,9,== Career ==
http://dbpedia.org/class/yago/YagoLegalActorGeo,http://dbpedia.org/resource/Uriah_Duffy,Uriah Duffy,13,135,1.0,0.0,"From 2002 Aldridge toured with Whitesnake alongside David Coverdale (vocals), Doug Aldrich (guitar), Reb Beach (guitar), Marco Mendoza/Uriah Duffy (bass) and Timothy Drury (keyboards).",0,9,== Career ==
http://dbpedia.org/class/yago/WikicatLivingPeople,http://dbpedia.org/resource/Uriah_Duffy,Uriah Duffy,13,135,1.0,0.0,"From 2002 Aldridge toured with Whitesnake alongside David Coverdale (vocals), Doug Aldrich (guitar), Reb Beach (guitar), Marco Mendoza/Uriah Duffy (bass) and Timothy Drury (keyboards).",0,9,== Career ==
http://dbpedia.org/class/yago/Artist109812338,http://dbpedia.org/resource/Uriah_Duffy,Uriah Duffy,13,135,1.0,0.0,"From 2002 Aldridge toured with Whitesnake alongside David Coverdale (vocals), Doug Aldrich (guitar), Reb Beach (guitar), Marco Mendoza/Uriah Duffy (bass) and Timothy Drury (keyboards).",0,9,== Career ==
http://dbpedia.org/class/yago/CausalAgent100007347,http://dbpedia.org/resource/Uriah_Duffy,Uriah Duffy,13,135,1.0,0.0,"From 2002 Aldridge toured with Whitesnake alongside David Coverdale (vocals), Doug Aldrich (guitar), Reb Beach (guitar), Marco Mendoza/Uriah Duffy (bass) and Timothy Drury (keyboards).",0,9,== Career ==
http://dbpedia.org/class/yago/Creator109614315,http://dbpedia.org/resource/Uriah_Duffy,Uriah Duffy,13,135,1.0,0.0,"From 2002 Aldridge toured with Whitesnake alongside David Coverdale (vocals), Doug Aldrich (guitar), Reb Beach (guitar), Marco Mendoza/Uriah Duffy (bass) and Timothy Drury (keyboards).",0,9,== Career ==
http://dbpedia.org/class/yago/Entertainer109616922,http://dbpedia.org/resource/Uriah_Duffy,Uriah Duffy,13,135,1.0,0.0,"From 2002 Aldridge toured with Whitesnake alongside David Coverdale (vocals), Doug Aldrich (guitar), Reb Beach (guitar), Marco Mendoza/Uriah Duffy (bass) and Timothy Drury (keyboards).",0,9,== Career ==
http://dbpedia.org/class/yago/Guitarist110151760,http://dbpedia.org/resource/Uriah_Duffy,Uriah Duffy,13,135,1.0,0.0,"From 2002 Aldridge toured with Whitesnake alongside David Coverdale (vocals), Doug Aldrich (guitar), Reb Beach (guitar), Marco Mendoza/Uriah Duffy (bass) and Timothy Drury (keyboards).",0,9,== Career ==
http://dbpedia.org/class/yago/LivingThing100004258,http://dbpedia.org/resource/Uriah_Duffy,Uriah Duffy,13,135,1.0,0.0,"From 2002 Aldridge toured with Whitesnake alongside David Coverdale (vocals), Doug Aldrich (guitar), Reb Beach (guitar), Marco Mendoza/Uriah Duffy (bass) and Timothy Drury (keyboards).",0,9,== Career ==
http://dbpedia.org/class/yago/Musician110339966,http://dbpedia.org/resource/Uriah_Duffy,Uriah Duffy,13,135,1.0,0.0,"From 2002 Aldridge toured with Whitesnake alongside David Coverdale (vocals), Doug Aldrich (guitar), Reb Beach (guitar), Marco Mendoza/Uriah Duffy (bass) and Timothy Drury (keyboards).",0,9,== Career ==
http://dbpedia.org/class/yago/Musician110340312,http://dbpedia.org/resource/Uriah_Duffy,Uriah Duffy,13,135,1.0,0.0,"From 2002 Aldridge toured with Whitesnake alongside David Coverdale (vocals), Doug Aldrich (guitar), Reb Beach (guitar), Marco Mendoza/Uriah Duffy (bass) and Timothy Drury (keyboards).",0,9,== Career ==
http://dbpedia.org/class/yago/Object100002684,http://dbpedia.org/resource/Uriah_Duffy,Uriah Duffy,13,135,1.0,0.0,"From 2002 Aldridge toured with Whitesnake alongside David Coverdale (vocals), Doug Aldrich (guitar), Reb Beach (guitar), Marco Mendoza/Uriah Duffy (bass) and Timothy Drury (keyboards).",0,9,== Career ==
http://dbpedia.org/class/yago/Organism100004475,http://dbpedia.org/resource/Uriah_Duffy,Uriah Duffy,13,135,1.0,0.0,"From 2002 Aldridge toured with Whitesnake alongside David Coverdale (vocals), Doug Aldrich (guitar), Reb Beach (guitar), Marco Mendoza/Uriah Duffy (bass) and Timothy Drury (keyboards).",0,9,== Career ==
http://dbpedia.org/class/yago/Performer110415638,http://dbpedia.org/resource/Uriah_Duffy,Uriah Duffy,13,135,1.0,0.0,"From 2002 Aldridge toured with Whitesnake alongside David Coverdale (vocals), Doug Aldrich (guitar), Reb Beach (guitar), Marco Mendoza/Uriah Duffy (bass) and Timothy Drury (keyboards).",0,9,== Career ==
http://dbpedia.org/class/yago/Person100007846,http://dbpedia.org/resource/Uriah_Duffy,Uriah Duffy,13,135,1.0,0.0,"From 2002 Aldridge toured with Whitesnake alongside David Coverdale (vocals), Doug Aldrich (guitar), Reb Beach (guitar), Marco Mendoza/Uriah Duffy (bass) and Timothy Drury (keyboards).",0,9,== Career ==
http://dbpedia.org/class/yago/PhysicalEntity100001930,http://dbpedia.org/resource/Uriah_Duffy,Uriah Duffy,13,135,1.0,0.0,"From 2002 Aldridge toured with Whitesnake alongside David Coverdale (vocals), Doug Aldrich (guitar), Reb Beach (guitar), Marco Mendoza/Uriah Duffy (bass) and Timothy Drury (keyboards).",0,9,== Career ==
http://dbpedia.org/class/yago/Whole100003553,http://dbpedia.org/resource/Uriah_Duffy,Uriah Duffy,13,135,1.0,0.0,"From 2002 Aldridge toured with Whitesnake alongside David Coverdale (vocals), Doug Aldrich (guitar), Reb Beach (guitar), Marco Mendoza/Uriah Duffy (bass) and Timothy Drury (keyboards).",0,9,== Career ==
http://www.w3.org/2002/07/owl#Thing,http://dbpedia.org/resource/Bass_guitar,bass,47268,148,0.9999492430297822,3.852496919886151e-05,"From 2002 Aldridge toured with Whitesnake alongside David Coverdale (vocals), Doug Aldrich (guitar), Reb Beach (guitar), Marco Mendoza/Uriah Duffy (bass) and Timothy Drury (keyboards).",0,9,== Career ==
http://dbpedia.org/ontology/Agent,http://dbpedia.org/resource/Bass_guitar,bass,47268,148,0.9999492430297822,3.852496919886151e-05,"From 2002 Aldridge toured with Whitesnake alongside David Coverdale (vocals), Doug Aldrich (guitar), Reb Beach (guitar), Marco Mendoza/Uriah Duffy (bass) and Timothy Drury (keyboards).",0,9,== Career ==
http://dbpedia.org/ontology/MusicalArtist,http://dbpedia.org/resource/Bass_guitar,bass,47268,148,0.9999492430297822,3.852496919886151e-05,"From 2002 Aldridge toured with Whitesnake alongside David Coverdale (vocals), Doug Aldrich (guitar), Reb Beach (guitar), Marco Mendoza/Uriah Duffy (bass) and Timothy Drury (keyboards).",0,9,== Career ==
http://www.w3.org/2002/07/owl#Thing,http://dbpedia.org/resource/Keyboard_instrument,keyboards,20051,173,0.999175999827366,0.0007968951266624287,"From 2002 Aldridge toured with Whitesnake alongside David Coverdale (vocals), Doug Aldrich (guitar), Reb Beach (guitar), Marco Mendoza/Uriah Duffy (bass) and Timothy Drury (keyboards).",0,9,== Career ==
http://dbpedia.org/ontology/Agent,http://dbpedia.org/resource/Keyboard_instrument,keyboards,20051,173,0.999175999827366,0.0007968951266624287,"From 2002 Aldridge toured with Whitesnake alongside David Coverdale (vocals), Doug Aldrich (guitar), Reb Beach (guitar), Marco Mendoza/Uriah Duffy (bass) and Timothy Drury (keyboards).",0,9,== Career ==
http://dbpedia.org/ontology/MusicalArtist,http://dbpedia.org/resource/Keyboard_instrument,keyboards,20051,173,0.999175999827366,0.0007968951266624287,"From 2002 Aldridge toured with Whitesnake alongside David Coverdale (vocals), Doug Aldrich (guitar), Reb Beach (guitar), Marco Mendoza/Uriah Duffy (bass) and Timothy Drury (keyboards).",0,9,== Career ==
http://www.w3.org/2002/07/owl#Thing,http://dbpedia.org/resource/England,England,149654,87,0.4306655431512668,0.7956199099714867,"Thin Lizzy, along with The Answer, were scheduled to support AC/DC at stadium shows in England, Ireland and Scotland at the end of June 2009 but these appearances were canceled after Aldridge broke his collarbone in an accident.",0,10,== Career ==
http://dbpedia.org/ontology/Country,http://dbpedia.org/resource/England,England,149654,87,0.4306655431512668,0.7956199099714867,"Thin Lizzy, along with The Answer, were scheduled to support AC/DC at stadium shows in England, Ireland and Scotland at the end of June 2009 but these appearances were canceled after Aldridge broke his collarbone in an accident.",0,10,== Career ==
http://www.w3.org/2003/01/geo/wgs84_pos#SpatialThing,http://dbpedia.org/resource/England,England,149654,87,0.4306655431512668,0.7956199099714867,"Thin Lizzy, along with The Answer, were scheduled to support AC/DC at stadium shows in England, Ireland and Scotland at the end of June 2009 but these appearances were canceled after Aldridge broke his collarbone in an accident.",0,10,== Career ==
http://dbpedia.org/class/yago/WikicatIslandCountries,http://dbpedia.org/resource/England,England,149654,87,0.4306655431512668,0.7956199099714867,"Thin Lizzy, along with The Answer, were scheduled to support AC/DC at stadium shows in England, Ireland and Scotland at the end of June 2009 but these appearances were canceled after Aldridge broke his collarbone in an accident.",0,10,== Career ==
http://dbpedia.org/ontology/MusicalArtist,http://dbpedia.org/resource/England,England,149654,87,0.4306655431512668,0.7956199099714867,"Thin Lizzy, along with The Answer, were scheduled to support AC/DC at stadium shows in England, Ireland and Scotland at the end of June 2009 but these appearances were canceled after Aldridge broke his collarbone in an accident.",0,10,== Career ==
http://dbpedia.org/class/yago/YagoGeoEntity,http://dbpedia.org/resource/England,England,149654,87,0.4306655431512668,0.7956199099714867,"Thin Lizzy, along with The Answer, were scheduled to support AC/DC at stadium shows in England, Ireland and Scotland at the end of June 2009 but these appearances were canceled after Aldridge broke his collarbone in an accident.",0,10,== Career ==
http://dbpedia.org/class/yago/YagoLegalActorGeo,http://dbpedia.org/resource/England,England,149654,87,0.4306655431512668,0.7956199099714867,"Thin Lizzy, along with The Answer, were scheduled to support AC/DC at stadium shows in England, Ireland and Scotland at the end of June 2009 but these appearances were canceled after Aldridge broke his collarbone in an accident.",0,10,== Career ==
http://dbpedia.org/class/yago/YagoPermanentlyLocatedEntity,http://dbpedia.org/resource/England,England,149654,87,0.4306655431512668,0.7956199099714867,"Thin Lizzy, along with The Answer, were scheduled to support AC/DC at stadium shows in England, Ireland and Scotland at the end of June 2009 but these appearances were canceled after Aldridge broke his collarbone in an accident.",0,10,== Career ==
http://umbel.org/umbel/rc/Country,http://dbpedia.org/resource/England,England,149654,87,0.4306655431512668,0.7956199099714867,"Thin Lizzy, along with The Answer, were scheduled to support AC/DC at stadium shows in England, Ireland and Scotland at the end of June 2009 but these appearances were canceled after Aldridge broke his collarbone in an accident.",0,10,== Career ==
http://dbpedia.org/class/yago/AdministrativeDistrict108491826,http://dbpedia.org/resource/England,England,149654,87,0.4306655431512668,0.7956199099714867,"Thin Lizzy, along with The Answer, were scheduled to support AC/DC at stadium shows in England, Ireland and Scotland at the end of June 2009 but these appearances were canceled after Aldridge broke his collarbone in an accident.",0,10,== Career ==
http://dbpedia.org/class/yago/Country108544813,http://dbpedia.org/resource/England,England,149654,87,0.4306655431512668,0.7956199099714867,"Thin Lizzy, along with The Answer, were scheduled to support AC/DC at stadium shows in England, Ireland and Scotland at the end of June 2009 but these appearances were canceled after Aldridge broke his collarbone in an accident.",0,10,== Career ==
http://dbpedia.org/class/yago/District108552138,http://dbpedia.org/resource/England,England,149654,87,0.4306655431512668,0.7956199099714867,"Thin Lizzy, along with The Answer, were scheduled to support AC/DC at stadium shows in England, Ireland and Scotland at the end of June 2009 but these appearances were canceled after Aldridge broke his collarbone in an accident.",0,10,== Career ==
http://dbpedia.org/class/yago/Location100027167,http://dbpedia.org/resource/England,England,149654,87,0.4306655431512668,0.7956199099714867,"Thin Lizzy, along with The Answer, were scheduled to support AC/DC at stadium shows in England, Ireland and Scotland at the end of June 2009 but these appearances were canceled after Aldridge broke his collarbone in an accident.",0,10,== Career ==
http://dbpedia.org/class/yago/Object100002684,http://dbpedia.org/resource/England,England,149654,87,0.4306655431512668,0.7956199099714867,"Thin Lizzy, along with The Answer, were scheduled to support AC/DC at stadium shows in England, Ireland and Scotland at the end of June 2009 but these appearances were canceled after Aldridge broke his collarbone in an accident.",0,10,== Career ==
http://dbpedia.org/class/yago/PhysicalEntity100001930,http://dbpedia.org/resource/England,England,149654,87,0.4306655431512668,0.7956199099714867,"Thin Lizzy, along with The Answer, were scheduled to support AC/DC at stadium shows in England, Ireland and Scotland at the end of June 2009 but these appearances were canceled after Aldridge broke his collarbone in an accident.",0,10,== Career ==
http://dbpedia.org/class/yago/Region108630985,http://dbpedia.org/resource/England,England,149654,87,0.4306655431512668,0.7956199099714867,"Thin Lizzy, along with The Answer, were scheduled to support AC/DC at stadium shows in England, Ireland and Scotland at the end of June 2009 but these appearances were canceled after Aldridge broke his collarbone in an accident.",0,10,== Career ==
http://dbpedia.org/class/yago/WikicatEnglish-speakingCountriesAndTerritories,http://dbpedia.org/resource/England,England,149654,87,0.4306655431512668,0.7956199099714867,"Thin Lizzy, along with The Answer, were scheduled to support AC/DC at stadium shows in England, Ireland and Scotland at the end of June 2009 but these appearances were canceled after Aldridge broke his collarbone in an accident.",0,10,== Career ==
http://dbpedia.org/class/yago/WikicatGermanicCountriesAndTerritories,http://dbpedia.org/resource/England,England,149654,87,0.4306655431512668,0.7956199099714867,"Thin Lizzy, along with The Answer, were scheduled to support AC/DC at stadium shows in England, Ireland and Scotland at the end of June 2009 but these appearances were canceled after Aldridge broke his collarbone in an accident.",0,10,== Career ==
http://www.w3.org/2002/07/owl#Thing,http://dbpedia.org/resource/Ireland_national_rugby_union_team,Ireland,7072,96,0.5419817729361157,0.7072813863080234,"Thin Lizzy, along with The Answer, were scheduled to support AC/DC at stadium shows in England, Ireland and Scotland at the end of June 2009 but these appearances were canceled after Aldridge broke his collarbone in an accident.",0,10,== Career ==
http://dbpedia.org/ontology/Country,http://dbpedia.org/resource/Ireland_national_rugby_union_team,Ireland,7072,96,0.5419817729361157,0.7072813863080234,"Thin Lizzy, along with The Answer, were scheduled to support AC/DC at stadium shows in England, Ireland and Scotland at the end of June 2009 but these appearances were canceled after Aldridge broke his collarbone in an accident.",0,10,== Career ==
http://dbpedia.org/class/yago/YagoLegalActor,http://dbpedia.org/resource/Ireland_national_rugby_union_team,Ireland,7072,96,0.5419817729361157,0.7072813863080234,"Thin Lizzy, along with The Answer, were scheduled to support AC/DC at stadium shows in England, Ireland and Scotland at the end of June 2009 but these appearances were canceled after Aldridge broke his collarbone in an accident.",0,10,== Career ==
http://dbpedia.org/class/yago/YagoLegalActorGeo,http://dbpedia.org/resource/Ireland_national_rugby_union_team,Ireland,7072,96,0.5419817729361157,0.7072813863080234,"Thin Lizzy, along with The Answer, were scheduled to support AC/DC at stadium shows in England, Ireland and Scotland at the end of June 2009 but these appearances were canceled after Aldridge broke his collarbone in an accident.",0,10,== Career ==
http://dbpedia.org/class/yago/YagoPermanentlyLocatedEntity,http://dbpedia.org/resource/Ireland_national_rugby_union_team,Ireland,7072,96,0.5419817729361157,0.7072813863080234,"Thin Lizzy, along with The Answer, were scheduled to support AC/DC at stadium shows in England, Ireland and Scotland at the end of June 2009 but these appearances were canceled after Aldridge broke his collarbone in an accident.",0,10,== Career ==
http://dbpedia.org/class/yago/WikicatNationalRugbyUnionTeams,http://dbpedia.org/resource/Ireland_national_rugby_union_team,Ireland,7072,96,0.5419817729361157,0.7072813863080234,"Thin Lizzy, along with The Answer, were scheduled to support AC/DC at stadium shows in England, Ireland and Scotland at the end of June 2009 but these appearances were canceled after Aldridge broke his collarbone in an accident.",0,10,== Career ==
http://dbpedia.org/class/yago/WikicatNationalSportsTeamsOfIreland,http://dbpedia.org/resource/Ireland_national_rugby_union_team,Ireland,7072,96,0.5419817729361157,0.7072813863080234,"Thin Lizzy, along with The Answer, were scheduled to support AC/DC at stadium shows in England, Ireland and Scotland at the end of June 2009 but these appearances were canceled after Aldridge broke his collarbone in an accident.",0,10,== Career ==
http://dbpedia.org/class/yago/Abstraction100002137,http://dbpedia.org/resource/Ireland_national_rugby_union_team,Ireland,7072,96,0.5419817729361157,0.7072813863080234,"Thin Lizzy, along with The Answer, were scheduled to support AC/DC at stadium shows in England, Ireland and Scotland at the end of June 2009 but these appearances were canceled after Aldridge broke his collarbone in an accident.",0,10,== Career ==
http://dbpedia.org/class/yago/Group100031264,http://dbpedia.org/resource/Ireland_national_rugby_union_team,Ireland,7072,96,0.5419817729361157,0.7072813863080234,"Thin Lizzy, along with The Answer, were scheduled to support AC/DC at stadium shows in England, Ireland and Scotland at the end of June 2009 but these appearances were canceled after Aldridge broke his collarbone in an accident.",0,10,== Career ==
http://dbpedia.org/class/yago/Organization108008335,http://dbpedia.org/resource/Ireland_national_rugby_union_team,Ireland,7072,96,0.5419817729361157,0.7072813863080234,"Thin Lizzy, along with The Answer, were scheduled to support AC/DC at stadium shows in England, Ireland and Scotland at the end of June 2009 but these appearances were canceled after Aldridge broke his collarbone in an accident.",0,10,== Career ==
http://dbpedia.org/class/yago/SocialGroup107950920,http://dbpedia.org/resource/Ireland_national_rugby_union_team,Ireland,7072,96,0.5419817729361157,0.7072813863080234,"Thin Lizzy, along with The Answer, were scheduled to support AC/DC at stadium shows in England, Ireland and Scotland at the end of June 2009 but these appearances were canceled after Aldridge broke his collarbone in an accident.",0,10,== Career ==
http://dbpedia.org/class/yago/Team108208560,http://dbpedia.org/resource/Ireland_national_rugby_union_team,Ireland,7072,96,0.5419817729361157,0.7072813863080234,"Thin Lizzy, along with The Answer, were scheduled to support AC/DC at stadium shows in England, Ireland and Scotland at the end of June 2009 but these appearances were canceled after Aldridge broke his collarbone in an accident.",0,10,== Career ==
http://dbpedia.org/class/yago/Unit108189659,http://dbpedia.org/resource/Ireland_national_rugby_union_team,Ireland,7072,96,0.5419817729361157,0.7072813863080234,"Thin Lizzy, along with The Answer, were scheduled to support AC/DC at stadium shows in England, Ireland and Scotland at the end of June 2009 but these appearances were canceled after Aldridge broke his collarbone in an accident.",0,10,== Career ==
http://dbpedia.org/class/yago/WikicatEuropeanNationalRugbyUnionTeams,http://dbpedia.org/resource/Ireland_national_rugby_union_team,Ireland,7072,96,0.5419817729361157,0.7072813863080234,"Thin Lizzy, along with The Answer, were scheduled to support AC/DC at stadium shows in England, Ireland and Scotland at the end of June 2009 but these appearances were canceled after Aldridge broke his collarbone in an accident.",0,10,== Career ==
http://www.w3.org/2002/07/owl#Thing,http://dbpedia.org/resource/Scotland,Scotland,104399,108,0.5927930137299162,0.5432328859817318,"Thin Lizzy, along with The Answer, were scheduled to support AC/DC at stadium shows in England, Ireland and Scotland at the end of June 2009 but these appearances were canceled after Aldridge broke his collarbone in an accident.",0,10,== Career ==
http://dbpedia.org/class/yago/WikicatAutonomousCountrySubdivisions,http://dbpedia.org/resource/Scotland,Scotland,104399,108,0.5927930137299162,0.5432328859817318,"Thin Lizzy, along with The Answer, were scheduled to support AC/DC at stadium shows in England, Ireland and Scotland at the end of June 2009 but these appearances were canceled after Aldridge broke his collarbone in an accident.",0,10,== Career ==
http://dbpedia.org/class/yago/WikicatAutonomousRegions,http://dbpedia.org/resource/Scotland,Scotland,104399,108,0.5927930137299162,0.5432328859817318,"Thin Lizzy, along with The Answer, were scheduled to support AC/DC at stadium shows in England, Ireland and Scotland at the end of June 2009 but these appearances were canceled after Aldridge broke his collarbone in an accident.",0,10,== Career ==
http://dbpedia.org/ontology/Country,http://dbpedia.org/resource/Scotland,Scotland,104399,108,0.5927930137299162,0.5432328859817318,"Thin Lizzy, along with The Answer, were scheduled to support AC/DC at stadium shows in England, Ireland and Scotland at the end of June 2009 but these appearances were canceled after Aldridge broke his collarbone in an accident.",0,10,== Career ==
http://www.w3.org/2003/01/geo/wgs84_pos#SpatialThing,http://dbpedia.org/resource/Scotland,Scotland,104399,108,0.5927930137299162,0.5432328859817318,"Thin Lizzy, along with The Answer, were scheduled to support AC/DC at stadium shows in England, Ireland and Scotland at the end of June 2009 but these appearances were canceled after Aldridge broke his collarbone in an accident.",0,10,== Career ==
http://dbpedia.org/class/yago/WikicatIslandCountries,http://dbpedia.org/resource/Scotland,Scotland,104399,108,0.5927930137299162,0.5432328859817318,"Thin Lizzy, along with The Answer, were scheduled to support AC/DC at stadium shows in England, Ireland and Scotland at the end of June 2009 but these appearances were canceled after Aldridge broke his collarbone in an accident.",0,10,== Career ==
http://dbpedia.org/ontology/MusicalArtist,http://dbpedia.org/resource/Scotland,Scotland,104399,108,0.5927930137299162,0.5432328859817318,"Thin Lizzy, along with The Answer, were scheduled to support AC/DC at stadium shows in England, Ireland and Scotland at the end of June 2009 but these appearances were canceled after Aldridge broke his collarbone in an accident.",0,10,== Career ==
http://dbpedia.org/class/yago/YagoGeoEntity,http://dbpedia.org/resource/Scotland,Scotland,104399,108,0.5927930137299162,0.5432328859817318,"Thin Lizzy, along with The Answer, were scheduled to support AC/DC at stadium shows in England, Ireland and Scotland at the end of June 2009 but these appearances were canceled after Aldridge broke his collarbone in an accident.",0,10,== Career ==
http://dbpedia.org/class/yago/YagoLegalActorGeo,http://dbpedia.org/resource/Scotland,Scotland,104399,108,0.5927930137299162,0.5432328859817318,"Thin Lizzy, along with The Answer, were scheduled to support AC/DC at stadium shows in England, Ireland and Scotland at the end of June 2009 but these appearances were canceled after Aldridge broke his collarbone in an accident.",0,10,== Career ==
http://dbpedia.org/class/yago/YagoPermanentlyLocatedEntity,http://dbpedia.org/resource/Scotland,Scotland,104399,108,0.5927930137299162,0.5432328859817318,"Thin Lizzy, along with The Answer, were scheduled to support AC/DC at stadium shows in England, Ireland and Scotland at the end of June 2009 but these appearances were canceled after Aldridge broke his collarbone in an accident.",0,10,== Career ==
http://dbpedia.org/class/yago/WikicatNUTS1StatisticalRegionsOfTheUnitedKingdom,http://dbpedia.org/resource/Scotland,Scotland,104399,108,0.5927930137299162,0.5432328859817318,"Thin Lizzy, along with The Answer, were scheduled to support AC/DC at stadium shows in England, Ireland and Scotland at the end of June 2009 but these appearances were canceled after Aldridge broke his collarbone in an accident.",0,10,== Career ==
http://dbpedia.org/class/yago/WikicatScots-speakingCountriesAndTerritories,http://dbpedia.org/resource/Scotland,Scotland,104399,108,0.5927930137299162,0.5432328859817318,"Thin Lizzy, along with The Answer, were scheduled to support AC/DC at stadium shows in England, Ireland and Scotland at the end of June 2009 but these appearances were canceled after Aldridge broke his collarbone in an accident.",0,10,== Career ==
http://dbpedia.org/class/yago/AdministrativeDistrict108491826,http://dbpedia.org/resource/Scotland,Scotland,104399,108,0.5927930137299162,0.5432328859817318,"Thin Lizzy, along with The Answer, were scheduled to support AC/DC at stadium shows in England, Ireland and Scotland at the end of June 2009 but these appearances were canceled after Aldridge broke his collarbone in an accident.",0,10,== Career ==
http://dbpedia.org/class/yago/Country108544813,http://dbpedia.org/resource/Scotland,Scotland,104399,108,0.5927930137299162,0.5432328859817318,"Thin Lizzy, along with The Answer, were scheduled to support AC/DC at stadium shows in England, Ireland and Scotland at the end of June 2009 but these appearances were canceled after Aldridge broke his collarbone in an accident.",0,10,== Career ==
http://dbpedia.org/class/yago/District108552138,http://dbpedia.org/resource/Scotland,Scotland,104399,108,0.5927930137299162,0.5432328859817318,"Thin Lizzy, along with The Answer, were scheduled to support AC/DC at stadium shows in England, Ireland and Scotland at the end of June 2009 but these appearances were canceled after Aldridge broke his collarbone in an accident.",0,10,== Career ==
http://dbpedia.org/class/yago/GeographicalArea108574314,http://dbpedia.org/resource/Scotland,Scotland,104399,108,0.5927930137299162,0.5432328859817318,"Thin Lizzy, along with The Answer, were scheduled to support AC/DC at stadium shows in England, Ireland and Scotland at the end of June 2009 but these appearances were canceled after Aldridge broke his collarbone in an accident.",0,10,== Career ==
http://dbpedia.org/class/yago/Location100027167,http://dbpedia.org/resource/Scotland,Scotland,104399,108,0.5927930137299162,0.5432328859817318,"Thin Lizzy, along with The Answer, were scheduled to support AC/DC at stadium shows in England, Ireland and Scotland at the end of June 2009 but these appearances were canceled after Aldridge broke his collarbone in an accident.",0,10,== Career ==
http://dbpedia.org/class/yago/Object100002684,http://dbpedia.org/resource/Scotland,Scotland,104399,108,0.5927930137299162,0.5432328859817318,"Thin Lizzy, along with The Answer, were scheduled to support AC/DC at stadium shows in England, Ireland and Scotland at the end of June 2009 but these appearances were canceled after Aldridge broke his collarbone in an accident.",0,10,== Career ==
http://dbpedia.org/class/yago/PhysicalEntity100001930,http://dbpedia.org/resource/Scotland,Scotland,104399,108,0.5927930137299162,0.5432328859817318,"Thin Lizzy, along with The Answer, were scheduled to support AC/DC at stadium shows in England, Ireland and Scotland at the end of June 2009 but these appearances were canceled after Aldridge broke his collarbone in an accident.",0,10,== Career ==
http://dbpedia.org/class/yago/Region108630039,http://dbpedia.org/resource/Scotland,Scotland,104399,108,0.5927930137299162,0.5432328859817318,"Thin Lizzy, along with The Answer, were scheduled to support AC/DC at stadium shows in England, Ireland and Scotland at the end of June 2009 but these appearances were canceled after Aldridge broke his collarbone in an accident.",0,10,== Career ==
http://dbpedia.org/class/yago/Region108630985,http://dbpedia.org/resource/Scotland,Scotland,104399,108,0.5927930137299162,0.5432328859817318,"Thin Lizzy, along with The Answer, were scheduled to support AC/DC at stadium shows in England, Ireland and Scotland at the end of June 2009 but these appearances were canceled after Aldridge broke his collarbone in an accident.",0,10,== Career ==
http://dbpedia.org/class/yago/Subdivision108674251,http://dbpedia.org/resource/Scotland,Scotland,104399,108,0.5927930137299162,0.5432328859817318,"Thin Lizzy, along with The Answer, were scheduled to support AC/DC at stadium shows in England, Ireland and Scotland at the end of June 2009 but these appearances were canceled after Aldridge broke his collarbone in an accident.",0,10,== Career ==
http://dbpedia.org/class/yago/Tract108673395,http://dbpedia.org/resource/Scotland,Scotland,104399,108,0.5927930137299162,0.5432328859817318,"Thin Lizzy, along with The Answer, were scheduled to support AC/DC at stadium shows in England, Ireland and Scotland at the end of June 2009 but these appearances were canceled after Aldridge broke his collarbone in an accident.",0,10,== Career ==
http://dbpedia.org/class/yago/WikicatEnglish-speakingCountriesAndTerritories,http://dbpedia.org/resource/Scotland,Scotland,104399,108,0.5927930137299162,0.5432328859817318,"Thin Lizzy, along with The Answer, were scheduled to support AC/DC at stadium shows in England, Ireland and Scotland at the end of June 2009 but these appearances were canceled after Aldridge broke his collarbone in an accident.",0,10,== Career ==
http://www.w3.org/2002/07/owl#Thing,http://dbpedia.org/resource/Drum_kit,drums,51049,22,0.9983639683518076,0.0013164218612416,"Aldridge plays Yamaha drums, a company he has been with since 1982 and currently uses Absolute Maple Nouveau series drums from Yamaha.",0,13,== Equipment ==
http://dbpedia.org/class/yago/WikicatJazzInstruments,http://dbpedia.org/resource/Drum_kit,drums,51049,22,0.9983639683518076,0.0013164218612416,"Aldridge plays Yamaha drums, a company he has been with since 1982 and currently uses Absolute Maple Nouveau series drums from Yamaha.",0,13,== Equipment ==
http://dbpedia.org/class/yago/WikicatPercussionInstruments,http://dbpedia.org/resource/Drum_kit,drums,51049,22,0.9983639683518076,0.0013164218612416,"Aldridge plays Yamaha drums, a company he has been with since 1982 and currently uses Absolute Maple Nouveau series drums from Yamaha.",0,13,== Equipment ==
http://dbpedia.org/ontology/Book,http://dbpedia.org/resource/Drum_kit,drums,51049,22,0.9983639683518076,0.0013164218612416,"Aldridge plays Yamaha drums, a company he has been with since 1982 and currently uses Absolute Maple Nouveau series drums from Yamaha.",0,13,== Equipment ==
http://dbpedia.org/ontology/MusicalArtist,http://dbpedia.org/resource/Drum_kit,drums,51049,22,0.9983639683518076,0.0013164218612416,"Aldridge plays Yamaha drums, a company he has been with since 1982 and currently uses Absolute Maple Nouveau series drums from Yamaha.",0,13,== Equipment ==
http://dbpedia.org/class/yago/WikicatCymbals,http://dbpedia.org/resource/Drum_kit,drums,51049,22,0.9983639683518076,0.0013164218612416,"Aldridge plays Yamaha drums, a company he has been with since 1982 and currently uses Absolute Maple Nouveau series drums from Yamaha.",0,13,== Equipment ==
http://dbpedia.org/class/yago/WikicatDrums,http://dbpedia.org/resource/Drum_kit,drums,51049,22,0.9983639683518076,0.0013164218612416,"Aldridge plays Yamaha drums, a company he has been with since 1982 and currently uses Absolute Maple Nouveau series drums from Yamaha.",0,13,== Equipment ==
http://dbpedia.org/class/yago/WikicatMembranophones,http://dbpedia.org/resource/Drum_kit,drums,51049,22,0.9983639683518076,0.0013164218612416,"Aldridge plays Yamaha drums, a company he has been with since 1982 and currently uses Absolute Maple Nouveau series drums from Yamaha.",0,13,== Equipment ==
http://dbpedia.org/class/yago/WikicatMusicalInstruments,http://dbpedia.org/resource/Drum_kit,drums,51049,22,0.9983639683518076,0.0013164218612416,"Aldridge plays Yamaha drums, a company he has been with since 1982 and currently uses Absolute Maple Nouveau series drums from Yamaha.",0,13,== Equipment ==
http://dbpedia.org/class/yago/Artifact100021939,http://dbpedia.org/resource/Drum_kit,drums,51049,22,0.9983639683518076,0.0013164218612416,"Aldridge plays Yamaha drums, a company he has been with since 1982 and currently uses Absolute Maple Nouveau series drums from Yamaha.",0,13,== Equipment ==
http://dbpedia.org/class/yago/Cymbal103157348,http://dbpedia.org/resource/Drum_kit,drums,51049,22,0.9983639683518076,0.0013164218612416,"Aldridge plays Yamaha drums, a company he has been with since 1982 and currently uses Absolute Maple Nouveau series drums from Yamaha.",0,13,== Equipment ==
http://dbpedia.org/class/yago/Device103183080,http://dbpedia.org/resource/Drum_kit,drums,51049,22,0.9983639683518076,0.0013164218612416,"Aldridge plays Yamaha drums, a company he has been with since 1982 and currently uses Absolute Maple Nouveau series drums from Yamaha.",0,13,== Equipment ==
http://dbpedia.org/class/yago/Drum103249569,http://dbpedia.org/resource/Drum_kit,drums,51049,22,0.9983639683518076,0.0013164218612416,"Aldridge plays Yamaha drums, a company he has been with since 1982 and currently uses Absolute Maple Nouveau series drums from Yamaha.",0,13,== Equipment ==
http://dbpedia.org/class/yago/Instrument103574816,http://dbpedia.org/resource/Drum_kit,drums,51049,22,0.9983639683518076,0.0013164218612416,"Aldridge plays Yamaha drums, a company he has been with since 1982 and currently uses Absolute Maple Nouveau series drums from Yamaha.",0,13,== Equipment ==
http://dbpedia.org/class/yago/Instrumentality103575240,http://dbpedia.org/resource/Drum_kit,drums,51049,22,0.9983639683518076,0.0013164218612416,"Aldridge plays Yamaha drums, a company he has been with since 1982 and currently uses Absolute Maple Nouveau series drums from Yamaha.",0,13,== Equipment ==
http://dbpedia.org/class/yago/MusicalInstrument103800933,http://dbpedia.org/resource/Drum_kit,drums,51049,22,0.9983639683518076,0.0013164218612416,"Aldridge plays Yamaha drums, a company he has been with since 1982 and currently uses Absolute Maple Nouveau series drums from Yamaha.",0,13,== Equipment ==
http://dbpedia.org/class/yago/Object100002684,http://dbpedia.org/resource/Drum_kit,drums,51049,22,0.9983639683518076,0.0013164218612416,"Aldridge plays Yamaha drums, a company he has been with since 1982 and currently uses Absolute Maple Nouveau series drums from Yamaha.",0,13,== Equipment ==
http://dbpedia.org/class/yago/PercussionInstrument103915437,http://dbpedia.org/resource/Drum_kit,drums,51049,22,0.9983639683518076,0.0013164218612416,"Aldridge plays Yamaha drums, a company he has been with since 1982 and currently uses Absolute Maple Nouveau series drums from Yamaha.",0,13,== Equipment ==
http://dbpedia.org/class/yago/PhysicalEntity100001930,http://dbpedia.org/resource/Drum_kit,drums,51049,22,0.9983639683518076,0.0013164218612416,"Aldridge plays Yamaha drums, a company he has been with since 1982 and currently uses Absolute Maple Nouveau series drums from Yamaha.",0,13,== Equipment ==
http://dbpedia.org/class/yago/Whole100003553,http://dbpedia.org/resource/Drum_kit,drums,51049,22,0.9983639683518076,0.0013164218612416,"Aldridge plays Yamaha drums, a company he has been with since 1982 and currently uses Absolute Maple Nouveau series drums from Yamaha.",0,13,== Equipment ==
http://dbpedia.org/class/yago/WikicatNorthAmericanPercussionInstruments,http://dbpedia.org/resource/Drum_kit,drums,51049,22,0.9983639683518076,0.0013164218612416,"Aldridge plays Yamaha drums, a company he has been with since 1982 and currently uses Absolute Maple Nouveau series drums from Yamaha.",0,13,== Equipment ==
http://www.w3.org/2002/07/owl#Thing,http://dbpedia.org/resource/Drum_kit,drums,51049,116,0.9983639683518076,0.0013164218612416,"Aldridge plays Yamaha drums, a company he has been with since 1982 and currently uses Absolute Maple Nouveau series drums from Yamaha.",0,13,== Equipment ==
http://dbpedia.org/class/yago/WikicatJazzInstruments,http://dbpedia.org/resource/Drum_kit,drums,51049,116,0.9983639683518076,0.0013164218612416,"Aldridge plays Yamaha drums, a company he has been with since 1982 and currently uses Absolute Maple Nouveau series drums from Yamaha.",0,13,== Equipment ==
http://dbpedia.org/class/yago/WikicatPercussionInstruments,http://dbpedia.org/resource/Drum_kit,drums,51049,116,0.9983639683518076,0.0013164218612416,"Aldridge plays Yamaha drums, a company he has been with since 1982 and currently uses Absolute Maple Nouveau series drums from Yamaha.",0,13,== Equipment ==
http://dbpedia.org/ontology/Book,http://dbpedia.org/resource/Drum_kit,drums,51049,116,0.9983639683518076,0.0013164218612416,"Aldridge plays Yamaha drums, a company he has been with since 1982 and currently uses Absolute Maple Nouveau series drums from Yamaha.",0,13,== Equipment ==
http://dbpedia.org/ontology/MusicalArtist,http://dbpedia.org/resource/Drum_kit,drums,51049,116,0.9983639683518076,0.0013164218612416,"Aldridge plays Yamaha drums, a company he has been with since 1982 and currently uses Absolute Maple Nouveau series drums from Yamaha.",0,13,== Equipment ==
http://dbpedia.org/class/yago/WikicatCymbals,http://dbpedia.org/resource/Drum_kit,drums,51049,116,0.9983639683518076,0.0013164218612416,"Aldridge plays Yamaha drums, a company he has been with since 1982 and currently uses Absolute Maple Nouveau series drums from Yamaha.",0,13,== Equipment ==
http://dbpedia.org/class/yago/WikicatDrums,http://dbpedia.org/resource/Drum_kit,drums,51049,116,0.9983639683518076,0.0013164218612416,"Aldridge plays Yamaha drums, a company he has been with since 1982 and currently uses Absolute Maple Nouveau series drums from Yamaha.",0,13,== Equipment ==
http://dbpedia.org/class/yago/WikicatMembranophones,http://dbpedia.org/resource/Drum_kit,drums,51049,116,0.9983639683518076,0.0013164218612416,"Aldridge plays Yamaha drums, a company he has been with since 1982 and currently uses Absolute Maple Nouveau series drums from Yamaha.",0,13,== Equipment ==
http://dbpedia.org/class/yago/WikicatMusicalInstruments,http://dbpedia.org/resource/Drum_kit,drums,51049,116,0.9983639683518076,0.0013164218612416,"Aldridge plays Yamaha drums, a company he has been with since 1982 and currently uses Absolute Maple Nouveau series drums from Yamaha.",0,13,== Equipment ==
http://dbpedia.org/class/yago/Artifact100021939,http://dbpedia.org/resource/Drum_kit,drums,51049,116,0.9983639683518076,0.0013164218612416,"Aldridge plays Yamaha drums, a company he has been with since 1982 and currently uses Absolute Maple Nouveau series drums from Yamaha.",0,13,== Equipment ==
http://dbpedia.org/class/yago/Cymbal103157348,http://dbpedia.org/resource/Drum_kit,drums,51049,116,0.9983639683518076,0.0013164218612416,"Aldridge plays Yamaha drums, a company he has been with since 1982 and currently uses Absolute Maple Nouveau series drums from Yamaha.",0,13,== Equipment ==
http://dbpedia.org/class/yago/Device103183080,http://dbpedia.org/resource/Drum_kit,drums,51049,116,0.9983639683518076,0.0013164218612416,"Aldridge plays Yamaha drums, a company he has been with since 1982 and currently uses Absolute Maple Nouveau series drums from Yamaha.",0,13,== Equipment ==
http://dbpedia.org/class/yago/Drum103249569,http://dbpedia.org/resource/Drum_kit,drums,51049,116,0.9983639683518076,0.0013164218612416,"Aldridge plays Yamaha drums, a company he has been with since 1982 and currently uses Absolute Maple Nouveau series drums from Yamaha.",0,13,== Equipment ==
http://dbpedia.org/class/yago/Instrument103574816,http://dbpedia.org/resource/Drum_kit,drums,51049,116,0.9983639683518076,0.0013164218612416,"Aldridge plays Yamaha drums, a company he has been with since 1982 and currently uses Absolute Maple Nouveau series drums from Yamaha.",0,13,== Equipment ==
http://dbpedia.org/class/yago/Instrumentality103575240,http://dbpedia.org/resource/Drum_kit,drums,51049,116,0.9983639683518076,0.0013164218612416,"Aldridge plays Yamaha drums, a company he has been with since 1982 and currently uses Absolute Maple Nouveau series drums from Yamaha.",0,13,== Equipment ==
http://dbpedia.org/class/yago/MusicalInstrument103800933,http://dbpedia.org/resource/Drum_kit,drums,51049,116,0.9983639683518076,0.0013164218612416,"Aldridge plays Yamaha drums, a company he has been with since 1982 and currently uses Absolute Maple Nouveau series drums from Yamaha.",0,13,== Equipment ==
http://dbpedia.org/class/yago/Object100002684,http://dbpedia.org/resource/Drum_kit,drums,51049,116,0.9983639683518076,0.0013164218612416,"Aldridge plays Yamaha drums, a company he has been with since 1982 and currently uses Absolute Maple Nouveau series drums from Yamaha.",0,13,== Equipment ==
http://dbpedia.org/class/yago/PercussionInstrument103915437,http://dbpedia.org/resource/Drum_kit,drums,51049,116,0.9983639683518076,0.0013164218612416,"Aldridge plays Yamaha drums, a company he has been with since 1982 and currently uses Absolute Maple Nouveau series drums from Yamaha.",0,13,== Equipment ==
http://dbpedia.org/class/yago/PhysicalEntity100001930,http://dbpedia.org/resource/Drum_kit,drums,51049,116,0.9983639683518076,0.0013164218612416,"Aldridge plays Yamaha drums, a company he has been with since 1982 and currently uses Absolute Maple Nouveau series drums from Yamaha.",0,13,== Equipment ==
http://dbpedia.org/class/yago/Whole100003553,http://dbpedia.org/resource/Drum_kit,drums,51049,116,0.9983639683518076,0.0013164218612416,"Aldridge plays Yamaha drums, a company he has been with since 1982 and currently uses Absolute Maple Nouveau series drums from Yamaha.",0,13,== Equipment ==
http://dbpedia.org/class/yago/WikicatNorthAmericanPercussionInstruments,http://dbpedia.org/resource/Drum_kit,drums,51049,116,0.9983639683518076,0.0013164218612416,"Aldridge plays Yamaha drums, a company he has been with since 1982 and currently uses Absolute Maple Nouveau series drums from Yamaha.",0,13,== Equipment ==
http://www.w3.org/2002/07/owl#Thing,http://dbpedia.org/resource/Bass_drum,kick drum,1827,4,1.0,0.0,His kick drum pedals are fitted with Danmar 207A Tommy Aldridge pedal beaters.,1,13,== Equipment ==
http://dbpedia.org/ontology/Company,http://dbpedia.org/resource/Bass_drum,kick drum,1827,4,1.0,0.0,His kick drum pedals are fitted with Danmar 207A Tommy Aldridge pedal beaters.,1,13,== Equipment ==
http://dbpedia.org/class/yago/WikicatPercussionInstrumentBeaters,http://dbpedia.org/resource/Bass_drum,kick drum,1827,4,1.0,0.0,His kick drum pedals are fitted with Danmar 207A Tommy Aldridge pedal beaters.,1,13,== Equipment ==
http://dbpedia.org/ontology/MusicalArtist,http://dbpedia.org/resource/Bass_drum,kick drum,1827,4,1.0,0.0,His kick drum pedals are fitted with Danmar 207A Tommy Aldridge pedal beaters.,1,13,== Equipment ==
http://dbpedia.org/class/yago/Worker109632518,http://dbpedia.org/resource/Bass_drum,kick drum,1827,4,1.0,0.0,His kick drum pedals are fitted with Danmar 207A Tommy Aldridge pedal beaters.,1,13,== Equipment ==
http://dbpedia.org/class/yago/YagoLegalActor,http://dbpedia.org/resource/Bass_drum,kick drum,1827,4,1.0,0.0,His kick drum pedals are fitted with Danmar 207A Tommy Aldridge pedal beaters.,1,13,== Equipment ==
http://dbpedia.org/class/yago/YagoLegalActorGeo,http://dbpedia.org/resource/Bass_drum,kick drum,1827,4,1.0,0.0,His kick drum pedals are fitted with Danmar 207A Tommy Aldridge pedal beaters.,1,13,== Equipment ==
http://dbpedia.org/class/yago/Beater109845737,http://dbpedia.org/resource/Bass_drum,kick drum,1827,4,1.0,0.0,His kick drum pedals are fitted with Danmar 207A Tommy Aldridge pedal beaters.,1,13,== Equipment ==
http://dbpedia.org/class/yago/CausalAgent100007347,http://dbpedia.org/resource/Bass_drum,kick drum,1827,4,1.0,0.0,His kick drum pedals are fitted with Danmar 207A Tommy Aldridge pedal beaters.,1,13,== Equipment ==
http://dbpedia.org/class/yago/LivingThing100004258,http://dbpedia.org/resource/Bass_drum,kick drum,1827,4,1.0,0.0,His kick drum pedals are fitted with Danmar 207A Tommy Aldridge pedal beaters.,1,13,== Equipment ==
http://dbpedia.org/class/yago/Object100002684,http://dbpedia.org/resource/Bass_drum,kick drum,1827,4,1.0,0.0,His kick drum pedals are fitted with Danmar 207A Tommy Aldridge pedal beaters.,1,13,== Equipment ==
http://dbpedia.org/class/yago/Organism100004475,http://dbpedia.org/resource/Bass_drum,kick drum,1827,4,1.0,0.0,His kick drum pedals are fitted with Danmar 207A Tommy Aldridge pedal beaters.,1,13,== Equipment ==
http://dbpedia.org/class/yago/Person100007846,http://dbpedia.org/resource/Bass_drum,kick drum,1827,4,1.0,0.0,His kick drum pedals are fitted with Danmar 207A Tommy Aldridge pedal beaters.,1,13,== Equipment ==
http://dbpedia.org/class/yago/PhysicalEntity100001930,http://dbpedia.org/resource/Bass_drum,kick drum,1827,4,1.0,0.0,His kick drum pedals are fitted with Danmar 207A Tommy Aldridge pedal beaters.,1,13,== Equipment ==
http://dbpedia.org/class/yago/Whole100003553,http://dbpedia.org/resource/Bass_drum,kick drum,1827,4,1.0,0.0,His kick drum pedals are fitted with Danmar 207A Tommy Aldridge pedal beaters.,1,13,== Equipment ==
http://www.w3.org/2002/07/owl#Thing,http://dbpedia.org/resource/Bass_drum,pedal,1827,64,0.9999513230033914,2.429118510460644e-05,His kick drum pedals are fitted with Danmar 207A Tommy Aldridge pedal beaters.,1,13,== Equipment ==
http://dbpedia.org/ontology/Company,http://dbpedia.org/resource/Bass_drum,pedal,1827,64,0.9999513230033914,2.429118510460644e-05,His kick drum pedals are fitted with Danmar 207A Tommy Aldridge pedal beaters.,1,13,== Equipment ==
http://dbpedia.org/class/yago/WikicatPercussionInstrumentBeaters,http://dbpedia.org/resource/Bass_drum,pedal,1827,64,0.9999513230033914,2.429118510460644e-05,His kick drum pedals are fitted with Danmar 207A Tommy Aldridge pedal beaters.,1,13,== Equipment ==
http://dbpedia.org/ontology/MusicalArtist,http://dbpedia.org/resource/Bass_drum,pedal,1827,64,0.9999513230033914,2.429118510460644e-05,His kick drum pedals are fitted with Danmar 207A Tommy Aldridge pedal beaters.,1,13,== Equipment ==
http://dbpedia.org/class/yago/Worker109632518,http://dbpedia.org/resource/Bass_drum,pedal,1827,64,0.9999513230033914,2.429118510460644e-05,His kick drum pedals are fitted with Danmar 207A Tommy Aldridge pedal beaters.,1,13,== Equipment ==
http://dbpedia.org/class/yago/YagoLegalActor,http://dbpedia.org/resource/Bass_drum,pedal,1827,64,0.9999513230033914,2.429118510460644e-05,His kick drum pedals are fitted with Danmar 207A Tommy Aldridge pedal beaters.,1,13,== Equipment ==
http://dbpedia.org/class/yago/YagoLegalActorGeo,http://dbpedia.org/resource/Bass_drum,pedal,1827,64,0.9999513230033914,2.429118510460644e-05,His kick drum pedals are fitted with Danmar 207A Tommy Aldridge pedal beaters.,1,13,== Equipment ==
http://dbpedia.org/class/yago/Beater109845737,http://dbpedia.org/resource/Bass_drum,pedal,1827,64,0.9999513230033914,2.429118510460644e-05,His kick drum pedals are fitted with Danmar 207A Tommy Aldridge pedal beaters.,1,13,== Equipment ==
http://dbpedia.org/class/yago/CausalAgent100007347,http://dbpedia.org/resource/Bass_drum,pedal,1827,64,0.9999513230033914,2.429118510460644e-05,His kick drum pedals are fitted with Danmar 207A Tommy Aldridge pedal beaters.,1,13,== Equipment ==
http://dbpedia.org/class/yago/LivingThing100004258,http://dbpedia.org/resource/Bass_drum,pedal,1827,64,0.9999513230033914,2.429118510460644e-05,His kick drum pedals are fitted with Danmar 207A Tommy Aldridge pedal beaters.,1,13,== Equipment ==
http://dbpedia.org/class/yago/Object100002684,http://dbpedia.org/resource/Bass_drum,pedal,1827,64,0.9999513230033914,2.429118510460644e-05,His kick drum pedals are fitted with Danmar 207A Tommy Aldridge pedal beaters.,1,13,== Equipment ==
http://dbpedia.org/class/yago/Organism100004475,http://dbpedia.org/resource/Bass_drum,pedal,1827,64,0.9999513230033914,2.429118510460644e-05,His kick drum pedals are fitted with Danmar 207A Tommy Aldridge pedal beaters.,1,13,== Equipment ==
http://dbpedia.org/class/yago/Person100007846,http://dbpedia.org/resource/Bass_drum,pedal,1827,64,0.9999513230033914,2.429118510460644e-05,His kick drum pedals are fitted with Danmar 207A Tommy Aldridge pedal beaters.,1,13,== Equipment ==
http://dbpedia.org/class/yago/PhysicalEntity100001930,http://dbpedia.org/resource/Bass_drum,pedal,1827,64,0.9999513230033914,2.429118510460644e-05,His kick drum pedals are fitted with Danmar 207A Tommy Aldridge pedal beaters.,1,13,== Equipment ==
http://dbpedia.org/class/yago/Whole100003553,http://dbpedia.org/resource/Bass_drum,pedal,1827,64,0.9999513230033914,2.429118510460644e-05,His kick drum pedals are fitted with Danmar 207A Tommy Aldridge pedal beaters.,1,13,== Equipment ==
http://www.w3.org/2002/07/owl#Thing,http://dbpedia.org/resource/Drum_kit,drum,51049,13,0.8488948783618991,0.1779470312951308,He uses Remo drum heads and signature ProMark drum sticks.,3,13,== Equipment ==
http://dbpedia.org/class/yago/WikicatJazzInstruments,http://dbpedia.org/resource/Drum_kit,drum,51049,13,0.8488948783618991,0.1779470312951308,He uses Remo drum heads and signature ProMark drum sticks.,3,13,== Equipment ==
http://dbpedia.org/class/yago/WikicatPercussionInstruments,http://dbpedia.org/resource/Drum_kit,drum,51049,13,0.8488948783618991,0.1779470312951308,He uses Remo drum heads and signature ProMark drum sticks.,3,13,== Equipment ==
http://dbpedia.org/ontology/Book,http://dbpedia.org/resource/Drum_kit,drum,51049,13,0.8488948783618991,0.1779470312951308,He uses Remo drum heads and signature ProMark drum sticks.,3,13,== Equipment ==
http://dbpedia.org/ontology/MusicalArtist,http://dbpedia.org/resource/Drum_kit,drum,51049,13,0.8488948783618991,0.1779470312951308,He uses Remo drum heads and signature ProMark drum sticks.,3,13,== Equipment ==
http://dbpedia.org/class/yago/WikicatCymbals,http://dbpedia.org/resource/Drum_kit,drum,51049,13,0.8488948783618991,0.1779470312951308,He uses Remo drum heads and signature ProMark drum sticks.,3,13,== Equipment ==
http://dbpedia.org/class/yago/WikicatDrums,http://dbpedia.org/resource/Drum_kit,drum,51049,13,0.8488948783618991,0.1779470312951308,He uses Remo drum heads and signature ProMark drum sticks.,3,13,== Equipment ==
http://dbpedia.org/class/yago/WikicatMembranophones,http://dbpedia.org/resource/Drum_kit,drum,51049,13,0.8488948783618991,0.1779470312951308,He uses Remo drum heads and signature ProMark drum sticks.,3,13,== Equipment ==
http://dbpedia.org/class/yago/WikicatMusicalInstruments,http://dbpedia.org/resource/Drum_kit,drum,51049,13,0.8488948783618991,0.1779470312951308,He uses Remo drum heads and signature ProMark drum sticks.,3,13,== Equipment ==
http://dbpedia.org/class/yago/Artifact100021939,http://dbpedia.org/resource/Drum_kit,drum,51049,13,0.8488948783618991,0.1779470312951308,He uses Remo drum heads and signature ProMark drum sticks.,3,13,== Equipment ==
http://dbpedia.org/class/yago/Cymbal103157348,http://dbpedia.org/resource/Drum_kit,drum,51049,13,0.8488948783618991,0.1779470312951308,He uses Remo drum heads and signature ProMark drum sticks.,3,13,== Equipment ==
http://dbpedia.org/class/yago/Device103183080,http://dbpedia.org/resource/Drum_kit,drum,51049,13,0.8488948783618991,0.1779470312951308,He uses Remo drum heads and signature ProMark drum sticks.,3,13,== Equipment ==
http://dbpedia.org/class/yago/Drum103249569,http://dbpedia.org/resource/Drum_kit,drum,51049,13,0.8488948783618991,0.1779470312951308,He uses Remo drum heads and signature ProMark drum sticks.,3,13,== Equipment ==
http://dbpedia.org/class/yago/Instrument103574816,http://dbpedia.org/resource/Drum_kit,drum,51049,13,0.8488948783618991,0.1779470312951308,He uses Remo drum heads and signature ProMark drum sticks.,3,13,== Equipment ==
http://dbpedia.org/class/yago/Instrumentality103575240,http://dbpedia.org/resource/Drum_kit,drum,51049,13,0.8488948783618991,0.1779470312951308,He uses Remo drum heads and signature ProMark drum sticks.,3,13,== Equipment ==
http://dbpedia.org/class/yago/MusicalInstrument103800933,http://dbpedia.org/resource/Drum_kit,drum,51049,13,0.8488948783618991,0.1779470312951308,He uses Remo drum heads and signature ProMark drum sticks.,3,13,== Equipment ==
http://dbpedia.org/class/yago/Object100002684,http://dbpedia.org/resource/Drum_kit,drum,51049,13,0.8488948783618991,0.1779470312951308,He uses Remo drum heads and signature ProMark drum sticks.,3,13,== Equipment ==
http://dbpedia.org/class/yago/PercussionInstrument103915437,http://dbpedia.org/resource/Drum_kit,drum,51049,13,0.8488948783618991,0.1779470312951308,He uses Remo drum heads and signature ProMark drum sticks.,3,13,== Equipment ==
http://dbpedia.org/class/yago/PhysicalEntity100001930,http://dbpedia.org/resource/Drum_kit,drum,51049,13,0.8488948783618991,0.1779470312951308,He uses Remo drum heads and signature ProMark drum sticks.,3,13,== Equipment ==
http://dbpedia.org/class/yago/Whole100003553,http://dbpedia.org/resource/Drum_kit,drum,51049,13,0.8488948783618991,0.1779470312951308,He uses Remo drum heads and signature ProMark drum sticks.,3,13,== Equipment ==
http://dbpedia.org/class/yago/WikicatNorthAmericanPercussionInstruments,http://dbpedia.org/resource/Drum_kit,drum,51049,13,0.8488948783618991,0.1779470312951308,He uses Remo drum heads and signature ProMark drum sticks.,3,13,== Equipment ==
http://www.w3.org/2002/07/owl#Thing,http://dbpedia.org/resource/Drum_kit,drum,51049,46,0.8488948783618991,0.1779470312951308,He uses Remo drum heads and signature ProMark drum sticks.,3,13,== Equipment ==
http://dbpedia.org/class/yago/WikicatJazzInstruments,http://dbpedia.org/resource/Drum_kit,drum,51049,46,0.8488948783618991,0.1779470312951308,He uses Remo drum heads and signature ProMark drum sticks.,3,13,== Equipment ==
http://dbpedia.org/class/yago/WikicatPercussionInstruments,http://dbpedia.org/resource/Drum_kit,drum,51049,46,0.8488948783618991,0.1779470312951308,He uses Remo drum heads and signature ProMark drum sticks.,3,13,== Equipment ==
http://dbpedia.org/ontology/Book,http://dbpedia.org/resource/Drum_kit,drum,51049,46,0.8488948783618991,0.1779470312951308,He uses Remo drum heads and signature ProMark drum sticks.,3,13,== Equipment ==
http://dbpedia.org/ontology/MusicalArtist,http://dbpedia.org/resource/Drum_kit,drum,51049,46,0.8488948783618991,0.1779470312951308,He uses Remo drum heads and signature ProMark drum sticks.,3,13,== Equipment ==
http://dbpedia.org/class/yago/WikicatCymbals,http://dbpedia.org/resource/Drum_kit,drum,51049,46,0.8488948783618991,0.1779470312951308,He uses Remo drum heads and signature ProMark drum sticks.,3,13,== Equipment ==
http://dbpedia.org/class/yago/WikicatDrums,http://dbpedia.org/resource/Drum_kit,drum,51049,46,0.8488948783618991,0.1779470312951308,He uses Remo drum heads and signature ProMark drum sticks.,3,13,== Equipment ==
http://dbpedia.org/class/yago/WikicatMembranophones,http://dbpedia.org/resource/Drum_kit,drum,51049,46,0.8488948783618991,0.1779470312951308,He uses Remo drum heads and signature ProMark drum sticks.,3,13,== Equipment ==
http://dbpedia.org/class/yago/WikicatMusicalInstruments,http://dbpedia.org/resource/Drum_kit,drum,51049,46,0.8488948783618991,0.1779470312951308,He uses Remo drum heads and signature ProMark drum sticks.,3,13,== Equipment ==
http://dbpedia.org/class/yago/Artifact100021939,http://dbpedia.org/resource/Drum_kit,drum,51049,46,0.8488948783618991,0.1779470312951308,He uses Remo drum heads and signature ProMark drum sticks.,3,13,== Equipment ==
http://dbpedia.org/class/yago/Cymbal103157348,http://dbpedia.org/resource/Drum_kit,drum,51049,46,0.8488948783618991,0.1779470312951308,He uses Remo drum heads and signature ProMark drum sticks.,3,13,== Equipment ==
http://dbpedia.org/class/yago/Device103183080,http://dbpedia.org/resource/Drum_kit,drum,51049,46,0.8488948783618991,0.1779470312951308,He uses Remo drum heads and signature ProMark drum sticks.,3,13,== Equipment ==
http://dbpedia.org/class/yago/Drum103249569,http://dbpedia.org/resource/Drum_kit,drum,51049,46,0.8488948783618991,0.1779470312951308,He uses Remo drum heads and signature ProMark drum sticks.,3,13,== Equipment ==
http://dbpedia.org/class/yago/Instrument103574816,http://dbpedia.org/resource/Drum_kit,drum,51049,46,0.8488948783618991,0.1779470312951308,He uses Remo drum heads and signature ProMark drum sticks.,3,13,== Equipment ==
http://dbpedia.org/class/yago/Instrumentality103575240,http://dbpedia.org/resource/Drum_kit,drum,51049,46,0.8488948783618991,0.1779470312951308,He uses Remo drum heads and signature ProMark drum sticks.,3,13,== Equipment ==
http://dbpedia.org/class/yago/MusicalInstrument103800933,http://dbpedia.org/resource/Drum_kit,drum,51049,46,0.8488948783618991,0.1779470312951308,He uses Remo drum heads and signature ProMark drum sticks.,3,13,== Equipment ==
http://dbpedia.org/class/yago/Object100002684,http://dbpedia.org/resource/Drum_kit,drum,51049,46,0.8488948783618991,0.1779470312951308,He uses Remo drum heads and signature ProMark drum sticks.,3,13,== Equipment ==
http://dbpedia.org/class/yago/PercussionInstrument103915437,http://dbpedia.org/resource/Drum_kit,drum,51049,46,0.8488948783618991,0.1779470312951308,He uses Remo drum heads and signature ProMark drum sticks.,3,13,== Equipment ==
http://dbpedia.org/class/yago/PhysicalEntity100001930,http://dbpedia.org/resource/Drum_kit,drum,51049,46,0.8488948783618991,0.1779470312951308,He uses Remo drum heads and signature ProMark drum sticks.,3,13,== Equipment ==
http://dbpedia.org/class/yago/Whole100003553,http://dbpedia.org/resource/Drum_kit,drum,51049,46,0.8488948783618991,0.1779470312951308,He uses Remo drum heads and signature ProMark drum sticks.,3,13,== Equipment ==
http://dbpedia.org/class/yago/WikicatNorthAmericanPercussionInstruments,http://dbpedia.org/resource/Drum_kit,drum,51049,46,0.8488948783618991,0.1779470312951308,He uses Remo drum heads and signature ProMark drum sticks.,3,13,== Equipment ==
http://www.w3.org/2002/07/owl#Thing,http://dbpedia.org/resource/Snare_drum,Snare drum,1503,66,1.0,0.0,"Yamaha has made Aldridge a custom ""soon to be released"" Signature Snare drum that is a 7x14 stainless steel model with die cast hoops and black chrome hardware.",4,13,== Equipment ==
http://dbpedia.org/ontology/Agent,http://dbpedia.org/resource/Snare_drum,Snare drum,1503,66,1.0,0.0,"Yamaha has made Aldridge a custom ""soon to be released"" Signature Snare drum that is a 7x14 stainless steel model with die cast hoops and black chrome hardware.",4,13,== Equipment ==
http://dbpedia.org/ontology/MusicalArtist,http://dbpedia.org/resource/Snare_drum,Snare drum,1503,66,1.0,0.0,"Yamaha has made Aldridge a custom ""soon to be released"" Signature Snare drum that is a 7x14 stainless steel model with die cast hoops and black chrome hardware.",4,13,== Equipment ==
http://www.w3.org/2002/07/owl#Thing,http://dbpedia.org/resource/Stainless_steel,stainless steel,3516,92,0.999999996998696,1.978379085910686e-09,"Yamaha has made Aldridge a custom ""soon to be released"" Signature Snare drum that is a 7x14 stainless steel model with die cast hoops and black chrome hardware.",4,13,== Equipment ==
http://dbpedia.org/ontology/Mineral,http://dbpedia.org/resource/Stainless_steel,stainless steel,3516,92,0.999999996998696,1.978379085910686e-09,"Yamaha has made Aldridge a custom ""soon to be released"" Signature Snare drum that is a 7x14 stainless steel model with die cast hoops and black chrome hardware.",4,13,== Equipment ==
http://www.w3.org/2002/07/owl#Thing,http://dbpedia.org/resource/Die_casting,die cast,247,119,0.999898487875091,0.00010152243041702051,"Yamaha has made Aldridge a custom ""soon to be released"" Signature Snare drum that is a 7x14 stainless steel model with die cast hoops and black chrome hardware.",4,13,== Equipment ==
http://dbpedia.org/class/yago/WikicatIndustrialProcesses,http://dbpedia.org/resource/Die_casting,die cast,247,119,0.999898487875091,0.00010152243041702051,"Yamaha has made Aldridge a custom ""soon to be released"" Signature Snare drum that is a 7x14 stainless steel model with die cast hoops and black chrome hardware.",4,13,== Equipment ==
http://dbpedia.org/ontology/Band,http://dbpedia.org/resource/Die_casting,die cast,247,119,0.999898487875091,0.00010152243041702051,"Yamaha has made Aldridge a custom ""soon to be released"" Signature Snare drum that is a 7x14 stainless steel model with die cast hoops and black chrome hardware.",4,13,== Equipment ==
http://dbpedia.org/class/yago/IndustrialProcess113497928,http://dbpedia.org/resource/Die_casting,die cast,247,119,0.999898487875091,0.00010152243041702051,"Yamaha has made Aldridge a custom ""soon to be released"" Signature Snare drum that is a 7x14 stainless steel model with die cast hoops and black chrome hardware.",4,13,== Equipment ==
http://dbpedia.org/class/yago/PhysicalEntity100001930,http://dbpedia.org/resource/Die_casting,die cast,247,119,0.999898487875091,0.00010152243041702051,"Yamaha has made Aldridge a custom ""soon to be released"" Signature Snare drum that is a 7x14 stainless steel model with die cast hoops and black chrome hardware.",4,13,== Equipment ==
http://dbpedia.org/class/yago/Process100029677,http://dbpedia.org/resource/Die_casting,die cast,247,119,0.999898487875091,0.00010152243041702051,"Yamaha has made Aldridge a custom ""soon to be released"" Signature Snare drum that is a 7x14 stainless steel model with die cast hoops and black chrome hardware.",4,13,== Equipment ==
http://www.w3.org/2002/07/owl#Thing,http://dbpedia.org/resource/Cymbal,cymbals,2001,24,0.9999999698725904,3.010023501385175e-08,He also endorses Paiste cymbals.,5,13,== Equipment ==
http://dbpedia.org/ontology/Agent,http://dbpedia.org/resource/Cymbal,cymbals,2001,24,0.9999999698725904,3.010023501385175e-08,He also endorses Paiste cymbals.,5,13,== Equipment ==
http://www.w3.org/2002/07/owl#Thing,http://dbpedia.org/resource/Cymbal,cymbal,2001,4,0.9999999895290016,0.0,"His cymbal selection can vary, but he prefers their 2002, Signature and RUDE cymbals.",6,13,== Equipment ==
http://dbpedia.org/ontology/Agent,http://dbpedia.org/resource/Cymbal,cymbal,2001,4,0.9999999895290016,0.0,"His cymbal selection can vary, but he prefers their 2002, Signature and RUDE cymbals.",6,13,== Equipment ==
http://www.w3.org/2002/07/owl#Thing,http://dbpedia.org/resource/Cymbal,cymbals,2001,77,0.9999345601475116,6.543361509240784e-05,"His cymbal selection can vary, but he prefers their 2002, Signature and RUDE cymbals.",6,13,== Equipment ==
http://dbpedia.org/ontology/Agent,http://dbpedia.org/resource/Cymbal,cymbals,2001,77,0.9999345601475116,6.543361509240784e-05,"His cymbal selection can vary, but he prefers their 2002, Signature and RUDE cymbals.",6,13,== Equipment ==
http://dbpedia.org/ontology/Disease,http://dbpedia.org/resource/Race_and_ethnicity_in_the_United_States_Census,Black,288539,0,0.8685476267065844,0.0854642259437425,Black Oak Arkansas,1,15,== Discography == | === Black Oak Arkansas ===
http://dbpedia.org/ontology/Disease,http://dbpedia.org/resource/Race_and_ethnicity_in_the_United_States_Census,Black,288539,34,0.6781836145664486,0.2236839598887979,King Biscuit Flower Hour Presents Black Oak Arkansas,0,22,== Discography == | === Black Oak Arkansas ===
http://www.w3.org/2002/07/owl#Thing,http://dbpedia.org/resource/Donington_Park,Donington,1145,8,0.9597192885507556,0.0211004574643668,Live at Donington 1990 (2011),0,45,== Discography == | === Whitesnake ===
http://dbpedia.org/class/yago/WikicatAutomobileMuseums,http://dbpedia.org/resource/Donington_Park,Donington,1145,8,0.9597192885507556,0.0211004574643668,Live at Donington 1990 (2011),0,45,== Discography == | === Whitesnake ===
http://dbpedia.org/ontology/BaseballLeague,http://dbpedia.org/resource/Donington_Park,Donington,1145,8,0.9597192885507556,0.0211004574643668,Live at Donington 1990 (2011),0,45,== Discography == | === Whitesnake ===
http://dbpedia.org/ontology/Country,http://dbpedia.org/resource/Donington_Park,Donington,1145,8,0.9597192885507556,0.0211004574643668,Live at Donington 1990 (2011),0,45,== Discography == | === Whitesnake ===
http://www.w3.org/2003/01/geo/wgs84_pos#SpatialThing,http://dbpedia.org/resource/Donington_Park,Donington,1145,8,0.9597192885507556,0.0211004574643668,Live at Donington 1990 (2011),0,45,== Discography == | === Whitesnake ===
http://dbpedia.org/class/yago/YagoGeoEntity,http://dbpedia.org/resource/Donington_Park,Donington,1145,8,0.9597192885507556,0.0211004574643668,Live at Donington 1990 (2011),0,45,== Discography == | === Whitesnake ===
http://dbpedia.org/class/yago/YagoLegalActorGeo,http://dbpedia.org/resource/Donington_Park,Donington,1145,8,0.9597192885507556,0.0211004574643668,Live at Donington 1990 (2011),0,45,== Discography == | === Whitesnake ===
http://dbpedia.org/class/yago/YagoPermanentlyLocatedEntity,http://dbpedia.org/resource/Donington_Park,Donington,1145,8,0.9597192885507556,0.0211004574643668,Live at Donington 1990 (2011),0,45,== Discography == | === Whitesnake ===
http://dbpedia.org/class/yago/WikicatMotorsportVenuesInEngland,http://dbpedia.org/resource/Donington_Park,Donington,1145,8,0.9597192885507556,0.0211004574643668,Live at Donington 1990 (2011),0,45,== Discography == | === Whitesnake ===
http://dbpedia.org/class/yago/WikicatMotorsportVenuesInTheUnitedKingdom,http://dbpedia.org/resource/Donington_Park,Donington,1145,8,0.9597192885507556,0.0211004574643668,Live at Donington 1990 (2011),0,45,== Discography == | === Whitesnake ===
http://dbpedia.org/class/yago/Area108497294,http://dbpedia.org/resource/Donington_Park,Donington,1145,8,0.9597192885507556,0.0211004574643668,Live at Donington 1990 (2011),0,45,== Discography == | === Whitesnake ===
http://dbpedia.org/class/yago/Artifact100021939,http://dbpedia.org/resource/Donington_Park,Donington,1145,8,0.9597192885507556,0.0211004574643668,Live at Donington 1990 (2011),0,45,== Discography == | === Whitesnake ===
http://dbpedia.org/class/yago/Depository103177349,http://dbpedia.org/resource/Donington_Park,Donington,1145,8,0.9597192885507556,0.0211004574643668,Live at Donington 1990 (2011),0,45,== Discography == | === Whitesnake ===
http://dbpedia.org/class/yago/Facility103315023,http://dbpedia.org/resource/Donington_Park,Donington,1145,8,0.9597192885507556,0.0211004574643668,Live at Donington 1990 (2011),0,45,== Discography == | === Whitesnake ===
http://dbpedia.org/class/yago/Location100027167,http://dbpedia.org/resource/Donington_Park,Donington,1145,8,0.9597192885507556,0.0211004574643668,Live at Donington 1990 (2011),0,45,== Discography == | === Whitesnake ===
http://dbpedia.org/class/yago/Museum103800563,http://dbpedia.org/resource/Donington_Park,Donington,1145,8,0.9597192885507556,0.0211004574643668,Live at Donington 1990 (2011),0,45,== Discography == | === Whitesnake ===
http://dbpedia.org/class/yago/Object100002684,http://dbpedia.org/resource/Donington_Park,Donington,1145,8,0.9597192885507556,0.0211004574643668,Live at Donington 1990 (2011),0,45,== Discography == | === Whitesnake ===
http://dbpedia.org/class/yago/PhysicalEntity100001930,http://dbpedia.org/resource/Donington_Park,Donington,1145,8,0.9597192885507556,0.0211004574643668,Live at Donington 1990 (2011),0,45,== Discography == | === Whitesnake ===
http://dbpedia.org/class/yago/Region108630985,http://dbpedia.org/resource/Donington_Park,Donington,1145,8,0.9597192885507556,0.0211004574643668,Live at Donington 1990 (2011),0,45,== Discography == | === Whitesnake ===
http://dbpedia.org/class/yago/Scene108645963,http://dbpedia.org/resource/Donington_Park,Donington,1145,8,0.9597192885507556,0.0211004574643668,Live at Donington 1990 (2011),0,45,== Discography == | === Whitesnake ===
http://dbpedia.org/class/yago/Venue108677628,http://dbpedia.org/resource/Donington_Park,Donington,1145,8,0.9597192885507556,0.0211004574643668,Live at Donington 1990 (2011),0,45,== Discography == | === Whitesnake ===
http://dbpedia.org/class/yago/Whole100003553,http://dbpedia.org/resource/Donington_Park,Donington,1145,8,0.9597192885507556,0.0211004574643668,Live at Donington 1990 (2011),0,45,== Discography == | === Whitesnake ===
http://dbpedia.org/class/yago/WikicatSpeedwayVenuesInTheUnitedKingdom,http://dbpedia.org/resource/Donington_Park,Donington,1145,8,0.9597192885507556,0.0211004574643668,Live at Donington 1990 (2011),0,45,== Discography == | === Whitesnake ===
http://dbpedia.org/class/yago/WikicatSportsVenuesInLeicestershire,http://dbpedia.org/resource/Donington_Park,Donington,1145,8,0.9597192885507556,0.0211004574643668,Live at Donington 1990 (2011),0,45,== Discography == | === Whitesnake ===
http://dbpedia.org/ontology/MusicalArtist,http://dbpedia.org/resource/Backing_vocalist,backing vocals,22586,23,0.9946100899010328,0.0054041937838832,"Hear 'n Aid - ""Stars"" (backing vocals only) (1986)",0,52,== Discography == | === Others ===
http://dbpedia.org/ontology/PersonFunction,http://dbpedia.org/resource/Backing_vocalist,backing vocals,22586,23,0.9946100899010328,0.0054041937838832,"Hear 'n Aid - ""Stars"" (backing vocals only) (1986)",0,52,== Discography == | === Others ===
http://dbpedia.org/class/yago/YagoPermanentlyLocatedEntity,http://dbpedia.org/resource/Backing_vocalist,backing vocals,22586,23,0.9946100899010328,0.0054041937838832,"Hear 'n Aid - ""Stars"" (backing vocals only) (1986)",0,52,== Discography == | === Others ===
http://dbpedia.org/class/yago/Abstraction100002137,http://dbpedia.org/resource/Backing_vocalist,backing vocals,22586,23,0.9946100899010328,0.0054041937838832,"Hear 'n Aid - ""Stars"" (backing vocals only) (1986)",0,52,== Discography == | === Others ===
http://dbpedia.org/class/yago/Act100030358,http://dbpedia.org/resource/Backing_vocalist,backing vocals,22586,23,0.9946100899010328,0.0054041937838832,"Hear 'n Aid - ""Stars"" (backing vocals only) (1986)",0,52,== Discography == | === Others ===
http://dbpedia.org/class/yago/Activity100407535,http://dbpedia.org/resource/Backing_vocalist,backing vocals,22586,23,0.9946100899010328,0.0054041937838832,"Hear 'n Aid - ""Stars"" (backing vocals only) (1986)",0,52,== Discography == | === Others ===
http://dbpedia.org/class/yago/Event100029378,http://dbpedia.org/resource/Backing_vocalist,backing vocals,22586,23,0.9946100899010328,0.0054041937838832,"Hear 'n Aid - ""Stars"" (backing vocals only) (1986)",0,52,== Discography == | === Others ===
http://dbpedia.org/class/yago/Occupation100582388,http://dbpedia.org/resource/Backing_vocalist,backing vocals,22586,23,0.9946100899010328,0.0054041937838832,"Hear 'n Aid - ""Stars"" (backing vocals only) (1986)",0,52,== Discography == | === Others ===
http://dbpedia.org/class/yago/PsychologicalFeature100023100,http://dbpedia.org/resource/Backing_vocalist,backing vocals,22586,23,0.9946100899010328,0.0054041937838832,"Hear 'n Aid - ""Stars"" (backing vocals only) (1986)",0,52,== Discography == | === Others ===
http://dbpedia.org/class/yago/WikicatOccupationsInMusic,http://dbpedia.org/resource/Backing_vocalist,backing vocals,22586,23,0.9946100899010328,0.0054041937838832,"Hear 'n Aid - ""Stars"" (backing vocals only) (1986)",0,52,== Discography == | === Others ===
http://www.w3.org/2002/07/owl#Thing,http://dbpedia.org/resource/Amphibian,Amphibia,3689,19,0.9999996684364996,3.3036585318879295e-07,Patrick Rondat – Amphibia (1996) &,0,61,== Discography == | === Others ===
http://umbel.org/umbel/rc/Amphibian,http://dbpedia.org/resource/Amphibian,Amphibia,3689,19,0.9999996684364996,3.3036585318879295e-07,Patrick Rondat – Amphibia (1996) &,0,61,== Discography == | === Others ===
http://umbel.org/umbel/rc/Animal,http://dbpedia.org/resource/Amphibian,Amphibia,3689,19,0.9999996684364996,3.3036585318879295e-07,Patrick Rondat – Amphibia (1996) &,0,61,== Discography == | === Others ===
http://umbel.org/umbel/rc/BiologicalLivingObject,http://dbpedia.org/resource/Amphibian,Amphibia,3689,19,0.9999996684364996,3.3036585318879295e-07,Patrick Rondat – Amphibia (1996) &,0,61,== Discography == | === Others ===
http://umbel.org/umbel/rc/EukaryoticCell,http://dbpedia.org/resource/Amphibian,Amphibia,3689,19,0.9999996684364996,3.3036585318879295e-07,Patrick Rondat – Amphibia (1996) &,0,61,== Discography == | === Others ===
http://dbpedia.org/ontology/Website,http://dbpedia.org/resource/Drummerworld,Drummerworld,26,8,0.9999999639286166,0.0,Tommy's Drummerworld page,0,69,== External links ==
http://dbpedia.org/class/yago/WikicatMusicWebsites,http://dbpedia.org/resource/Drummerworld,Drummerworld,26,8,0.9999999639286166,0.0,Tommy's Drummerworld page,0,69,== External links ==
http://dbpedia.org/class/yago/Artifact100021939,http://dbpedia.org/resource/Drummerworld,Drummerworld,26,8,0.9999999639286166,0.0,Tommy's Drummerworld page,0,69,== External links ==
http://dbpedia.org/class/yago/Computer103082979,http://dbpedia.org/resource/Drummerworld,Drummerworld,26,8,0.9999999639286166,0.0,Tommy's Drummerworld page,0,69,== External links ==
http://dbpedia.org/class/yago/Device103183080,http://dbpedia.org/resource/Drummerworld,Drummerworld,26,8,0.9999999639286166,0.0,Tommy's Drummerworld page,0,69,== External links ==
http://dbpedia.org/class/yago/Instrumentality103575240,http://dbpedia.org/resource/Drummerworld,Drummerworld,26,8,0.9999999639286166,0.0,Tommy's Drummerworld page,0,69,== External links ==
http://dbpedia.org/class/yago/Machine103699975,http://dbpedia.org/resource/Drummerworld,Drummerworld,26,8,0.9999999639286166,0.0,Tommy's Drummerworld page,0,69,== External links ==
http://dbpedia.org/class/yago/Object100002684,http://dbpedia.org/resource/Drummerworld,Drummerworld,26,8,0.9999999639286166,0.0,Tommy's Drummerworld page,0,69,== External links ==
http://dbpedia.org/class/yago/PhysicalEntity100001930,http://dbpedia.org/resource/Drummerworld,Drummerworld,26,8,0.9999999639286166,0.0,Tommy's Drummerworld page,0,69,== External links ==
http://dbpedia.org/class/yago/WebSite106359193,http://dbpedia.org/resource/Drummerworld,Drummerworld,26,8,0.9999999639286166,0.0,Tommy's Drummerworld page,0,69,== External links ==
http://dbpedia.org/class/yago/Whole100003553,http://dbpedia.org/resource/Drummerworld,Drummerworld,26,8,0.9999999639286166,0.0,Tommy's Drummerworld page,0,69,== External links ==
http://www.w3.org/2002/07/owl#Thing,http://dbpedia.org/resource/Interview,Interview,1692,15,0.9961575967755074,0.0038517941349584,Tommy Aldridge Interview NAMM Oral History Library (2008),0,70,== External links ==
http://dbpedia.org/ontology/MusicGenre,http://dbpedia.org/resource/Interview,Interview,1692,15,0.9961575967755074,0.0038517941349584,Tommy Aldridge Interview NAMM Oral History Library (2008),0,70,== External links ==
http://dbpedia.org/ontology/Work,http://dbpedia.org/resource/Interview,Interview,1692,15,0.9961575967755074,0.0038517941349584,Tommy Aldridge Interview NAMM Oral History Library (2008),0,70,== External links ==
