types,URI,entity,support,offset,similarityScore,percentageOfSecondRank,sentence,sentenceIndex,paragraphIndex,section
http://www.w3.org/2002/07/owl#Thing,http://dbpedia.org/resource/Robin_Kenyatta,Robin Kenyatta,53,0,1.0,0.0,"Robin Kenyatta (March 6, 1942 – October 26, 2004) was an American jazz alto saxophonist.",0,0,
http://dbpedia.org/ontology/Person,http://dbpedia.org/resource/Robin_Kenyatta,Robin Kenyatta,53,0,1.0,0.0,"Robin Kenyatta (March 6, 1942 – October 26, 2004) was an American jazz alto saxophonist.",0,0,
http://dbpedia.org/class/yago/WikicatAmericanJazzAltoSaxophonists,http://dbpedia.org/resource/Robin_Kenyatta,Robin Kenyatta,53,0,1.0,0.0,"Robin Kenyatta (March 6, 1942 – October 26, 2004) was an American jazz alto saxophonist.",0,0,
http://dbpedia.org/class/yago/WikicatAmericanJazzFlautists,http://dbpedia.org/resource/Robin_Kenyatta,Robin Kenyatta,53,0,1.0,0.0,"Robin Kenyatta (March 6, 1942 – October 26, 2004) was an American jazz alto saxophonist.",0,0,
http://dbpedia.org/class/yago/WikicatAmericanJazzSopranoSaxophonists,http://dbpedia.org/resource/Robin_Kenyatta,Robin Kenyatta,53,0,1.0,0.0,"Robin Kenyatta (March 6, 1942 – October 26, 2004) was an American jazz alto saxophonist.",0,0,
http://dbpedia.org/class/yago/WikicatAmericanMusicians,http://dbpedia.org/resource/Robin_Kenyatta,Robin Kenyatta,53,0,1.0,0.0,"Robin Kenyatta (March 6, 1942 – October 26, 2004) was an American jazz alto saxophonist.",0,0,
http://dbpedia.org/class/yago/WikicatJazz-bluesSaxophonists,http://dbpedia.org/resource/Robin_Kenyatta,Robin Kenyatta,53,0,1.0,0.0,"Robin Kenyatta (March 6, 1942 – October 26, 2004) was an American jazz alto saxophonist.",0,0,
http://dbpedia.org/class/yago/WikicatJazzClarinetists,http://dbpedia.org/resource/Robin_Kenyatta,Robin Kenyatta,53,0,1.0,0.0,"Robin Kenyatta (March 6, 1942 – October 26, 2004) was an American jazz alto saxophonist.",0,0,
http://dbpedia.org/class/yago/WikicatJazzFlautists,http://dbpedia.org/resource/Robin_Kenyatta,Robin Kenyatta,53,0,1.0,0.0,"Robin Kenyatta (March 6, 1942 – October 26, 2004) was an American jazz alto saxophonist.",0,0,
http://dbpedia.org/class/yago/WikicatJazzSaxophonists,http://dbpedia.org/resource/Robin_Kenyatta,Robin Kenyatta,53,0,1.0,0.0,"Robin Kenyatta (March 6, 1942 – October 26, 2004) was an American jazz alto saxophonist.",0,0,
"http://dbpedia.org/class/yago/WikicatPeopleFromMoncksCorner,SouthCarolina",http://dbpedia.org/resource/Robin_Kenyatta,Robin Kenyatta,53,0,1.0,0.0,"Robin Kenyatta (March 6, 1942 – October 26, 2004) was an American jazz alto saxophonist.",0,0,
http://dbpedia.org/class/yago/YagoLegalActor,http://dbpedia.org/resource/Robin_Kenyatta,Robin Kenyatta,53,0,1.0,0.0,"Robin Kenyatta (March 6, 1942 – October 26, 2004) was an American jazz alto saxophonist.",0,0,
http://dbpedia.org/class/yago/YagoLegalActorGeo,http://dbpedia.org/resource/Robin_Kenyatta,Robin Kenyatta,53,0,1.0,0.0,"Robin Kenyatta (March 6, 1942 – October 26, 2004) was an American jazz alto saxophonist.",0,0,
http://dbpedia.org/class/yago/WikicatMuseRecordsArtists,http://dbpedia.org/resource/Robin_Kenyatta,Robin Kenyatta,53,0,1.0,0.0,"Robin Kenyatta (March 6, 1942 – October 26, 2004) was an American jazz alto saxophonist.",0,0,
http://dbpedia.org/class/yago/WikicatMusiciansFromSouthCarolina,http://dbpedia.org/resource/Robin_Kenyatta,Robin Kenyatta,53,0,1.0,0.0,"Robin Kenyatta (March 6, 1942 – October 26, 2004) was an American jazz alto saxophonist.",0,0,
http://dbpedia.org/class/yago/AltoSaxophonist109786226,http://dbpedia.org/resource/Robin_Kenyatta,Robin Kenyatta,53,0,1.0,0.0,"Robin Kenyatta (March 6, 1942 – October 26, 2004) was an American jazz alto saxophonist.",0,0,
http://dbpedia.org/class/yago/Artist109812338,http://dbpedia.org/resource/Robin_Kenyatta,Robin Kenyatta,53,0,1.0,0.0,"Robin Kenyatta (March 6, 1942 – October 26, 2004) was an American jazz alto saxophonist.",0,0,
http://dbpedia.org/class/yago/CausalAgent100007347,http://dbpedia.org/resource/Robin_Kenyatta,Robin Kenyatta,53,0,1.0,0.0,"Robin Kenyatta (March 6, 1942 – October 26, 2004) was an American jazz alto saxophonist.",0,0,
http://dbpedia.org/class/yago/Clarinetist109926246,http://dbpedia.org/resource/Robin_Kenyatta,Robin Kenyatta,53,0,1.0,0.0,"Robin Kenyatta (March 6, 1942 – October 26, 2004) was an American jazz alto saxophonist.",0,0,
http://dbpedia.org/class/yago/Creator109614315,http://dbpedia.org/resource/Robin_Kenyatta,Robin Kenyatta,53,0,1.0,0.0,"Robin Kenyatta (March 6, 1942 – October 26, 2004) was an American jazz alto saxophonist.",0,0,
http://dbpedia.org/class/yago/Entertainer109616922,http://dbpedia.org/resource/Robin_Kenyatta,Robin Kenyatta,53,0,1.0,0.0,"Robin Kenyatta (March 6, 1942 – October 26, 2004) was an American jazz alto saxophonist.",0,0,
http://dbpedia.org/class/yago/Flutist110098245,http://dbpedia.org/resource/Robin_Kenyatta,Robin Kenyatta,53,0,1.0,0.0,"Robin Kenyatta (March 6, 1942 – October 26, 2004) was an American jazz alto saxophonist.",0,0,
http://dbpedia.org/class/yago/LivingThing100004258,http://dbpedia.org/resource/Robin_Kenyatta,Robin Kenyatta,53,0,1.0,0.0,"Robin Kenyatta (March 6, 1942 – October 26, 2004) was an American jazz alto saxophonist.",0,0,
http://dbpedia.org/class/yago/Musician110339966,http://dbpedia.org/resource/Robin_Kenyatta,Robin Kenyatta,53,0,1.0,0.0,"Robin Kenyatta (March 6, 1942 – October 26, 2004) was an American jazz alto saxophonist.",0,0,
http://dbpedia.org/class/yago/Musician110340312,http://dbpedia.org/resource/Robin_Kenyatta,Robin Kenyatta,53,0,1.0,0.0,"Robin Kenyatta (March 6, 1942 – October 26, 2004) was an American jazz alto saxophonist.",0,0,
http://dbpedia.org/class/yago/Object100002684,http://dbpedia.org/resource/Robin_Kenyatta,Robin Kenyatta,53,0,1.0,0.0,"Robin Kenyatta (March 6, 1942 – October 26, 2004) was an American jazz alto saxophonist.",0,0,
http://dbpedia.org/class/yago/Organism100004475,http://dbpedia.org/resource/Robin_Kenyatta,Robin Kenyatta,53,0,1.0,0.0,"Robin Kenyatta (March 6, 1942 – October 26, 2004) was an American jazz alto saxophonist.",0,0,
http://dbpedia.org/class/yago/Performer110415638,http://dbpedia.org/resource/Robin_Kenyatta,Robin Kenyatta,53,0,1.0,0.0,"Robin Kenyatta (March 6, 1942 – October 26, 2004) was an American jazz alto saxophonist.",0,0,
http://dbpedia.org/class/yago/Person100007846,http://dbpedia.org/resource/Robin_Kenyatta,Robin Kenyatta,53,0,1.0,0.0,"Robin Kenyatta (March 6, 1942 – October 26, 2004) was an American jazz alto saxophonist.",0,0,
http://dbpedia.org/class/yago/PhysicalEntity100001930,http://dbpedia.org/resource/Robin_Kenyatta,Robin Kenyatta,53,0,1.0,0.0,"Robin Kenyatta (March 6, 1942 – October 26, 2004) was an American jazz alto saxophonist.",0,0,
http://dbpedia.org/class/yago/Saxophonist110554243,http://dbpedia.org/resource/Robin_Kenyatta,Robin Kenyatta,53,0,1.0,0.0,"Robin Kenyatta (March 6, 1942 – October 26, 2004) was an American jazz alto saxophonist.",0,0,
http://dbpedia.org/class/yago/Whole100003553,http://dbpedia.org/resource/Robin_Kenyatta,Robin Kenyatta,53,0,1.0,0.0,"Robin Kenyatta (March 6, 1942 – October 26, 2004) was an American jazz alto saxophonist.",0,0,
http://www.w3.org/2002/07/owl#Thing,http://dbpedia.org/resource/Alto_saxophone,alto saxophonist,5662,73,0.9992988518686003,0.0007016400850276606,"Robin Kenyatta (March 6, 1942 – October 26, 2004) was an American jazz alto saxophonist.",0,0,
http://dbpedia.org/ontology/Person,http://dbpedia.org/resource/Alto_saxophone,alto saxophonist,5662,73,0.9992988518686003,0.0007016400850276606,"Robin Kenyatta (March 6, 1942 – October 26, 2004) was an American jazz alto saxophonist.",0,0,
http://dbpedia.org/ontology/MusicalArtist,http://dbpedia.org/resource/Alto_saxophone,alto saxophonist,5662,73,0.9992988518686003,0.0007016400850276606,"Robin Kenyatta (March 6, 1942 – October 26, 2004) was an American jazz alto saxophonist.",0,0,
http://dbpedia.org/class/yago/WikicatE-flatInstruments,http://dbpedia.org/resource/Alto_saxophone,alto saxophonist,5662,73,0.9992988518686003,0.0007016400850276606,"Robin Kenyatta (March 6, 1942 – October 26, 2004) was an American jazz alto saxophonist.",0,0,
http://dbpedia.org/class/yago/WikicatWoodwindInstruments,http://dbpedia.org/resource/Alto_saxophone,alto saxophonist,5662,73,0.9992988518686003,0.0007016400850276606,"Robin Kenyatta (March 6, 1942 – October 26, 2004) was an American jazz alto saxophonist.",0,0,
http://dbpedia.org/class/yago/WindInstrument104586932,http://dbpedia.org/resource/Alto_saxophone,alto saxophonist,5662,73,0.9992988518686003,0.0007016400850276606,"Robin Kenyatta (March 6, 1942 – October 26, 2004) was an American jazz alto saxophonist.",0,0,
http://dbpedia.org/class/yago/Woodwind104598582,http://dbpedia.org/resource/Alto_saxophone,alto saxophonist,5662,73,0.9992988518686003,0.0007016400850276606,"Robin Kenyatta (March 6, 1942 – October 26, 2004) was an American jazz alto saxophonist.",0,0,
http://dbpedia.org/class/yago/WikicatSaxophones,http://dbpedia.org/resource/Alto_saxophone,alto saxophonist,5662,73,0.9992988518686003,0.0007016400850276606,"Robin Kenyatta (March 6, 1942 – October 26, 2004) was an American jazz alto saxophonist.",0,0,
http://dbpedia.org/class/yago/Artifact100021939,http://dbpedia.org/resource/Alto_saxophone,alto saxophonist,5662,73,0.9992988518686003,0.0007016400850276606,"Robin Kenyatta (March 6, 1942 – October 26, 2004) was an American jazz alto saxophonist.",0,0,
http://dbpedia.org/class/yago/Beating-reedInstrument102817799,http://dbpedia.org/resource/Alto_saxophone,alto saxophonist,5662,73,0.9992988518686003,0.0007016400850276606,"Robin Kenyatta (March 6, 1942 – October 26, 2004) was an American jazz alto saxophonist.",0,0,
http://dbpedia.org/class/yago/Device103183080,http://dbpedia.org/resource/Alto_saxophone,alto saxophonist,5662,73,0.9992988518686003,0.0007016400850276606,"Robin Kenyatta (March 6, 1942 – October 26, 2004) was an American jazz alto saxophonist.",0,0,
http://dbpedia.org/class/yago/Instrument103574816,http://dbpedia.org/resource/Alto_saxophone,alto saxophonist,5662,73,0.9992988518686003,0.0007016400850276606,"Robin Kenyatta (March 6, 1942 – October 26, 2004) was an American jazz alto saxophonist.",0,0,
http://dbpedia.org/class/yago/Instrumentality103575240,http://dbpedia.org/resource/Alto_saxophone,alto saxophonist,5662,73,0.9992988518686003,0.0007016400850276606,"Robin Kenyatta (March 6, 1942 – October 26, 2004) was an American jazz alto saxophonist.",0,0,
http://dbpedia.org/class/yago/MusicalInstrument103800933,http://dbpedia.org/resource/Alto_saxophone,alto saxophonist,5662,73,0.9992988518686003,0.0007016400850276606,"Robin Kenyatta (March 6, 1942 – October 26, 2004) was an American jazz alto saxophonist.",0,0,
http://dbpedia.org/class/yago/Object100002684,http://dbpedia.org/resource/Alto_saxophone,alto saxophonist,5662,73,0.9992988518686003,0.0007016400850276606,"Robin Kenyatta (March 6, 1942 – October 26, 2004) was an American jazz alto saxophonist.",0,0,
http://dbpedia.org/class/yago/PhysicalEntity100001930,http://dbpedia.org/resource/Alto_saxophone,alto saxophonist,5662,73,0.9992988518686003,0.0007016400850276606,"Robin Kenyatta (March 6, 1942 – October 26, 2004) was an American jazz alto saxophonist.",0,0,
http://dbpedia.org/class/yago/Sax104141076,http://dbpedia.org/resource/Alto_saxophone,alto saxophonist,5662,73,0.9992988518686003,0.0007016400850276606,"Robin Kenyatta (March 6, 1942 – October 26, 2004) was an American jazz alto saxophonist.",0,0,
http://dbpedia.org/class/yago/Single-reedInstrument104222847,http://dbpedia.org/resource/Alto_saxophone,alto saxophonist,5662,73,0.9992988518686003,0.0007016400850276606,"Robin Kenyatta (March 6, 1942 – October 26, 2004) was an American jazz alto saxophonist.",0,0,
http://dbpedia.org/class/yago/Whole100003553,http://dbpedia.org/resource/Alto_saxophone,alto saxophonist,5662,73,0.9992988518686003,0.0007016400850276606,"Robin Kenyatta (March 6, 1942 – October 26, 2004) was an American jazz alto saxophonist.",0,0,
http://dbpedia.org/class/yago/WikicatTransposingInstruments,http://dbpedia.org/resource/Alto_saxophone,alto saxophonist,5662,73,0.9992988518686003,0.0007016400850276606,"Robin Kenyatta (March 6, 1942 – October 26, 2004) was an American jazz alto saxophonist.",0,0,
http://www.w3.org/2002/07/owl#Thing,http://dbpedia.org/resource/Tenor_saxophone,tenor,8787,42,0.9996256776273876,0.0003685767261137952,"He was mostly self-taught, learning alto, tenor, and soprano saxophones and flute, but received encouragement and help from professional musicians such as John Handy.",1,2,== Music career ==
http://dbpedia.org/ontology/Person,http://dbpedia.org/resource/Tenor_saxophone,tenor,8787,42,0.9996256776273876,0.0003685767261137952,"He was mostly self-taught, learning alto, tenor, and soprano saxophones and flute, but received encouragement and help from professional musicians such as John Handy.",1,2,== Music career ==
http://dbpedia.org/class/yago/WikicatB-flatInstruments,http://dbpedia.org/resource/Tenor_saxophone,tenor,8787,42,0.9996256776273876,0.0003685767261137952,"He was mostly self-taught, learning alto, tenor, and soprano saxophones and flute, but received encouragement and help from professional musicians such as John Handy.",1,2,== Music career ==
http://dbpedia.org/ontology/MusicalArtist,http://dbpedia.org/resource/Tenor_saxophone,tenor,8787,42,0.9996256776273876,0.0003685767261137952,"He was mostly self-taught, learning alto, tenor, and soprano saxophones and flute, but received encouragement and help from professional musicians such as John Handy.",1,2,== Music career ==
http://dbpedia.org/class/yago/WikicatWoodwindInstruments,http://dbpedia.org/resource/Tenor_saxophone,tenor,8787,42,0.9996256776273876,0.0003685767261137952,"He was mostly self-taught, learning alto, tenor, and soprano saxophones and flute, but received encouragement and help from professional musicians such as John Handy.",1,2,== Music career ==
http://dbpedia.org/class/yago/WindInstrument104586932,http://dbpedia.org/resource/Tenor_saxophone,tenor,8787,42,0.9996256776273876,0.0003685767261137952,"He was mostly self-taught, learning alto, tenor, and soprano saxophones and flute, but received encouragement and help from professional musicians such as John Handy.",1,2,== Music career ==
http://dbpedia.org/class/yago/Woodwind104598582,http://dbpedia.org/resource/Tenor_saxophone,tenor,8787,42,0.9996256776273876,0.0003685767261137952,"He was mostly self-taught, learning alto, tenor, and soprano saxophones and flute, but received encouragement and help from professional musicians such as John Handy.",1,2,== Music career ==
http://dbpedia.org/class/yago/WikicatSaxophones,http://dbpedia.org/resource/Tenor_saxophone,tenor,8787,42,0.9996256776273876,0.0003685767261137952,"He was mostly self-taught, learning alto, tenor, and soprano saxophones and flute, but received encouragement and help from professional musicians such as John Handy.",1,2,== Music career ==
http://dbpedia.org/class/yago/Artifact100021939,http://dbpedia.org/resource/Tenor_saxophone,tenor,8787,42,0.9996256776273876,0.0003685767261137952,"He was mostly self-taught, learning alto, tenor, and soprano saxophones and flute, but received encouragement and help from professional musicians such as John Handy.",1,2,== Music career ==
http://dbpedia.org/class/yago/Beating-reedInstrument102817799,http://dbpedia.org/resource/Tenor_saxophone,tenor,8787,42,0.9996256776273876,0.0003685767261137952,"He was mostly self-taught, learning alto, tenor, and soprano saxophones and flute, but received encouragement and help from professional musicians such as John Handy.",1,2,== Music career ==
http://dbpedia.org/class/yago/Device103183080,http://dbpedia.org/resource/Tenor_saxophone,tenor,8787,42,0.9996256776273876,0.0003685767261137952,"He was mostly self-taught, learning alto, tenor, and soprano saxophones and flute, but received encouragement and help from professional musicians such as John Handy.",1,2,== Music career ==
http://dbpedia.org/class/yago/Instrument103574816,http://dbpedia.org/resource/Tenor_saxophone,tenor,8787,42,0.9996256776273876,0.0003685767261137952,"He was mostly self-taught, learning alto, tenor, and soprano saxophones and flute, but received encouragement and help from professional musicians such as John Handy.",1,2,== Music career ==
http://dbpedia.org/class/yago/Instrumentality103575240,http://dbpedia.org/resource/Tenor_saxophone,tenor,8787,42,0.9996256776273876,0.0003685767261137952,"He was mostly self-taught, learning alto, tenor, and soprano saxophones and flute, but received encouragement and help from professional musicians such as John Handy.",1,2,== Music career ==
http://dbpedia.org/class/yago/MusicalInstrument103800933,http://dbpedia.org/resource/Tenor_saxophone,tenor,8787,42,0.9996256776273876,0.0003685767261137952,"He was mostly self-taught, learning alto, tenor, and soprano saxophones and flute, but received encouragement and help from professional musicians such as John Handy.",1,2,== Music career ==
http://dbpedia.org/class/yago/Object100002684,http://dbpedia.org/resource/Tenor_saxophone,tenor,8787,42,0.9996256776273876,0.0003685767261137952,"He was mostly self-taught, learning alto, tenor, and soprano saxophones and flute, but received encouragement and help from professional musicians such as John Handy.",1,2,== Music career ==
http://dbpedia.org/class/yago/PhysicalEntity100001930,http://dbpedia.org/resource/Tenor_saxophone,tenor,8787,42,0.9996256776273876,0.0003685767261137952,"He was mostly self-taught, learning alto, tenor, and soprano saxophones and flute, but received encouragement and help from professional musicians such as John Handy.",1,2,== Music career ==
http://dbpedia.org/class/yago/Sax104141076,http://dbpedia.org/resource/Tenor_saxophone,tenor,8787,42,0.9996256776273876,0.0003685767261137952,"He was mostly self-taught, learning alto, tenor, and soprano saxophones and flute, but received encouragement and help from professional musicians such as John Handy.",1,2,== Music career ==
http://dbpedia.org/class/yago/Single-reedInstrument104222847,http://dbpedia.org/resource/Tenor_saxophone,tenor,8787,42,0.9996256776273876,0.0003685767261137952,"He was mostly self-taught, learning alto, tenor, and soprano saxophones and flute, but received encouragement and help from professional musicians such as John Handy.",1,2,== Music career ==
http://dbpedia.org/class/yago/Whole100003553,http://dbpedia.org/resource/Tenor_saxophone,tenor,8787,42,0.9996256776273876,0.0003685767261137952,"He was mostly self-taught, learning alto, tenor, and soprano saxophones and flute, but received encouragement and help from professional musicians such as John Handy.",1,2,== Music career ==
http://dbpedia.org/class/yago/WikicatTransposingInstruments,http://dbpedia.org/resource/Tenor_saxophone,tenor,8787,42,0.9996256776273876,0.0003685767261137952,"He was mostly self-taught, learning alto, tenor, and soprano saxophones and flute, but received encouragement and help from professional musicians such as John Handy.",1,2,== Music career ==
http://www.w3.org/2002/07/owl#Thing,http://dbpedia.org/resource/Soprano_saxophone,soprano,2238,53,0.9996611752956605,0.0003284372916568279,"He was mostly self-taught, learning alto, tenor, and soprano saxophones and flute, but received encouragement and help from professional musicians such as John Handy.",1,2,== Music career ==
http://dbpedia.org/class/yago/WikicatB-flatInstruments,http://dbpedia.org/resource/Soprano_saxophone,soprano,2238,53,0.9996611752956605,0.0003284372916568279,"He was mostly self-taught, learning alto, tenor, and soprano saxophones and flute, but received encouragement and help from professional musicians such as John Handy.",1,2,== Music career ==
http://dbpedia.org/ontology/Grape,http://dbpedia.org/resource/Soprano_saxophone,soprano,2238,53,0.9996611752956605,0.0003284372916568279,"He was mostly self-taught, learning alto, tenor, and soprano saxophones and flute, but received encouragement and help from professional musicians such as John Handy.",1,2,== Music career ==
http://dbpedia.org/ontology/MusicalArtist,http://dbpedia.org/resource/Soprano_saxophone,soprano,2238,53,0.9996611752956605,0.0003284372916568279,"He was mostly self-taught, learning alto, tenor, and soprano saxophones and flute, but received encouragement and help from professional musicians such as John Handy.",1,2,== Music career ==
http://dbpedia.org/class/yago/WikicatWoodwindInstruments,http://dbpedia.org/resource/Soprano_saxophone,soprano,2238,53,0.9996611752956605,0.0003284372916568279,"He was mostly self-taught, learning alto, tenor, and soprano saxophones and flute, but received encouragement and help from professional musicians such as John Handy.",1,2,== Music career ==
http://dbpedia.org/class/yago/WindInstrument104586932,http://dbpedia.org/resource/Soprano_saxophone,soprano,2238,53,0.9996611752956605,0.0003284372916568279,"He was mostly self-taught, learning alto, tenor, and soprano saxophones and flute, but received encouragement and help from professional musicians such as John Handy.",1,2,== Music career ==
http://dbpedia.org/class/yago/Woodwind104598582,http://dbpedia.org/resource/Soprano_saxophone,soprano,2238,53,0.9996611752956605,0.0003284372916568279,"He was mostly self-taught, learning alto, tenor, and soprano saxophones and flute, but received encouragement and help from professional musicians such as John Handy.",1,2,== Music career ==
http://dbpedia.org/class/yago/WikicatSaxophones,http://dbpedia.org/resource/Soprano_saxophone,soprano,2238,53,0.9996611752956605,0.0003284372916568279,"He was mostly self-taught, learning alto, tenor, and soprano saxophones and flute, but received encouragement and help from professional musicians such as John Handy.",1,2,== Music career ==
http://dbpedia.org/class/yago/Artifact100021939,http://dbpedia.org/resource/Soprano_saxophone,soprano,2238,53,0.9996611752956605,0.0003284372916568279,"He was mostly self-taught, learning alto, tenor, and soprano saxophones and flute, but received encouragement and help from professional musicians such as John Handy.",1,2,== Music career ==
http://dbpedia.org/class/yago/Beating-reedInstrument102817799,http://dbpedia.org/resource/Soprano_saxophone,soprano,2238,53,0.9996611752956605,0.0003284372916568279,"He was mostly self-taught, learning alto, tenor, and soprano saxophones and flute, but received encouragement and help from professional musicians such as John Handy.",1,2,== Music career ==
http://dbpedia.org/class/yago/Device103183080,http://dbpedia.org/resource/Soprano_saxophone,soprano,2238,53,0.9996611752956605,0.0003284372916568279,"He was mostly self-taught, learning alto, tenor, and soprano saxophones and flute, but received encouragement and help from professional musicians such as John Handy.",1,2,== Music career ==
http://dbpedia.org/class/yago/Instrument103574816,http://dbpedia.org/resource/Soprano_saxophone,soprano,2238,53,0.9996611752956605,0.0003284372916568279,"He was mostly self-taught, learning alto, tenor, and soprano saxophones and flute, but received encouragement and help from professional musicians such as John Handy.",1,2,== Music career ==
http://dbpedia.org/class/yago/Instrumentality103575240,http://dbpedia.org/resource/Soprano_saxophone,soprano,2238,53,0.9996611752956605,0.0003284372916568279,"He was mostly self-taught, learning alto, tenor, and soprano saxophones and flute, but received encouragement and help from professional musicians such as John Handy.",1,2,== Music career ==
http://dbpedia.org/class/yago/MusicalInstrument103800933,http://dbpedia.org/resource/Soprano_saxophone,soprano,2238,53,0.9996611752956605,0.0003284372916568279,"He was mostly self-taught, learning alto, tenor, and soprano saxophones and flute, but received encouragement and help from professional musicians such as John Handy.",1,2,== Music career ==
http://dbpedia.org/class/yago/Object100002684,http://dbpedia.org/resource/Soprano_saxophone,soprano,2238,53,0.9996611752956605,0.0003284372916568279,"He was mostly self-taught, learning alto, tenor, and soprano saxophones and flute, but received encouragement and help from professional musicians such as John Handy.",1,2,== Music career ==
http://dbpedia.org/class/yago/PhysicalEntity100001930,http://dbpedia.org/resource/Soprano_saxophone,soprano,2238,53,0.9996611752956605,0.0003284372916568279,"He was mostly self-taught, learning alto, tenor, and soprano saxophones and flute, but received encouragement and help from professional musicians such as John Handy.",1,2,== Music career ==
http://dbpedia.org/class/yago/Sax104141076,http://dbpedia.org/resource/Soprano_saxophone,soprano,2238,53,0.9996611752956605,0.0003284372916568279,"He was mostly self-taught, learning alto, tenor, and soprano saxophones and flute, but received encouragement and help from professional musicians such as John Handy.",1,2,== Music career ==
http://dbpedia.org/class/yago/Single-reedInstrument104222847,http://dbpedia.org/resource/Soprano_saxophone,soprano,2238,53,0.9996611752956605,0.0003284372916568279,"He was mostly self-taught, learning alto, tenor, and soprano saxophones and flute, but received encouragement and help from professional musicians such as John Handy.",1,2,== Music career ==
http://dbpedia.org/class/yago/Whole100003553,http://dbpedia.org/resource/Soprano_saxophone,soprano,2238,53,0.9996611752956605,0.0003284372916568279,"He was mostly self-taught, learning alto, tenor, and soprano saxophones and flute, but received encouragement and help from professional musicians such as John Handy.",1,2,== Music career ==
http://dbpedia.org/class/yago/WikicatTransposingInstruments,http://dbpedia.org/resource/Soprano_saxophone,soprano,2238,53,0.9996611752956605,0.0003284372916568279,"He was mostly self-taught, learning alto, tenor, and soprano saxophones and flute, but received encouragement and help from professional musicians such as John Handy.",1,2,== Music career ==
http://www.w3.org/2002/07/owl#Thing,http://dbpedia.org/resource/Saxophone,saxophones,10094,61,1.0,0.0,"He was mostly self-taught, learning alto, tenor, and soprano saxophones and flute, but received encouragement and help from professional musicians such as John Handy.",1,2,== Music career ==
http://dbpedia.org/ontology/PersonFunction,http://dbpedia.org/resource/Saxophone,saxophones,10094,61,1.0,0.0,"He was mostly self-taught, learning alto, tenor, and soprano saxophones and flute, but received encouragement and help from professional musicians such as John Handy.",1,2,== Music career ==
http://www.w3.org/2002/07/owl#Thing,http://dbpedia.org/resource/Flute,flute,12114,76,0.9945355957895776,0.0054944245850668,"He was mostly self-taught, learning alto, tenor, and soprano saxophones and flute, but received encouragement and help from professional musicians such as John Handy.",1,2,== Music career ==
http://dbpedia.org/ontology/PersonFunction,http://dbpedia.org/resource/Flute,flute,12114,76,0.9945355957895776,0.0054944245850668,"He was mostly self-taught, learning alto, tenor, and soprano saxophones and flute, but received encouragement and help from professional musicians such as John Handy.",1,2,== Music career ==
http://www.w3.org/2002/07/owl#Thing,http://dbpedia.org/resource/Military_band,military band,1132,43,0.9439168307480575,0.0578846448930547,He joined the Army in 1962 and played in a military band for two years.,2,2,== Music career ==
http://dbpedia.org/ontology/MusicGenre,http://dbpedia.org/resource/Military_band,military band,1132,43,0.9439168307480575,0.0578846448930547,He joined the Army in 1962 and played in a military band for two years.,2,2,== Music career ==
http://dbpedia.org/ontology/Band,http://dbpedia.org/resource/Military_band,military band,1132,43,0.9439168307480575,0.0578846448930547,He joined the Army in 1962 and played in a military band for two years.,2,2,== Music career ==
http://www.w3.org/2002/07/owl#Thing,http://dbpedia.org/resource/Colonialism,anti-colonial,4411,119,0.5442352559204403,0.8361371136272956,"Upon being discharged, he returned to New York and adopted the name Kenyatta as a tribute to Jomo Kenyatta, the Kenyan anti-colonial activist, and began pursuing a career as a professional musician.",3,2,== Music career ==
http://dbpedia.org/ontology/MusicGenre,http://dbpedia.org/resource/Colonialism,anti-colonial,4411,119,0.5442352559204403,0.8361371136272956,"Upon being discharged, he returned to New York and adopted the name Kenyatta as a tribute to Jomo Kenyatta, the Kenyan anti-colonial activist, and began pursuing a career as a professional musician.",3,2,== Music career ==
http://dbpedia.org/ontology/Organisation,http://dbpedia.org/resource/Colonialism,anti-colonial,4411,119,0.5442352559204403,0.8361371136272956,"Upon being discharged, he returned to New York and adopted the name Kenyatta as a tribute to Jomo Kenyatta, the Kenyan anti-colonial activist, and began pursuing a career as a professional musician.",3,2,== Music career ==
http://dbpedia.org/ontology/Person,http://dbpedia.org/resource/Judson_Hall,Judson Hall,8,138,0.9999998041776812,0.0,"On December 28 of that year, Kenyatta played as a member of the Bill Dixon Quintet as part of the Four Days in December concert series at Judson Hall, substituting for Giuseppi Logan, who was injured.",5,2,== Music career ==
http://dbpedia.org/class/yago/Abstraction100002137,http://dbpedia.org/resource/Alternative_versions_of_Wolverine,Logan,317,102,0.8219478889886285,0.1156229990816404,"According to Dixon biographer Benjamin Young, ""Kenyatta became such an effective part of the group as Logan was recovering that the latter never rejoined Dixon's outfit.""",6,2,== Music career ==
http://dbpedia.org/class/yago/Attribute100024264,http://dbpedia.org/resource/Alternative_versions_of_Wolverine,Logan,317,102,0.8219478889886285,0.1156229990816404,"According to Dixon biographer Benjamin Young, ""Kenyatta became such an effective part of the group as Logan was recovering that the latter never rejoined Dixon's outfit.""",6,2,== Music career ==
http://dbpedia.org/class/yago/Being113954253,http://dbpedia.org/resource/Alternative_versions_of_Wolverine,Logan,317,102,0.8219478889886285,0.1156229990816404,"According to Dixon biographer Benjamin Young, ""Kenyatta became such an effective part of the group as Logan was recovering that the latter never rejoined Dixon's outfit.""",6,2,== Music career ==
http://dbpedia.org/class/yago/Index113851067,http://dbpedia.org/resource/Alternative_versions_of_Wolverine,Logan,317,102,0.8219478889886285,0.1156229990816404,"According to Dixon biographer Benjamin Young, ""Kenyatta became such an effective part of the group as Logan was recovering that the latter never rejoined Dixon's outfit.""",6,2,== Music career ==
http://dbpedia.org/class/yago/Measure100033615,http://dbpedia.org/resource/Alternative_versions_of_Wolverine,Logan,317,102,0.8219478889886285,0.1156229990816404,"According to Dixon biographer Benjamin Young, ""Kenyatta became such an effective part of the group as Logan was recovering that the latter never rejoined Dixon's outfit.""",6,2,== Music career ==
http://dbpedia.org/class/yago/Scale113850304,http://dbpedia.org/resource/Alternative_versions_of_Wolverine,Logan,317,102,0.8219478889886285,0.1156229990816404,"According to Dixon biographer Benjamin Young, ""Kenyatta became such an effective part of the group as Logan was recovering that the latter never rejoined Dixon's outfit.""",6,2,== Music career ==
http://dbpedia.org/class/yago/Standard107260623,http://dbpedia.org/resource/Alternative_versions_of_Wolverine,Logan,317,102,0.8219478889886285,0.1156229990816404,"According to Dixon biographer Benjamin Young, ""Kenyatta became such an effective part of the group as Logan was recovering that the latter never rejoined Dixon's outfit.""",6,2,== Music career ==
http://dbpedia.org/class/yago/State100024720,http://dbpedia.org/resource/Alternative_versions_of_Wolverine,Logan,317,102,0.8219478889886285,0.1156229990816404,"According to Dixon biographer Benjamin Young, ""Kenyatta became such an effective part of the group as Logan was recovering that the latter never rejoined Dixon's outfit.""",6,2,== Music career ==
http://dbpedia.org/class/yago/SystemOfMeasurement113577171,http://dbpedia.org/resource/Alternative_versions_of_Wolverine,Logan,317,102,0.8219478889886285,0.1156229990816404,"According to Dixon biographer Benjamin Young, ""Kenyatta became such an effective part of the group as Logan was recovering that the latter never rejoined Dixon's outfit.""",6,2,== Music career ==
http://dbpedia.org/class/yago/WikicatFictionalBeingsFromParallelUniverses,http://dbpedia.org/resource/Alternative_versions_of_Wolverine,Logan,317,102,0.8219478889886285,0.1156229990816404,"According to Dixon biographer Benjamin Young, ""Kenyatta became such an effective part of the group as Logan was recovering that the latter never rejoined Dixon's outfit.""",6,2,== Music career ==
http://www.w3.org/2002/07/owl#Thing,http://dbpedia.org/resource/Pianist,pianist,5869,94,0.9886458330251476,0.011307225645474,"Later that year, Kenyatta made his first recorded appearance on the album Portrait In Soul by pianist and composer Valerie Capers.",0,3,== Music career ==
http://dbpedia.org/ontology/MusicalArtist,http://dbpedia.org/resource/Pianist,pianist,5869,94,0.9886458330251476,0.011307225645474,"Later that year, Kenyatta made his first recorded appearance on the album Portrait In Soul by pianist and composer Valerie Capers.",0,3,== Music career ==
http://dbpedia.org/ontology/PersonFunction,http://dbpedia.org/resource/Pianist,pianist,5869,94,0.9886458330251476,0.011307225645474,"Later that year, Kenyatta made his first recorded appearance on the album Portrait In Soul by pianist and composer Valerie Capers.",0,3,== Music career ==
http://www.w3.org/2002/07/owl#Thing,http://dbpedia.org/resource/Composer,composer,22686,106,0.9993625121717912,0.0004416057388147132,"Later that year, Kenyatta made his first recorded appearance on the album Portrait In Soul by pianist and composer Valerie Capers.",0,3,== Music career ==
http://dbpedia.org/ontology/Person,http://dbpedia.org/resource/Composer,composer,22686,106,0.9993625121717912,0.0004416057388147132,"Later that year, Kenyatta made his first recorded appearance on the album Portrait In Soul by pianist and composer Valerie Capers.",0,3,== Music career ==
http://dbpedia.org/ontology/PersonFunction,http://dbpedia.org/resource/Composer,composer,22686,106,0.9993625121717912,0.0004416057388147132,"Later that year, Kenyatta made his first recorded appearance on the album Portrait In Soul by pianist and composer Valerie Capers.",0,3,== Music career ==
http://dbpedia.org/class/yago/WikicatComposers,http://dbpedia.org/resource/Composer,composer,22686,106,0.9993625121717912,0.0004416057388147132,"Later that year, Kenyatta made his first recorded appearance on the album Portrait In Soul by pianist and composer Valerie Capers.",0,3,== Music career ==
http://dbpedia.org/class/yago/YagoLegalActor,http://dbpedia.org/resource/Composer,composer,22686,106,0.9993625121717912,0.0004416057388147132,"Later that year, Kenyatta made his first recorded appearance on the album Portrait In Soul by pianist and composer Valerie Capers.",0,3,== Music career ==
http://dbpedia.org/class/yago/YagoLegalActorGeo,http://dbpedia.org/resource/Composer,composer,22686,106,0.9993625121717912,0.0004416057388147132,"Later that year, Kenyatta made his first recorded appearance on the album Portrait In Soul by pianist and composer Valerie Capers.",0,3,== Music career ==
http://dbpedia.org/class/yago/Artist109812338,http://dbpedia.org/resource/Composer,composer,22686,106,0.9993625121717912,0.0004416057388147132,"Later that year, Kenyatta made his first recorded appearance on the album Portrait In Soul by pianist and composer Valerie Capers.",0,3,== Music career ==
http://dbpedia.org/class/yago/CausalAgent100007347,http://dbpedia.org/resource/Composer,composer,22686,106,0.9993625121717912,0.0004416057388147132,"Later that year, Kenyatta made his first recorded appearance on the album Portrait In Soul by pianist and composer Valerie Capers.",0,3,== Music career ==
http://dbpedia.org/class/yago/Composer109947232,http://dbpedia.org/resource/Composer,composer,22686,106,0.9993625121717912,0.0004416057388147132,"Later that year, Kenyatta made his first recorded appearance on the album Portrait In Soul by pianist and composer Valerie Capers.",0,3,== Music career ==
http://dbpedia.org/class/yago/Creator109614315,http://dbpedia.org/resource/Composer,composer,22686,106,0.9993625121717912,0.0004416057388147132,"Later that year, Kenyatta made his first recorded appearance on the album Portrait In Soul by pianist and composer Valerie Capers.",0,3,== Music career ==
http://dbpedia.org/class/yago/LivingThing100004258,http://dbpedia.org/resource/Composer,composer,22686,106,0.9993625121717912,0.0004416057388147132,"Later that year, Kenyatta made his first recorded appearance on the album Portrait In Soul by pianist and composer Valerie Capers.",0,3,== Music career ==
http://dbpedia.org/class/yago/Musician110339966,http://dbpedia.org/resource/Composer,composer,22686,106,0.9993625121717912,0.0004416057388147132,"Later that year, Kenyatta made his first recorded appearance on the album Portrait In Soul by pianist and composer Valerie Capers.",0,3,== Music career ==
http://dbpedia.org/class/yago/Object100002684,http://dbpedia.org/resource/Composer,composer,22686,106,0.9993625121717912,0.0004416057388147132,"Later that year, Kenyatta made his first recorded appearance on the album Portrait In Soul by pianist and composer Valerie Capers.",0,3,== Music career ==
http://dbpedia.org/class/yago/Organism100004475,http://dbpedia.org/resource/Composer,composer,22686,106,0.9993625121717912,0.0004416057388147132,"Later that year, Kenyatta made his first recorded appearance on the album Portrait In Soul by pianist and composer Valerie Capers.",0,3,== Music career ==
http://dbpedia.org/class/yago/Person100007846,http://dbpedia.org/resource/Composer,composer,22686,106,0.9993625121717912,0.0004416057388147132,"Later that year, Kenyatta made his first recorded appearance on the album Portrait In Soul by pianist and composer Valerie Capers.",0,3,== Music career ==
http://dbpedia.org/class/yago/PhysicalEntity100001930,http://dbpedia.org/resource/Composer,composer,22686,106,0.9993625121717912,0.0004416057388147132,"Later that year, Kenyatta made his first recorded appearance on the album Portrait In Soul by pianist and composer Valerie Capers.",0,3,== Music career ==
http://dbpedia.org/class/yago/Whole100003553,http://dbpedia.org/resource/Composer,composer,22686,106,0.9993625121717912,0.0004416057388147132,"Later that year, Kenyatta made his first recorded appearance on the album Portrait In Soul by pianist and composer Valerie Capers.",0,3,== Music career ==
http://www.w3.org/2002/07/owl#Thing,http://dbpedia.org/resource/King,King,3999,124,0.6292526856104107,0.2830473394190253,"During the 1980s and 90s, Kenyatta performed at major jazz festivals with Dizzy Gillespie, Paul Simon, George Benson, B. B. King, The Isley Brothers, and other major artists.",0,4,== Music career ==
http://dbpedia.org/ontology/PersonFunction,http://dbpedia.org/resource/King,King,3999,124,0.6292526856104107,0.2830473394190253,"During the 1980s and 90s, Kenyatta performed at major jazz festivals with Dizzy Gillespie, Paul Simon, George Benson, B. B. King, The Isley Brothers, and other major artists.",0,4,== Music career ==
http://www.w3.org/2002/07/owl#Thing,http://dbpedia.org/resource/Sleep,sleep,5909,64,0.9995409357568954,0.00015857560306200788,"In 2004, he flew to Lausanne for a performance, but died in his sleep on October 26.",4,4,== Music career ==
http://dbpedia.org/ontology/Band,http://dbpedia.org/resource/Sleep,sleep,5909,64,0.9995409357568954,0.00015857560306200788,"In 2004, he flew to Lausanne for a performance, but died in his sleep on October 26.",4,4,== Music career ==
http://www.w3.org/2002/07/owl#Thing,http://dbpedia.org/resource/Vortex,Vortex,1108,13,0.7048341820754775,0.2059595593677307,"1967: Until (Vortex, reissued on Wounded Bird)",0,7,== Discography == | === As leader ===
http://dbpedia.org/ontology/Settlement,http://dbpedia.org/resource/Vortex,Vortex,1108,13,0.7048341820754775,0.2059595593677307,"1967: Until (Vortex, reissued on Wounded Bird)",0,7,== Discography == | === As leader ===
http://www.w3.org/2002/07/owl#Thing,http://dbpedia.org/resource/Fred_Braceful,Fred Braceful,12,65,1.0,0.0,"Girl from Martinique (ECM) with Wolfgang Dauner, Arild Andersen, Fred Braceful",1,9,== Discography == | === As leader ===
http://dbpedia.org/class/yago/WikicatAmericanJazzDrummers,http://dbpedia.org/resource/Fred_Braceful,Fred Braceful,12,65,1.0,0.0,"Girl from Martinique (ECM) with Wolfgang Dauner, Arild Andersen, Fred Braceful",1,9,== Discography == | === As leader ===
http://dbpedia.org/class/yago/WikicatAmericanMusicians,http://dbpedia.org/resource/Fred_Braceful,Fred Braceful,12,65,1.0,0.0,"Girl from Martinique (ECM) with Wolfgang Dauner, Arild Andersen, Fred Braceful",1,9,== Discography == | === As leader ===
http://dbpedia.org/class/yago/WikicatAvant-gardeJazzDrummers,http://dbpedia.org/resource/Fred_Braceful,Fred Braceful,12,65,1.0,0.0,"Girl from Martinique (ECM) with Wolfgang Dauner, Arild Andersen, Fred Braceful",1,9,== Discography == | === As leader ===
http://dbpedia.org/class/yago/WikicatJazzDrummers,http://dbpedia.org/resource/Fred_Braceful,Fred Braceful,12,65,1.0,0.0,"Girl from Martinique (ECM) with Wolfgang Dauner, Arild Andersen, Fred Braceful",1,9,== Discography == | === As leader ===
http://dbpedia.org/class/yago/WikicatJazzFusionMusicians,http://dbpedia.org/resource/Fred_Braceful,Fred Braceful,12,65,1.0,0.0,"Girl from Martinique (ECM) with Wolfgang Dauner, Arild Andersen, Fred Braceful",1,9,== Discography == | === As leader ===
http://dbpedia.org/ontology/MusicalArtist,http://dbpedia.org/resource/Fred_Braceful,Fred Braceful,12,65,1.0,0.0,"Girl from Martinique (ECM) with Wolfgang Dauner, Arild Andersen, Fred Braceful",1,9,== Discography == | === As leader ===
http://dbpedia.org/class/yago/YagoLegalActor,http://dbpedia.org/resource/Fred_Braceful,Fred Braceful,12,65,1.0,0.0,"Girl from Martinique (ECM) with Wolfgang Dauner, Arild Andersen, Fred Braceful",1,9,== Discography == | === As leader ===
http://dbpedia.org/class/yago/YagoLegalActorGeo,http://dbpedia.org/resource/Fred_Braceful,Fred Braceful,12,65,1.0,0.0,"Girl from Martinique (ECM) with Wolfgang Dauner, Arild Andersen, Fred Braceful",1,9,== Discography == | === As leader ===
http://dbpedia.org/class/yago/Artist109812338,http://dbpedia.org/resource/Fred_Braceful,Fred Braceful,12,65,1.0,0.0,"Girl from Martinique (ECM) with Wolfgang Dauner, Arild Andersen, Fred Braceful",1,9,== Discography == | === As leader ===
http://dbpedia.org/class/yago/CausalAgent100007347,http://dbpedia.org/resource/Fred_Braceful,Fred Braceful,12,65,1.0,0.0,"Girl from Martinique (ECM) with Wolfgang Dauner, Arild Andersen, Fred Braceful",1,9,== Discography == | === As leader ===
http://dbpedia.org/class/yago/Creator109614315,http://dbpedia.org/resource/Fred_Braceful,Fred Braceful,12,65,1.0,0.0,"Girl from Martinique (ECM) with Wolfgang Dauner, Arild Andersen, Fred Braceful",1,9,== Discography == | === As leader ===
http://dbpedia.org/class/yago/Drummer110036929,http://dbpedia.org/resource/Fred_Braceful,Fred Braceful,12,65,1.0,0.0,"Girl from Martinique (ECM) with Wolfgang Dauner, Arild Andersen, Fred Braceful",1,9,== Discography == | === As leader ===
http://dbpedia.org/class/yago/Entertainer109616922,http://dbpedia.org/resource/Fred_Braceful,Fred Braceful,12,65,1.0,0.0,"Girl from Martinique (ECM) with Wolfgang Dauner, Arild Andersen, Fred Braceful",1,9,== Discography == | === As leader ===
http://dbpedia.org/class/yago/LivingThing100004258,http://dbpedia.org/resource/Fred_Braceful,Fred Braceful,12,65,1.0,0.0,"Girl from Martinique (ECM) with Wolfgang Dauner, Arild Andersen, Fred Braceful",1,9,== Discography == | === As leader ===
http://dbpedia.org/class/yago/Musician110339966,http://dbpedia.org/resource/Fred_Braceful,Fred Braceful,12,65,1.0,0.0,"Girl from Martinique (ECM) with Wolfgang Dauner, Arild Andersen, Fred Braceful",1,9,== Discography == | === As leader ===
http://dbpedia.org/class/yago/Musician110340312,http://dbpedia.org/resource/Fred_Braceful,Fred Braceful,12,65,1.0,0.0,"Girl from Martinique (ECM) with Wolfgang Dauner, Arild Andersen, Fred Braceful",1,9,== Discography == | === As leader ===
http://dbpedia.org/class/yago/Object100002684,http://dbpedia.org/resource/Fred_Braceful,Fred Braceful,12,65,1.0,0.0,"Girl from Martinique (ECM) with Wolfgang Dauner, Arild Andersen, Fred Braceful",1,9,== Discography == | === As leader ===
http://dbpedia.org/class/yago/Organism100004475,http://dbpedia.org/resource/Fred_Braceful,Fred Braceful,12,65,1.0,0.0,"Girl from Martinique (ECM) with Wolfgang Dauner, Arild Andersen, Fred Braceful",1,9,== Discography == | === As leader ===
http://dbpedia.org/class/yago/Percussionist110415037,http://dbpedia.org/resource/Fred_Braceful,Fred Braceful,12,65,1.0,0.0,"Girl from Martinique (ECM) with Wolfgang Dauner, Arild Andersen, Fred Braceful",1,9,== Discography == | === As leader ===
http://dbpedia.org/class/yago/Performer110415638,http://dbpedia.org/resource/Fred_Braceful,Fred Braceful,12,65,1.0,0.0,"Girl from Martinique (ECM) with Wolfgang Dauner, Arild Andersen, Fred Braceful",1,9,== Discography == | === As leader ===
http://dbpedia.org/class/yago/Person100007846,http://dbpedia.org/resource/Fred_Braceful,Fred Braceful,12,65,1.0,0.0,"Girl from Martinique (ECM) with Wolfgang Dauner, Arild Andersen, Fred Braceful",1,9,== Discography == | === As leader ===
http://dbpedia.org/class/yago/PhysicalEntity100001930,http://dbpedia.org/resource/Fred_Braceful,Fred Braceful,12,65,1.0,0.0,"Girl from Martinique (ECM) with Wolfgang Dauner, Arild Andersen, Fred Braceful",1,9,== Discography == | === As leader ===
http://dbpedia.org/class/yago/Whole100003553,http://dbpedia.org/resource/Fred_Braceful,Fred Braceful,12,65,1.0,0.0,"Girl from Martinique (ECM) with Wolfgang Dauner, Arild Andersen, Fred Braceful",1,9,== Discography == | === As leader ===
http://www.w3.org/2002/07/owl#Thing,http://dbpedia.org/resource/David_Spinozza,David Spinozza,179,84,0.9999999999999716,0.0,"Gypsy Man (Atlantic) with Billy Cobham, Rick Marotta, Stanley Clarke, Larry Willis, David Spinozza",1,11,== Discography == | === As leader ===
http://dbpedia.org/class/yago/WikicatAmericanRockGuitarists,http://dbpedia.org/resource/David_Spinozza,David Spinozza,179,84,0.9999999999999716,0.0,"Gypsy Man (Atlantic) with Billy Cobham, Rick Marotta, Stanley Clarke, Larry Willis, David Spinozza",1,11,== Discography == | === As leader ===
http://dbpedia.org/ontology/MusicalArtist,http://dbpedia.org/resource/David_Spinozza,David Spinozza,179,84,0.9999999999999716,0.0,"Gypsy Man (Atlantic) with Billy Cobham, Rick Marotta, Stanley Clarke, Larry Willis, David Spinozza",1,11,== Discography == | === As leader ===
http://dbpedia.org/class/yago/YagoLegalActor,http://dbpedia.org/resource/David_Spinozza,David Spinozza,179,84,0.9999999999999716,0.0,"Gypsy Man (Atlantic) with Billy Cobham, Rick Marotta, Stanley Clarke, Larry Willis, David Spinozza",1,11,== Discography == | === As leader ===
http://dbpedia.org/class/yago/YagoLegalActorGeo,http://dbpedia.org/resource/David_Spinozza,David Spinozza,179,84,0.9999999999999716,0.0,"Gypsy Man (Atlantic) with Billy Cobham, Rick Marotta, Stanley Clarke, Larry Willis, David Spinozza",1,11,== Discography == | === As leader ===
http://dbpedia.org/class/yago/WikicatLivingPeople,http://dbpedia.org/resource/David_Spinozza,David Spinozza,179,84,0.9999999999999716,0.0,"Gypsy Man (Atlantic) with Billy Cobham, Rick Marotta, Stanley Clarke, Larry Willis, David Spinozza",1,11,== Discography == | === As leader ===
http://dbpedia.org/class/yago/WikicatRockMusicians,http://dbpedia.org/resource/David_Spinozza,David Spinozza,179,84,0.9999999999999716,0.0,"Gypsy Man (Atlantic) with Billy Cobham, Rick Marotta, Stanley Clarke, Larry Willis, David Spinozza",1,11,== Discography == | === As leader ===
http://dbpedia.org/class/yago/Artist109812338,http://dbpedia.org/resource/David_Spinozza,David Spinozza,179,84,0.9999999999999716,0.0,"Gypsy Man (Atlantic) with Billy Cobham, Rick Marotta, Stanley Clarke, Larry Willis, David Spinozza",1,11,== Discography == | === As leader ===
http://dbpedia.org/class/yago/CausalAgent100007347,http://dbpedia.org/resource/David_Spinozza,David Spinozza,179,84,0.9999999999999716,0.0,"Gypsy Man (Atlantic) with Billy Cobham, Rick Marotta, Stanley Clarke, Larry Willis, David Spinozza",1,11,== Discography == | === As leader ===
http://dbpedia.org/class/yago/Creator109614315,http://dbpedia.org/resource/David_Spinozza,David Spinozza,179,84,0.9999999999999716,0.0,"Gypsy Man (Atlantic) with Billy Cobham, Rick Marotta, Stanley Clarke, Larry Willis, David Spinozza",1,11,== Discography == | === As leader ===
http://dbpedia.org/class/yago/Entertainer109616922,http://dbpedia.org/resource/David_Spinozza,David Spinozza,179,84,0.9999999999999716,0.0,"Gypsy Man (Atlantic) with Billy Cobham, Rick Marotta, Stanley Clarke, Larry Willis, David Spinozza",1,11,== Discography == | === As leader ===
http://dbpedia.org/class/yago/Guitarist110151760,http://dbpedia.org/resource/David_Spinozza,David Spinozza,179,84,0.9999999999999716,0.0,"Gypsy Man (Atlantic) with Billy Cobham, Rick Marotta, Stanley Clarke, Larry Willis, David Spinozza",1,11,== Discography == | === As leader ===
http://dbpedia.org/class/yago/LivingThing100004258,http://dbpedia.org/resource/David_Spinozza,David Spinozza,179,84,0.9999999999999716,0.0,"Gypsy Man (Atlantic) with Billy Cobham, Rick Marotta, Stanley Clarke, Larry Willis, David Spinozza",1,11,== Discography == | === As leader ===
http://dbpedia.org/class/yago/Musician110339966,http://dbpedia.org/resource/David_Spinozza,David Spinozza,179,84,0.9999999999999716,0.0,"Gypsy Man (Atlantic) with Billy Cobham, Rick Marotta, Stanley Clarke, Larry Willis, David Spinozza",1,11,== Discography == | === As leader ===
http://dbpedia.org/class/yago/Musician110340312,http://dbpedia.org/resource/David_Spinozza,David Spinozza,179,84,0.9999999999999716,0.0,"Gypsy Man (Atlantic) with Billy Cobham, Rick Marotta, Stanley Clarke, Larry Willis, David Spinozza",1,11,== Discography == | === As leader ===
http://dbpedia.org/class/yago/Object100002684,http://dbpedia.org/resource/David_Spinozza,David Spinozza,179,84,0.9999999999999716,0.0,"Gypsy Man (Atlantic) with Billy Cobham, Rick Marotta, Stanley Clarke, Larry Willis, David Spinozza",1,11,== Discography == | === As leader ===
http://dbpedia.org/class/yago/Organism100004475,http://dbpedia.org/resource/David_Spinozza,David Spinozza,179,84,0.9999999999999716,0.0,"Gypsy Man (Atlantic) with Billy Cobham, Rick Marotta, Stanley Clarke, Larry Willis, David Spinozza",1,11,== Discography == | === As leader ===
http://dbpedia.org/class/yago/Performer110415638,http://dbpedia.org/resource/David_Spinozza,David Spinozza,179,84,0.9999999999999716,0.0,"Gypsy Man (Atlantic) with Billy Cobham, Rick Marotta, Stanley Clarke, Larry Willis, David Spinozza",1,11,== Discography == | === As leader ===
http://dbpedia.org/class/yago/Person100007846,http://dbpedia.org/resource/David_Spinozza,David Spinozza,179,84,0.9999999999999716,0.0,"Gypsy Man (Atlantic) with Billy Cobham, Rick Marotta, Stanley Clarke, Larry Willis, David Spinozza",1,11,== Discography == | === As leader ===
http://dbpedia.org/class/yago/PhysicalEntity100001930,http://dbpedia.org/resource/David_Spinozza,David Spinozza,179,84,0.9999999999999716,0.0,"Gypsy Man (Atlantic) with Billy Cobham, Rick Marotta, Stanley Clarke, Larry Willis, David Spinozza",1,11,== Discography == | === As leader ===
http://dbpedia.org/class/yago/Whole100003553,http://dbpedia.org/resource/David_Spinozza,David Spinozza,179,84,0.9999999999999716,0.0,"Gypsy Man (Atlantic) with Billy Cobham, Rick Marotta, Stanley Clarke, Larry Willis, David Spinozza",1,11,== Discography == | === As leader ===
http://www.w3.org/2002/07/owl#Thing,http://dbpedia.org/resource/Pat_Rebillot,Pat Rebillot,66,27,0.9999994619290388,0.0,"Terra Nova (Atlantic) with Pat Rebillot, Sonny Burke, Ron Carter, Gladstone Anderson, Winston Grennan, Enrico Rava",1,12,== Discography == | === As leader ===
http://dbpedia.org/class/yago/WikicatAmericanKeyboardists,http://dbpedia.org/resource/Pat_Rebillot,Pat Rebillot,66,27,0.9999994619290388,0.0,"Terra Nova (Atlantic) with Pat Rebillot, Sonny Burke, Ron Carter, Gladstone Anderson, Winston Grennan, Enrico Rava",1,12,== Discography == | === As leader ===
http://dbpedia.org/class/yago/WikicatAmericanSessionMusicians,http://dbpedia.org/resource/Pat_Rebillot,Pat Rebillot,66,27,0.9999994619290388,0.0,"Terra Nova (Atlantic) with Pat Rebillot, Sonny Burke, Ron Carter, Gladstone Anderson, Winston Grennan, Enrico Rava",1,12,== Discography == | === As leader ===
http://dbpedia.org/ontology/Album,http://dbpedia.org/resource/Pat_Rebillot,Pat Rebillot,66,27,0.9999994619290388,0.0,"Terra Nova (Atlantic) with Pat Rebillot, Sonny Burke, Ron Carter, Gladstone Anderson, Winston Grennan, Enrico Rava",1,12,== Discography == | === As leader ===
http://dbpedia.org/class/yago/YagoLegalActor,http://dbpedia.org/resource/Pat_Rebillot,Pat Rebillot,66,27,0.9999994619290388,0.0,"Terra Nova (Atlantic) with Pat Rebillot, Sonny Burke, Ron Carter, Gladstone Anderson, Winston Grennan, Enrico Rava",1,12,== Discography == | === As leader ===
http://dbpedia.org/class/yago/YagoLegalActorGeo,http://dbpedia.org/resource/Pat_Rebillot,Pat Rebillot,66,27,0.9999994619290388,0.0,"Terra Nova (Atlantic) with Pat Rebillot, Sonny Burke, Ron Carter, Gladstone Anderson, Winston Grennan, Enrico Rava",1,12,== Discography == | === As leader ===
http://dbpedia.org/class/yago/WikicatLivingPeople,http://dbpedia.org/resource/Pat_Rebillot,Pat Rebillot,66,27,0.9999994619290388,0.0,"Terra Nova (Atlantic) with Pat Rebillot, Sonny Burke, Ron Carter, Gladstone Anderson, Winston Grennan, Enrico Rava",1,12,== Discography == | === As leader ===
http://dbpedia.org/class/yago/Artist109812338,http://dbpedia.org/resource/Pat_Rebillot,Pat Rebillot,66,27,0.9999994619290388,0.0,"Terra Nova (Atlantic) with Pat Rebillot, Sonny Burke, Ron Carter, Gladstone Anderson, Winston Grennan, Enrico Rava",1,12,== Discography == | === As leader ===
http://dbpedia.org/class/yago/CausalAgent100007347,http://dbpedia.org/resource/Pat_Rebillot,Pat Rebillot,66,27,0.9999994619290388,0.0,"Terra Nova (Atlantic) with Pat Rebillot, Sonny Burke, Ron Carter, Gladstone Anderson, Winston Grennan, Enrico Rava",1,12,== Discography == | === As leader ===
http://dbpedia.org/class/yago/Creator109614315,http://dbpedia.org/resource/Pat_Rebillot,Pat Rebillot,66,27,0.9999994619290388,0.0,"Terra Nova (Atlantic) with Pat Rebillot, Sonny Burke, Ron Carter, Gladstone Anderson, Winston Grennan, Enrico Rava",1,12,== Discography == | === As leader ===
http://dbpedia.org/class/yago/Entertainer109616922,http://dbpedia.org/resource/Pat_Rebillot,Pat Rebillot,66,27,0.9999994619290388,0.0,"Terra Nova (Atlantic) with Pat Rebillot, Sonny Burke, Ron Carter, Gladstone Anderson, Winston Grennan, Enrico Rava",1,12,== Discography == | === As leader ===
http://dbpedia.org/class/yago/Keyboardist110229883,http://dbpedia.org/resource/Pat_Rebillot,Pat Rebillot,66,27,0.9999994619290388,0.0,"Terra Nova (Atlantic) with Pat Rebillot, Sonny Burke, Ron Carter, Gladstone Anderson, Winston Grennan, Enrico Rava",1,12,== Discography == | === As leader ===
http://dbpedia.org/class/yago/LivingThing100004258,http://dbpedia.org/resource/Pat_Rebillot,Pat Rebillot,66,27,0.9999994619290388,0.0,"Terra Nova (Atlantic) with Pat Rebillot, Sonny Burke, Ron Carter, Gladstone Anderson, Winston Grennan, Enrico Rava",1,12,== Discography == | === As leader ===
http://dbpedia.org/class/yago/Musician110339966,http://dbpedia.org/resource/Pat_Rebillot,Pat Rebillot,66,27,0.9999994619290388,0.0,"Terra Nova (Atlantic) with Pat Rebillot, Sonny Burke, Ron Carter, Gladstone Anderson, Winston Grennan, Enrico Rava",1,12,== Discography == | === As leader ===
http://dbpedia.org/class/yago/Musician110340312,http://dbpedia.org/resource/Pat_Rebillot,Pat Rebillot,66,27,0.9999994619290388,0.0,"Terra Nova (Atlantic) with Pat Rebillot, Sonny Burke, Ron Carter, Gladstone Anderson, Winston Grennan, Enrico Rava",1,12,== Discography == | === As leader ===
http://dbpedia.org/class/yago/Object100002684,http://dbpedia.org/resource/Pat_Rebillot,Pat Rebillot,66,27,0.9999994619290388,0.0,"Terra Nova (Atlantic) with Pat Rebillot, Sonny Burke, Ron Carter, Gladstone Anderson, Winston Grennan, Enrico Rava",1,12,== Discography == | === As leader ===
http://dbpedia.org/class/yago/Organism100004475,http://dbpedia.org/resource/Pat_Rebillot,Pat Rebillot,66,27,0.9999994619290388,0.0,"Terra Nova (Atlantic) with Pat Rebillot, Sonny Burke, Ron Carter, Gladstone Anderson, Winston Grennan, Enrico Rava",1,12,== Discography == | === As leader ===
http://dbpedia.org/class/yago/Performer110415638,http://dbpedia.org/resource/Pat_Rebillot,Pat Rebillot,66,27,0.9999994619290388,0.0,"Terra Nova (Atlantic) with Pat Rebillot, Sonny Burke, Ron Carter, Gladstone Anderson, Winston Grennan, Enrico Rava",1,12,== Discography == | === As leader ===
http://dbpedia.org/class/yago/Person100007846,http://dbpedia.org/resource/Pat_Rebillot,Pat Rebillot,66,27,0.9999994619290388,0.0,"Terra Nova (Atlantic) with Pat Rebillot, Sonny Burke, Ron Carter, Gladstone Anderson, Winston Grennan, Enrico Rava",1,12,== Discography == | === As leader ===
http://dbpedia.org/class/yago/PhysicalEntity100001930,http://dbpedia.org/resource/Pat_Rebillot,Pat Rebillot,66,27,0.9999994619290388,0.0,"Terra Nova (Atlantic) with Pat Rebillot, Sonny Burke, Ron Carter, Gladstone Anderson, Winston Grennan, Enrico Rava",1,12,== Discography == | === As leader ===
http://dbpedia.org/class/yago/Whole100003553,http://dbpedia.org/resource/Pat_Rebillot,Pat Rebillot,66,27,0.9999994619290388,0.0,"Terra Nova (Atlantic) with Pat Rebillot, Sonny Burke, Ron Carter, Gladstone Anderson, Winston Grennan, Enrico Rava",1,12,== Discography == | === As leader ===
http://dbpedia.org/ontology/ArchitecturalStructure,http://dbpedia.org/resource/Savoy_Ballroom,Savoy,177,22,0.8593609777106833,0.1202356535360921,"1974: Stompin' at the Savoy (Atlantic) with Dr. John, Ron Carter, Lew Soloff, Bernard Purdie, Chuck Rainey",0,13,== Discography == | === As leader ===
http://www.w3.org/2003/01/geo/wgs84_pos#SpatialThing,http://dbpedia.org/resource/Savoy_Ballroom,Savoy,177,22,0.8593609777106833,0.1202356535360921,"1974: Stompin' at the Savoy (Atlantic) with Dr. John, Ron Carter, Lew Soloff, Bernard Purdie, Chuck Rainey",0,13,== Discography == | === As leader ===
http://dbpedia.org/class/yago/YagoGeoEntity,http://dbpedia.org/resource/Savoy_Ballroom,Savoy,177,22,0.8593609777106833,0.1202356535360921,"1974: Stompin' at the Savoy (Atlantic) with Dr. John, Ron Carter, Lew Soloff, Bernard Purdie, Chuck Rainey",0,13,== Discography == | === As leader ===
http://dbpedia.org/class/yago/YagoLegalActorGeo,http://dbpedia.org/resource/Savoy_Ballroom,Savoy,177,22,0.8593609777106833,0.1202356535360921,"1974: Stompin' at the Savoy (Atlantic) with Dr. John, Ron Carter, Lew Soloff, Bernard Purdie, Chuck Rainey",0,13,== Discography == | === As leader ===
http://dbpedia.org/class/yago/YagoPermanentlyLocatedEntity,http://dbpedia.org/resource/Savoy_Ballroom,Savoy,177,22,0.8593609777106833,0.1202356535360921,"1974: Stompin' at the Savoy (Atlantic) with Dr. John, Ron Carter, Lew Soloff, Bernard Purdie, Chuck Rainey",0,13,== Discography == | === As leader ===
http://dbpedia.org/class/yago/WikicatMusicVenuesInNewYorkCity,http://dbpedia.org/resource/Savoy_Ballroom,Savoy,177,22,0.8593609777106833,0.1202356535360921,"1974: Stompin' at the Savoy (Atlantic) with Dr. John, Ron Carter, Lew Soloff, Bernard Purdie, Chuck Rainey",0,13,== Discography == | === As leader ===
http://dbpedia.org/class/yago/Area108497294,http://dbpedia.org/resource/Savoy_Ballroom,Savoy,177,22,0.8593609777106833,0.1202356535360921,"1974: Stompin' at the Savoy (Atlantic) with Dr. John, Ron Carter, Lew Soloff, Bernard Purdie, Chuck Rainey",0,13,== Discography == | === As leader ===
http://dbpedia.org/class/yago/Artifact100021939,http://dbpedia.org/resource/Savoy_Ballroom,Savoy,177,22,0.8593609777106833,0.1202356535360921,"1974: Stompin' at the Savoy (Atlantic) with Dr. John, Ron Carter, Lew Soloff, Bernard Purdie, Chuck Rainey",0,13,== Discography == | === As leader ===
http://dbpedia.org/class/yago/Cabaret102931417,http://dbpedia.org/resource/Savoy_Ballroom,Savoy,177,22,0.8593609777106833,0.1202356535360921,"1974: Stompin' at the Savoy (Atlantic) with Dr. John, Ron Carter, Lew Soloff, Bernard Purdie, Chuck Rainey",0,13,== Discography == | === As leader ===
http://dbpedia.org/class/yago/Establishment103297735,http://dbpedia.org/resource/Savoy_Ballroom,Savoy,177,22,0.8593609777106833,0.1202356535360921,"1974: Stompin' at the Savoy (Atlantic) with Dr. John, Ron Carter, Lew Soloff, Bernard Purdie, Chuck Rainey",0,13,== Discography == | === As leader ===
http://dbpedia.org/class/yago/Location100027167,http://dbpedia.org/resource/Savoy_Ballroom,Savoy,177,22,0.8593609777106833,0.1202356535360921,"1974: Stompin' at the Savoy (Atlantic) with Dr. John, Ron Carter, Lew Soloff, Bernard Purdie, Chuck Rainey",0,13,== Discography == | === As leader ===
http://dbpedia.org/class/yago/Object100002684,http://dbpedia.org/resource/Savoy_Ballroom,Savoy,177,22,0.8593609777106833,0.1202356535360921,"1974: Stompin' at the Savoy (Atlantic) with Dr. John, Ron Carter, Lew Soloff, Bernard Purdie, Chuck Rainey",0,13,== Discography == | === As leader ===
http://dbpedia.org/class/yago/PhysicalEntity100001930,http://dbpedia.org/resource/Savoy_Ballroom,Savoy,177,22,0.8593609777106833,0.1202356535360921,"1974: Stompin' at the Savoy (Atlantic) with Dr. John, Ron Carter, Lew Soloff, Bernard Purdie, Chuck Rainey",0,13,== Discography == | === As leader ===
http://dbpedia.org/class/yago/PlaceOfBusiness103953020,http://dbpedia.org/resource/Savoy_Ballroom,Savoy,177,22,0.8593609777106833,0.1202356535360921,"1974: Stompin' at the Savoy (Atlantic) with Dr. John, Ron Carter, Lew Soloff, Bernard Purdie, Chuck Rainey",0,13,== Discography == | === As leader ===
http://dbpedia.org/class/yago/Region108630985,http://dbpedia.org/resource/Savoy_Ballroom,Savoy,177,22,0.8593609777106833,0.1202356535360921,"1974: Stompin' at the Savoy (Atlantic) with Dr. John, Ron Carter, Lew Soloff, Bernard Purdie, Chuck Rainey",0,13,== Discography == | === As leader ===
http://dbpedia.org/class/yago/Scene108645963,http://dbpedia.org/resource/Savoy_Ballroom,Savoy,177,22,0.8593609777106833,0.1202356535360921,"1974: Stompin' at the Savoy (Atlantic) with Dr. John, Ron Carter, Lew Soloff, Bernard Purdie, Chuck Rainey",0,13,== Discography == | === As leader ===
http://dbpedia.org/class/yago/Spot104286128,http://dbpedia.org/resource/Savoy_Ballroom,Savoy,177,22,0.8593609777106833,0.1202356535360921,"1974: Stompin' at the Savoy (Atlantic) with Dr. John, Ron Carter, Lew Soloff, Bernard Purdie, Chuck Rainey",0,13,== Discography == | === As leader ===
http://dbpedia.org/class/yago/Structure104341686,http://dbpedia.org/resource/Savoy_Ballroom,Savoy,177,22,0.8593609777106833,0.1202356535360921,"1974: Stompin' at the Savoy (Atlantic) with Dr. John, Ron Carter, Lew Soloff, Bernard Purdie, Chuck Rainey",0,13,== Discography == | === As leader ===
http://dbpedia.org/class/yago/Venue108677628,http://dbpedia.org/resource/Savoy_Ballroom,Savoy,177,22,0.8593609777106833,0.1202356535360921,"1974: Stompin' at the Savoy (Atlantic) with Dr. John, Ron Carter, Lew Soloff, Bernard Purdie, Chuck Rainey",0,13,== Discography == | === As leader ===
http://dbpedia.org/class/yago/Whole100003553,http://dbpedia.org/resource/Savoy_Ballroom,Savoy,177,22,0.8593609777106833,0.1202356535360921,"1974: Stompin' at the Savoy (Atlantic) with Dr. John, Ron Carter, Lew Soloff, Bernard Purdie, Chuck Rainey",0,13,== Discography == | === As leader ===
http://dbpedia.org/class/yago/WikicatFormerMusicVenuesInNewYorkCity,http://dbpedia.org/resource/Savoy_Ballroom,Savoy,177,22,0.8593609777106833,0.1202356535360921,"1974: Stompin' at the Savoy (Atlantic) with Dr. John, Ron Carter, Lew Soloff, Bernard Purdie, Chuck Rainey",0,13,== Discography == | === As leader ===
http://dbpedia.org/class/yago/WikicatNightclubs,http://dbpedia.org/resource/Savoy_Ballroom,Savoy,177,22,0.8593609777106833,0.1202356535360921,"1974: Stompin' at the Savoy (Atlantic) with Dr. John, Ron Carter, Lew Soloff, Bernard Purdie, Chuck Rainey",0,13,== Discography == | === As leader ===
http://dbpedia.org/class/yago/WikicatNightclubsInNewYorkCity,http://dbpedia.org/resource/Savoy_Ballroom,Savoy,177,22,0.8593609777106833,0.1202356535360921,"1974: Stompin' at the Savoy (Atlantic) with Dr. John, Ron Carter, Lew Soloff, Bernard Purdie, Chuck Rainey",0,13,== Discography == | === As leader ===
http://www.w3.org/2002/07/owl#Thing,http://dbpedia.org/resource/Stafford_James,Stafford James,53,19,0.999999999990365,0.0,"Nomusa (Muse) with Stafford James, Joe Chambers, Dom Salvador",1,14,== Discography == | === As leader ===
http://dbpedia.org/class/yago/WikicatAmericanMusicians,http://dbpedia.org/resource/Stafford_James,Stafford James,53,19,0.999999999990365,0.0,"Nomusa (Muse) with Stafford James, Joe Chambers, Dom Salvador",1,14,== Discography == | === As leader ===
http://dbpedia.org/class/yago/WikicatJazzBassGuitarists,http://dbpedia.org/resource/Stafford_James,Stafford James,53,19,0.999999999990365,0.0,"Nomusa (Muse) with Stafford James, Joe Chambers, Dom Salvador",1,14,== Discography == | === As leader ===
http://dbpedia.org/ontology/MusicalArtist,http://dbpedia.org/resource/Stafford_James,Stafford James,53,19,0.999999999990365,0.0,"Nomusa (Muse) with Stafford James, Joe Chambers, Dom Salvador",1,14,== Discography == | === As leader ===
http://dbpedia.org/class/yago/YagoLegalActor,http://dbpedia.org/resource/Stafford_James,Stafford James,53,19,0.999999999990365,0.0,"Nomusa (Muse) with Stafford James, Joe Chambers, Dom Salvador",1,14,== Discography == | === As leader ===
http://dbpedia.org/class/yago/YagoLegalActorGeo,http://dbpedia.org/resource/Stafford_James,Stafford James,53,19,0.999999999990365,0.0,"Nomusa (Muse) with Stafford James, Joe Chambers, Dom Salvador",1,14,== Discography == | === As leader ===
http://dbpedia.org/class/yago/WikicatLivingPeople,http://dbpedia.org/resource/Stafford_James,Stafford James,53,19,0.999999999990365,0.0,"Nomusa (Muse) with Stafford James, Joe Chambers, Dom Salvador",1,14,== Discography == | === As leader ===
http://dbpedia.org/class/yago/WikicatMusiciansFromIllinois,http://dbpedia.org/resource/Stafford_James,Stafford James,53,19,0.999999999990365,0.0,"Nomusa (Muse) with Stafford James, Joe Chambers, Dom Salvador",1,14,== Discography == | === As leader ===
http://dbpedia.org/class/yago/Artist109812338,http://dbpedia.org/resource/Stafford_James,Stafford James,53,19,0.999999999990365,0.0,"Nomusa (Muse) with Stafford James, Joe Chambers, Dom Salvador",1,14,== Discography == | === As leader ===
http://dbpedia.org/class/yago/CausalAgent100007347,http://dbpedia.org/resource/Stafford_James,Stafford James,53,19,0.999999999990365,0.0,"Nomusa (Muse) with Stafford James, Joe Chambers, Dom Salvador",1,14,== Discography == | === As leader ===
http://dbpedia.org/class/yago/Creator109614315,http://dbpedia.org/resource/Stafford_James,Stafford James,53,19,0.999999999990365,0.0,"Nomusa (Muse) with Stafford James, Joe Chambers, Dom Salvador",1,14,== Discography == | === As leader ===
http://dbpedia.org/class/yago/Entertainer109616922,http://dbpedia.org/resource/Stafford_James,Stafford James,53,19,0.999999999990365,0.0,"Nomusa (Muse) with Stafford James, Joe Chambers, Dom Salvador",1,14,== Discography == | === As leader ===
http://dbpedia.org/class/yago/Guitarist110151760,http://dbpedia.org/resource/Stafford_James,Stafford James,53,19,0.999999999990365,0.0,"Nomusa (Muse) with Stafford James, Joe Chambers, Dom Salvador",1,14,== Discography == | === As leader ===
http://dbpedia.org/class/yago/LivingThing100004258,http://dbpedia.org/resource/Stafford_James,Stafford James,53,19,0.999999999990365,0.0,"Nomusa (Muse) with Stafford James, Joe Chambers, Dom Salvador",1,14,== Discography == | === As leader ===
http://dbpedia.org/class/yago/Musician110339966,http://dbpedia.org/resource/Stafford_James,Stafford James,53,19,0.999999999990365,0.0,"Nomusa (Muse) with Stafford James, Joe Chambers, Dom Salvador",1,14,== Discography == | === As leader ===
http://dbpedia.org/class/yago/Musician110340312,http://dbpedia.org/resource/Stafford_James,Stafford James,53,19,0.999999999990365,0.0,"Nomusa (Muse) with Stafford James, Joe Chambers, Dom Salvador",1,14,== Discography == | === As leader ===
http://dbpedia.org/class/yago/Object100002684,http://dbpedia.org/resource/Stafford_James,Stafford James,53,19,0.999999999990365,0.0,"Nomusa (Muse) with Stafford James, Joe Chambers, Dom Salvador",1,14,== Discography == | === As leader ===
http://dbpedia.org/class/yago/Organism100004475,http://dbpedia.org/resource/Stafford_James,Stafford James,53,19,0.999999999990365,0.0,"Nomusa (Muse) with Stafford James, Joe Chambers, Dom Salvador",1,14,== Discography == | === As leader ===
http://dbpedia.org/class/yago/Performer110415638,http://dbpedia.org/resource/Stafford_James,Stafford James,53,19,0.999999999990365,0.0,"Nomusa (Muse) with Stafford James, Joe Chambers, Dom Salvador",1,14,== Discography == | === As leader ===
http://dbpedia.org/class/yago/Person100007846,http://dbpedia.org/resource/Stafford_James,Stafford James,53,19,0.999999999990365,0.0,"Nomusa (Muse) with Stafford James, Joe Chambers, Dom Salvador",1,14,== Discography == | === As leader ===
http://dbpedia.org/class/yago/PhysicalEntity100001930,http://dbpedia.org/resource/Stafford_James,Stafford James,53,19,0.999999999990365,0.0,"Nomusa (Muse) with Stafford James, Joe Chambers, Dom Salvador",1,14,== Discography == | === As leader ===
http://dbpedia.org/class/yago/Whole100003553,http://dbpedia.org/resource/Stafford_James,Stafford James,53,19,0.999999999990365,0.0,"Nomusa (Muse) with Stafford James, Joe Chambers, Dom Salvador",1,14,== Discography == | === As leader ===
http://www.w3.org/2002/07/owl#Thing,http://dbpedia.org/resource/Dom_Salvador,Dom Salvador,21,49,0.9999999999988064,0.0,"Nomusa (Muse) with Stafford James, Joe Chambers, Dom Salvador",1,14,== Discography == | === As leader ===
http://dbpedia.org/ontology/Person,http://dbpedia.org/resource/Dom_Salvador,Dom Salvador,21,49,0.9999999999988064,0.0,"Nomusa (Muse) with Stafford James, Joe Chambers, Dom Salvador",1,14,== Discography == | === As leader ===
http://dbpedia.org/class/yago/WikicatBrazilianJazzPianists,http://dbpedia.org/resource/Dom_Salvador,Dom Salvador,21,49,0.9999999999988064,0.0,"Nomusa (Muse) with Stafford James, Joe Chambers, Dom Salvador",1,14,== Discography == | === As leader ===
http://dbpedia.org/class/yago/YagoLegalActor,http://dbpedia.org/resource/Dom_Salvador,Dom Salvador,21,49,0.9999999999988064,0.0,"Nomusa (Muse) with Stafford James, Joe Chambers, Dom Salvador",1,14,== Discography == | === As leader ===
http://dbpedia.org/class/yago/YagoLegalActorGeo,http://dbpedia.org/resource/Dom_Salvador,Dom Salvador,21,49,0.9999999999988064,0.0,"Nomusa (Muse) with Stafford James, Joe Chambers, Dom Salvador",1,14,== Discography == | === As leader ===
http://dbpedia.org/class/yago/WikicatLivingPeople,http://dbpedia.org/resource/Dom_Salvador,Dom Salvador,21,49,0.9999999999988064,0.0,"Nomusa (Muse) with Stafford James, Joe Chambers, Dom Salvador",1,14,== Discography == | === As leader ===
http://dbpedia.org/class/yago/WikicatMuseRecordsArtists,http://dbpedia.org/resource/Dom_Salvador,Dom Salvador,21,49,0.9999999999988064,0.0,"Nomusa (Muse) with Stafford James, Joe Chambers, Dom Salvador",1,14,== Discography == | === As leader ===
http://dbpedia.org/class/yago/WikicatMúsicaPopularBrasileiraPianists,http://dbpedia.org/resource/Dom_Salvador,Dom Salvador,21,49,0.9999999999988064,0.0,"Nomusa (Muse) with Stafford James, Joe Chambers, Dom Salvador",1,14,== Discography == | === As leader ===
http://dbpedia.org/class/yago/Artist109812338,http://dbpedia.org/resource/Dom_Salvador,Dom Salvador,21,49,0.9999999999988064,0.0,"Nomusa (Muse) with Stafford James, Joe Chambers, Dom Salvador",1,14,== Discography == | === As leader ===
http://dbpedia.org/class/yago/CausalAgent100007347,http://dbpedia.org/resource/Dom_Salvador,Dom Salvador,21,49,0.9999999999988064,0.0,"Nomusa (Muse) with Stafford James, Joe Chambers, Dom Salvador",1,14,== Discography == | === As leader ===
http://dbpedia.org/class/yago/Creator109614315,http://dbpedia.org/resource/Dom_Salvador,Dom Salvador,21,49,0.9999999999988064,0.0,"Nomusa (Muse) with Stafford James, Joe Chambers, Dom Salvador",1,14,== Discography == | === As leader ===
http://dbpedia.org/class/yago/Entertainer109616922,http://dbpedia.org/resource/Dom_Salvador,Dom Salvador,21,49,0.9999999999988064,0.0,"Nomusa (Muse) with Stafford James, Joe Chambers, Dom Salvador",1,14,== Discography == | === As leader ===
http://dbpedia.org/class/yago/LivingThing100004258,http://dbpedia.org/resource/Dom_Salvador,Dom Salvador,21,49,0.9999999999988064,0.0,"Nomusa (Muse) with Stafford James, Joe Chambers, Dom Salvador",1,14,== Discography == | === As leader ===
http://dbpedia.org/class/yago/Musician110339966,http://dbpedia.org/resource/Dom_Salvador,Dom Salvador,21,49,0.9999999999988064,0.0,"Nomusa (Muse) with Stafford James, Joe Chambers, Dom Salvador",1,14,== Discography == | === As leader ===
http://dbpedia.org/class/yago/Musician110340312,http://dbpedia.org/resource/Dom_Salvador,Dom Salvador,21,49,0.9999999999988064,0.0,"Nomusa (Muse) with Stafford James, Joe Chambers, Dom Salvador",1,14,== Discography == | === As leader ===
http://dbpedia.org/class/yago/Object100002684,http://dbpedia.org/resource/Dom_Salvador,Dom Salvador,21,49,0.9999999999988064,0.0,"Nomusa (Muse) with Stafford James, Joe Chambers, Dom Salvador",1,14,== Discography == | === As leader ===
http://dbpedia.org/class/yago/Organism100004475,http://dbpedia.org/resource/Dom_Salvador,Dom Salvador,21,49,0.9999999999988064,0.0,"Nomusa (Muse) with Stafford James, Joe Chambers, Dom Salvador",1,14,== Discography == | === As leader ===
http://dbpedia.org/class/yago/Performer110415638,http://dbpedia.org/resource/Dom_Salvador,Dom Salvador,21,49,0.9999999999988064,0.0,"Nomusa (Muse) with Stafford James, Joe Chambers, Dom Salvador",1,14,== Discography == | === As leader ===
http://dbpedia.org/class/yago/Person100007846,http://dbpedia.org/resource/Dom_Salvador,Dom Salvador,21,49,0.9999999999988064,0.0,"Nomusa (Muse) with Stafford James, Joe Chambers, Dom Salvador",1,14,== Discography == | === As leader ===
http://dbpedia.org/class/yago/PhysicalEntity100001930,http://dbpedia.org/resource/Dom_Salvador,Dom Salvador,21,49,0.9999999999988064,0.0,"Nomusa (Muse) with Stafford James, Joe Chambers, Dom Salvador",1,14,== Discography == | === As leader ===
http://dbpedia.org/class/yago/Pianist110430665,http://dbpedia.org/resource/Dom_Salvador,Dom Salvador,21,49,0.9999999999988064,0.0,"Nomusa (Muse) with Stafford James, Joe Chambers, Dom Salvador",1,14,== Discography == | === As leader ===
http://dbpedia.org/class/yago/Whole100003553,http://dbpedia.org/resource/Dom_Salvador,Dom Salvador,21,49,0.9999999999988064,0.0,"Nomusa (Muse) with Stafford James, Joe Chambers, Dom Salvador",1,14,== Discography == | === As leader ===
http://www.w3.org/2002/07/owl#Thing,http://dbpedia.org/resource/Arthur_Jenkins_(musician),Arthur Jenkins,77,39,0.9887410112228444,0.0113858743995731,"1976: Encourage the People (Wolf) with Arthur Jenkins, Richard Tee, Ralph MacDonald, Hugh McCracken",0,15,== Discography == | === As leader ===
http://dbpedia.org/class/yago/WikicatAfrican-AmericanMusicians,http://dbpedia.org/resource/Arthur_Jenkins_(musician),Arthur Jenkins,77,39,0.9887410112228444,0.0113858743995731,"1976: Encourage the People (Wolf) with Arthur Jenkins, Richard Tee, Ralph MacDonald, Hugh McCracken",0,15,== Discography == | === As leader ===
http://dbpedia.org/class/yago/WikicatAfrican-AmericanSongwriters,http://dbpedia.org/resource/Arthur_Jenkins_(musician),Arthur Jenkins,77,39,0.9887410112228444,0.0113858743995731,"1976: Encourage the People (Wolf) with Arthur Jenkins, Richard Tee, Ralph MacDonald, Hugh McCracken",0,15,== Discography == | === As leader ===
http://dbpedia.org/class/yago/WikicatAmericanJazzPercussionists,http://dbpedia.org/resource/Arthur_Jenkins_(musician),Arthur Jenkins,77,39,0.9887410112228444,0.0113858743995731,"1976: Encourage the People (Wolf) with Arthur Jenkins, Richard Tee, Ralph MacDonald, Hugh McCracken",0,15,== Discography == | === As leader ===
http://dbpedia.org/class/yago/WikicatAmericanOrganists,http://dbpedia.org/resource/Arthur_Jenkins_(musician),Arthur Jenkins,77,39,0.9887410112228444,0.0113858743995731,"1976: Encourage the People (Wolf) with Arthur Jenkins, Richard Tee, Ralph MacDonald, Hugh McCracken",0,15,== Discography == | === As leader ===
http://dbpedia.org/class/yago/WikicatAmericanPopPianists,http://dbpedia.org/resource/Arthur_Jenkins_(musician),Arthur Jenkins,77,39,0.9887410112228444,0.0113858743995731,"1976: Encourage the People (Wolf) with Arthur Jenkins, Richard Tee, Ralph MacDonald, Hugh McCracken",0,15,== Discography == | === As leader ===
http://dbpedia.org/class/yago/WikicatAmericanSessionMusicians,http://dbpedia.org/resource/Arthur_Jenkins_(musician),Arthur Jenkins,77,39,0.9887410112228444,0.0113858743995731,"1976: Encourage the People (Wolf) with Arthur Jenkins, Richard Tee, Ralph MacDonald, Hugh McCracken",0,15,== Discography == | === As leader ===
http://dbpedia.org/class/yago/WikicatAmericanSoulKeyboardists,http://dbpedia.org/resource/Arthur_Jenkins_(musician),Arthur Jenkins,77,39,0.9887410112228444,0.0113858743995731,"1976: Encourage the People (Wolf) with Arthur Jenkins, Richard Tee, Ralph MacDonald, Hugh McCracken",0,15,== Discography == | === As leader ===
http://dbpedia.org/class/yago/WikicatPeopleFromTheBronx,http://dbpedia.org/resource/Arthur_Jenkins_(musician),Arthur Jenkins,77,39,0.9887410112228444,0.0113858743995731,"1976: Encourage the People (Wolf) with Arthur Jenkins, Richard Tee, Ralph MacDonald, Hugh McCracken",0,15,== Discography == | === As leader ===
http://dbpedia.org/ontology/MusicalArtist,http://dbpedia.org/resource/Arthur_Jenkins_(musician),Arthur Jenkins,77,39,0.9887410112228444,0.0113858743995731,"1976: Encourage the People (Wolf) with Arthur Jenkins, Richard Tee, Ralph MacDonald, Hugh McCracken",0,15,== Discography == | === As leader ===
http://dbpedia.org/class/yago/YagoLegalActor,http://dbpedia.org/resource/Arthur_Jenkins_(musician),Arthur Jenkins,77,39,0.9887410112228444,0.0113858743995731,"1976: Encourage the People (Wolf) with Arthur Jenkins, Richard Tee, Ralph MacDonald, Hugh McCracken",0,15,== Discography == | === As leader ===
http://dbpedia.org/class/yago/YagoLegalActorGeo,http://dbpedia.org/resource/Arthur_Jenkins_(musician),Arthur Jenkins,77,39,0.9887410112228444,0.0113858743995731,"1976: Encourage the People (Wolf) with Arthur Jenkins, Richard Tee, Ralph MacDonald, Hugh McCracken",0,15,== Discography == | === As leader ===
http://dbpedia.org/class/yago/Artist109812338,http://dbpedia.org/resource/Arthur_Jenkins_(musician),Arthur Jenkins,77,39,0.9887410112228444,0.0113858743995731,"1976: Encourage the People (Wolf) with Arthur Jenkins, Richard Tee, Ralph MacDonald, Hugh McCracken",0,15,== Discography == | === As leader ===
http://dbpedia.org/class/yago/CausalAgent100007347,http://dbpedia.org/resource/Arthur_Jenkins_(musician),Arthur Jenkins,77,39,0.9887410112228444,0.0113858743995731,"1976: Encourage the People (Wolf) with Arthur Jenkins, Richard Tee, Ralph MacDonald, Hugh McCracken",0,15,== Discography == | === As leader ===
http://dbpedia.org/class/yago/Composer109947232,http://dbpedia.org/resource/Arthur_Jenkins_(musician),Arthur Jenkins,77,39,0.9887410112228444,0.0113858743995731,"1976: Encourage the People (Wolf) with Arthur Jenkins, Richard Tee, Ralph MacDonald, Hugh McCracken",0,15,== Discography == | === As leader ===
http://dbpedia.org/class/yago/Creator109614315,http://dbpedia.org/resource/Arthur_Jenkins_(musician),Arthur Jenkins,77,39,0.9887410112228444,0.0113858743995731,"1976: Encourage the People (Wolf) with Arthur Jenkins, Richard Tee, Ralph MacDonald, Hugh McCracken",0,15,== Discography == | === As leader ===
http://dbpedia.org/class/yago/Entertainer109616922,http://dbpedia.org/resource/Arthur_Jenkins_(musician),Arthur Jenkins,77,39,0.9887410112228444,0.0113858743995731,"1976: Encourage the People (Wolf) with Arthur Jenkins, Richard Tee, Ralph MacDonald, Hugh McCracken",0,15,== Discography == | === As leader ===
http://dbpedia.org/class/yago/Keyboardist110229883,http://dbpedia.org/resource/Arthur_Jenkins_(musician),Arthur Jenkins,77,39,0.9887410112228444,0.0113858743995731,"1976: Encourage the People (Wolf) with Arthur Jenkins, Richard Tee, Ralph MacDonald, Hugh McCracken",0,15,== Discography == | === As leader ===
http://dbpedia.org/class/yago/LivingThing100004258,http://dbpedia.org/resource/Arthur_Jenkins_(musician),Arthur Jenkins,77,39,0.9887410112228444,0.0113858743995731,"1976: Encourage the People (Wolf) with Arthur Jenkins, Richard Tee, Ralph MacDonald, Hugh McCracken",0,15,== Discography == | === As leader ===
http://dbpedia.org/class/yago/Musician110339966,http://dbpedia.org/resource/Arthur_Jenkins_(musician),Arthur Jenkins,77,39,0.9887410112228444,0.0113858743995731,"1976: Encourage the People (Wolf) with Arthur Jenkins, Richard Tee, Ralph MacDonald, Hugh McCracken",0,15,== Discography == | === As leader ===
http://dbpedia.org/class/yago/Musician110340312,http://dbpedia.org/resource/Arthur_Jenkins_(musician),Arthur Jenkins,77,39,0.9887410112228444,0.0113858743995731,"1976: Encourage the People (Wolf) with Arthur Jenkins, Richard Tee, Ralph MacDonald, Hugh McCracken",0,15,== Discography == | === As leader ===
http://dbpedia.org/class/yago/Object100002684,http://dbpedia.org/resource/Arthur_Jenkins_(musician),Arthur Jenkins,77,39,0.9887410112228444,0.0113858743995731,"1976: Encourage the People (Wolf) with Arthur Jenkins, Richard Tee, Ralph MacDonald, Hugh McCracken",0,15,== Discography == | === As leader ===
http://dbpedia.org/class/yago/Organism100004475,http://dbpedia.org/resource/Arthur_Jenkins_(musician),Arthur Jenkins,77,39,0.9887410112228444,0.0113858743995731,"1976: Encourage the People (Wolf) with Arthur Jenkins, Richard Tee, Ralph MacDonald, Hugh McCracken",0,15,== Discography == | === As leader ===
http://dbpedia.org/class/yago/Organist110382825,http://dbpedia.org/resource/Arthur_Jenkins_(musician),Arthur Jenkins,77,39,0.9887410112228444,0.0113858743995731,"1976: Encourage the People (Wolf) with Arthur Jenkins, Richard Tee, Ralph MacDonald, Hugh McCracken",0,15,== Discography == | === As leader ===
http://dbpedia.org/class/yago/Percussionist110415037,http://dbpedia.org/resource/Arthur_Jenkins_(musician),Arthur Jenkins,77,39,0.9887410112228444,0.0113858743995731,"1976: Encourage the People (Wolf) with Arthur Jenkins, Richard Tee, Ralph MacDonald, Hugh McCracken",0,15,== Discography == | === As leader ===
http://dbpedia.org/class/yago/Performer110415638,http://dbpedia.org/resource/Arthur_Jenkins_(musician),Arthur Jenkins,77,39,0.9887410112228444,0.0113858743995731,"1976: Encourage the People (Wolf) with Arthur Jenkins, Richard Tee, Ralph MacDonald, Hugh McCracken",0,15,== Discography == | === As leader ===
http://dbpedia.org/class/yago/Person100007846,http://dbpedia.org/resource/Arthur_Jenkins_(musician),Arthur Jenkins,77,39,0.9887410112228444,0.0113858743995731,"1976: Encourage the People (Wolf) with Arthur Jenkins, Richard Tee, Ralph MacDonald, Hugh McCracken",0,15,== Discography == | === As leader ===
http://dbpedia.org/class/yago/PhysicalEntity100001930,http://dbpedia.org/resource/Arthur_Jenkins_(musician),Arthur Jenkins,77,39,0.9887410112228444,0.0113858743995731,"1976: Encourage the People (Wolf) with Arthur Jenkins, Richard Tee, Ralph MacDonald, Hugh McCracken",0,15,== Discography == | === As leader ===
http://dbpedia.org/class/yago/Pianist110430665,http://dbpedia.org/resource/Arthur_Jenkins_(musician),Arthur Jenkins,77,39,0.9887410112228444,0.0113858743995731,"1976: Encourage the People (Wolf) with Arthur Jenkins, Richard Tee, Ralph MacDonald, Hugh McCracken",0,15,== Discography == | === As leader ===
http://dbpedia.org/class/yago/Songwriter110624540,http://dbpedia.org/resource/Arthur_Jenkins_(musician),Arthur Jenkins,77,39,0.9887410112228444,0.0113858743995731,"1976: Encourage the People (Wolf) with Arthur Jenkins, Richard Tee, Ralph MacDonald, Hugh McCracken",0,15,== Discography == | === As leader ===
http://dbpedia.org/class/yago/Whole100003553,http://dbpedia.org/resource/Arthur_Jenkins_(musician),Arthur Jenkins,77,39,0.9887410112228444,0.0113858743995731,"1976: Encourage the People (Wolf) with Arthur Jenkins, Richard Tee, Ralph MacDonald, Hugh McCracken",0,15,== Discography == | === As leader ===
http://dbpedia.org/class/yago/WikicatSongwritersFromNewYork,http://dbpedia.org/resource/Arthur_Jenkins_(musician),Arthur Jenkins,77,39,0.9887410112228444,0.0113858743995731,"1976: Encourage the People (Wolf) with Arthur Jenkins, Richard Tee, Ralph MacDonald, Hugh McCracken",0,15,== Discography == | === As leader ===
http://dbpedia.org/class/yago/WikicatPokerHands,http://dbpedia.org/resource/Glossary_of_poker_terms,ITM,657,28,0.6017923788128934,0.66170221413534,"1979: Take the Heat off Me (ITM) with Lew Soloff, Dom Salvador, Peter Solomon, David Eubanks, Sal Cuevas, Cornell Dupree",0,16,== Discography == | === As leader ===
http://dbpedia.org/class/yago/Wordbook106418693,http://dbpedia.org/resource/Glossary_of_poker_terms,ITM,657,28,0.6017923788128934,0.66170221413534,"1979: Take the Heat off Me (ITM) with Lew Soloff, Dom Salvador, Peter Solomon, David Eubanks, Sal Cuevas, Cornell Dupree",0,16,== Discography == | === As leader ===
http://dbpedia.org/class/yago/Work104599396,http://dbpedia.org/resource/Glossary_of_poker_terms,ITM,657,28,0.6017923788128934,0.66170221413534,"1979: Take the Heat off Me (ITM) with Lew Soloff, Dom Salvador, Peter Solomon, David Eubanks, Sal Cuevas, Cornell Dupree",0,16,== Discography == | === As leader ===
http://dbpedia.org/class/yago/Abstraction100002137,http://dbpedia.org/resource/Glossary_of_poker_terms,ITM,657,28,0.6017923788128934,0.66170221413534,"1979: Take the Heat off Me (ITM) with Lew Soloff, Dom Salvador, Peter Solomon, David Eubanks, Sal Cuevas, Cornell Dupree",0,16,== Discography == | === As leader ===
http://dbpedia.org/class/yago/Artifact100021939,http://dbpedia.org/resource/Glossary_of_poker_terms,ITM,657,28,0.6017923788128934,0.66170221413534,"1979: Take the Heat off Me (ITM) with Lew Soloff, Dom Salvador, Peter Solomon, David Eubanks, Sal Cuevas, Cornell Dupree",0,16,== Discography == | === As leader ===
http://dbpedia.org/class/yago/Book106410904,http://dbpedia.org/resource/Glossary_of_poker_terms,ITM,657,28,0.6017923788128934,0.66170221413534,"1979: Take the Heat off Me (ITM) with Lew Soloff, Dom Salvador, Peter Solomon, David Eubanks, Sal Cuevas, Cornell Dupree",0,16,== Discography == | === As leader ===
http://dbpedia.org/class/yago/Collection107951464,http://dbpedia.org/resource/Glossary_of_poker_terms,ITM,657,28,0.6017923788128934,0.66170221413534,"1979: Take the Heat off Me (ITM) with Lew Soloff, Dom Salvador, Peter Solomon, David Eubanks, Sal Cuevas, Cornell Dupree",0,16,== Discography == | === As leader ===
http://dbpedia.org/class/yago/Creation103129123,http://dbpedia.org/resource/Glossary_of_poker_terms,ITM,657,28,0.6017923788128934,0.66170221413534,"1979: Take the Heat off Me (ITM) with Lew Soloff, Dom Salvador, Peter Solomon, David Eubanks, Sal Cuevas, Cornell Dupree",0,16,== Discography == | === As leader ===
http://dbpedia.org/class/yago/Glossary106420781,http://dbpedia.org/resource/Glossary_of_poker_terms,ITM,657,28,0.6017923788128934,0.66170221413534,"1979: Take the Heat off Me (ITM) with Lew Soloff, Dom Salvador, Peter Solomon, David Eubanks, Sal Cuevas, Cornell Dupree",0,16,== Discography == | === As leader ===
http://dbpedia.org/class/yago/Group100031264,http://dbpedia.org/resource/Glossary_of_poker_terms,ITM,657,28,0.6017923788128934,0.66170221413534,"1979: Take the Heat off Me (ITM) with Lew Soloff, Dom Salvador, Peter Solomon, David Eubanks, Sal Cuevas, Cornell Dupree",0,16,== Discography == | === As leader ===
http://dbpedia.org/class/yago/Hand107956887,http://dbpedia.org/resource/Glossary_of_poker_terms,ITM,657,28,0.6017923788128934,0.66170221413534,"1979: Take the Heat off Me (ITM) with Lew Soloff, Dom Salvador, Peter Solomon, David Eubanks, Sal Cuevas, Cornell Dupree",0,16,== Discography == | === As leader ===
http://dbpedia.org/class/yago/Object100002684,http://dbpedia.org/resource/Glossary_of_poker_terms,ITM,657,28,0.6017923788128934,0.66170221413534,"1979: Take the Heat off Me (ITM) with Lew Soloff, Dom Salvador, Peter Solomon, David Eubanks, Sal Cuevas, Cornell Dupree",0,16,== Discography == | === As leader ===
http://dbpedia.org/class/yago/PhysicalEntity100001930,http://dbpedia.org/resource/Glossary_of_poker_terms,ITM,657,28,0.6017923788128934,0.66170221413534,"1979: Take the Heat off Me (ITM) with Lew Soloff, Dom Salvador, Peter Solomon, David Eubanks, Sal Cuevas, Cornell Dupree",0,16,== Discography == | === As leader ===
http://dbpedia.org/class/yago/PokerHand107957655,http://dbpedia.org/resource/Glossary_of_poker_terms,ITM,657,28,0.6017923788128934,0.66170221413534,"1979: Take the Heat off Me (ITM) with Lew Soloff, Dom Salvador, Peter Solomon, David Eubanks, Sal Cuevas, Cornell Dupree",0,16,== Discography == | === As leader ===
http://dbpedia.org/class/yago/Product104007894,http://dbpedia.org/resource/Glossary_of_poker_terms,ITM,657,28,0.6017923788128934,0.66170221413534,"1979: Take the Heat off Me (ITM) with Lew Soloff, Dom Salvador, Peter Solomon, David Eubanks, Sal Cuevas, Cornell Dupree",0,16,== Discography == | === As leader ===
http://dbpedia.org/class/yago/Publication106589574,http://dbpedia.org/resource/Glossary_of_poker_terms,ITM,657,28,0.6017923788128934,0.66170221413534,"1979: Take the Heat off Me (ITM) with Lew Soloff, Dom Salvador, Peter Solomon, David Eubanks, Sal Cuevas, Cornell Dupree",0,16,== Discography == | === As leader ===
http://dbpedia.org/class/yago/ReferenceBook106417598,http://dbpedia.org/resource/Glossary_of_poker_terms,ITM,657,28,0.6017923788128934,0.66170221413534,"1979: Take the Heat off Me (ITM) with Lew Soloff, Dom Salvador, Peter Solomon, David Eubanks, Sal Cuevas, Cornell Dupree",0,16,== Discography == | === As leader ===
http://dbpedia.org/class/yago/Whole100003553,http://dbpedia.org/resource/Glossary_of_poker_terms,ITM,657,28,0.6017923788128934,0.66170221413534,"1979: Take the Heat off Me (ITM) with Lew Soloff, Dom Salvador, Peter Solomon, David Eubanks, Sal Cuevas, Cornell Dupree",0,16,== Discography == | === As leader ===
http://dbpedia.org/class/yago/WikicatGlossaries,http://dbpedia.org/resource/Glossary_of_poker_terms,ITM,657,28,0.6017923788128934,0.66170221413534,"1979: Take the Heat off Me (ITM) with Lew Soloff, Dom Salvador, Peter Solomon, David Eubanks, Sal Cuevas, Cornell Dupree",0,16,== Discography == | === As leader ===
http://dbpedia.org/class/yago/WikicatGlossariesOfCardGames,http://dbpedia.org/resource/Glossary_of_poker_terms,ITM,657,28,0.6017923788128934,0.66170221413534,"1979: Take the Heat off Me (ITM) with Lew Soloff, Dom Salvador, Peter Solomon, David Eubanks, Sal Cuevas, Cornell Dupree",0,16,== Discography == | === As leader ===
http://dbpedia.org/class/yago/WikicatGlossariesOfSports,http://dbpedia.org/resource/Glossary_of_poker_terms,ITM,657,28,0.6017923788128934,0.66170221413534,"1979: Take the Heat off Me (ITM) with Lew Soloff, Dom Salvador, Peter Solomon, David Eubanks, Sal Cuevas, Cornell Dupree",0,16,== Discography == | === As leader ===
http://www.w3.org/2002/07/owl#Thing,http://dbpedia.org/resource/Dom_Salvador,Dom Salvador,21,50,0.9999999999988064,0.0,"1979: Take the Heat off Me (ITM) with Lew Soloff, Dom Salvador, Peter Solomon, David Eubanks, Sal Cuevas, Cornell Dupree",0,16,== Discography == | === As leader ===
http://dbpedia.org/ontology/Person,http://dbpedia.org/resource/Dom_Salvador,Dom Salvador,21,50,0.9999999999988064,0.0,"1979: Take the Heat off Me (ITM) with Lew Soloff, Dom Salvador, Peter Solomon, David Eubanks, Sal Cuevas, Cornell Dupree",0,16,== Discography == | === As leader ===
http://dbpedia.org/class/yago/WikicatBrazilianJazzPianists,http://dbpedia.org/resource/Dom_Salvador,Dom Salvador,21,50,0.9999999999988064,0.0,"1979: Take the Heat off Me (ITM) with Lew Soloff, Dom Salvador, Peter Solomon, David Eubanks, Sal Cuevas, Cornell Dupree",0,16,== Discography == | === As leader ===
http://dbpedia.org/class/yago/YagoLegalActor,http://dbpedia.org/resource/Dom_Salvador,Dom Salvador,21,50,0.9999999999988064,0.0,"1979: Take the Heat off Me (ITM) with Lew Soloff, Dom Salvador, Peter Solomon, David Eubanks, Sal Cuevas, Cornell Dupree",0,16,== Discography == | === As leader ===
http://dbpedia.org/class/yago/YagoLegalActorGeo,http://dbpedia.org/resource/Dom_Salvador,Dom Salvador,21,50,0.9999999999988064,0.0,"1979: Take the Heat off Me (ITM) with Lew Soloff, Dom Salvador, Peter Solomon, David Eubanks, Sal Cuevas, Cornell Dupree",0,16,== Discography == | === As leader ===
http://dbpedia.org/class/yago/WikicatLivingPeople,http://dbpedia.org/resource/Dom_Salvador,Dom Salvador,21,50,0.9999999999988064,0.0,"1979: Take the Heat off Me (ITM) with Lew Soloff, Dom Salvador, Peter Solomon, David Eubanks, Sal Cuevas, Cornell Dupree",0,16,== Discography == | === As leader ===
http://dbpedia.org/class/yago/WikicatMuseRecordsArtists,http://dbpedia.org/resource/Dom_Salvador,Dom Salvador,21,50,0.9999999999988064,0.0,"1979: Take the Heat off Me (ITM) with Lew Soloff, Dom Salvador, Peter Solomon, David Eubanks, Sal Cuevas, Cornell Dupree",0,16,== Discography == | === As leader ===
http://dbpedia.org/class/yago/WikicatMúsicaPopularBrasileiraPianists,http://dbpedia.org/resource/Dom_Salvador,Dom Salvador,21,50,0.9999999999988064,0.0,"1979: Take the Heat off Me (ITM) with Lew Soloff, Dom Salvador, Peter Solomon, David Eubanks, Sal Cuevas, Cornell Dupree",0,16,== Discography == | === As leader ===
http://dbpedia.org/class/yago/Artist109812338,http://dbpedia.org/resource/Dom_Salvador,Dom Salvador,21,50,0.9999999999988064,0.0,"1979: Take the Heat off Me (ITM) with Lew Soloff, Dom Salvador, Peter Solomon, David Eubanks, Sal Cuevas, Cornell Dupree",0,16,== Discography == | === As leader ===
http://dbpedia.org/class/yago/CausalAgent100007347,http://dbpedia.org/resource/Dom_Salvador,Dom Salvador,21,50,0.9999999999988064,0.0,"1979: Take the Heat off Me (ITM) with Lew Soloff, Dom Salvador, Peter Solomon, David Eubanks, Sal Cuevas, Cornell Dupree",0,16,== Discography == | === As leader ===
http://dbpedia.org/class/yago/Creator109614315,http://dbpedia.org/resource/Dom_Salvador,Dom Salvador,21,50,0.9999999999988064,0.0,"1979: Take the Heat off Me (ITM) with Lew Soloff, Dom Salvador, Peter Solomon, David Eubanks, Sal Cuevas, Cornell Dupree",0,16,== Discography == | === As leader ===
http://dbpedia.org/class/yago/Entertainer109616922,http://dbpedia.org/resource/Dom_Salvador,Dom Salvador,21,50,0.9999999999988064,0.0,"1979: Take the Heat off Me (ITM) with Lew Soloff, Dom Salvador, Peter Solomon, David Eubanks, Sal Cuevas, Cornell Dupree",0,16,== Discography == | === As leader ===
http://dbpedia.org/class/yago/LivingThing100004258,http://dbpedia.org/resource/Dom_Salvador,Dom Salvador,21,50,0.9999999999988064,0.0,"1979: Take the Heat off Me (ITM) with Lew Soloff, Dom Salvador, Peter Solomon, David Eubanks, Sal Cuevas, Cornell Dupree",0,16,== Discography == | === As leader ===
http://dbpedia.org/class/yago/Musician110339966,http://dbpedia.org/resource/Dom_Salvador,Dom Salvador,21,50,0.9999999999988064,0.0,"1979: Take the Heat off Me (ITM) with Lew Soloff, Dom Salvador, Peter Solomon, David Eubanks, Sal Cuevas, Cornell Dupree",0,16,== Discography == | === As leader ===
http://dbpedia.org/class/yago/Musician110340312,http://dbpedia.org/resource/Dom_Salvador,Dom Salvador,21,50,0.9999999999988064,0.0,"1979: Take the Heat off Me (ITM) with Lew Soloff, Dom Salvador, Peter Solomon, David Eubanks, Sal Cuevas, Cornell Dupree",0,16,== Discography == | === As leader ===
http://dbpedia.org/class/yago/Object100002684,http://dbpedia.org/resource/Dom_Salvador,Dom Salvador,21,50,0.9999999999988064,0.0,"1979: Take the Heat off Me (ITM) with Lew Soloff, Dom Salvador, Peter Solomon, David Eubanks, Sal Cuevas, Cornell Dupree",0,16,== Discography == | === As leader ===
http://dbpedia.org/class/yago/Organism100004475,http://dbpedia.org/resource/Dom_Salvador,Dom Salvador,21,50,0.9999999999988064,0.0,"1979: Take the Heat off Me (ITM) with Lew Soloff, Dom Salvador, Peter Solomon, David Eubanks, Sal Cuevas, Cornell Dupree",0,16,== Discography == | === As leader ===
http://dbpedia.org/class/yago/Performer110415638,http://dbpedia.org/resource/Dom_Salvador,Dom Salvador,21,50,0.9999999999988064,0.0,"1979: Take the Heat off Me (ITM) with Lew Soloff, Dom Salvador, Peter Solomon, David Eubanks, Sal Cuevas, Cornell Dupree",0,16,== Discography == | === As leader ===
http://dbpedia.org/class/yago/Person100007846,http://dbpedia.org/resource/Dom_Salvador,Dom Salvador,21,50,0.9999999999988064,0.0,"1979: Take the Heat off Me (ITM) with Lew Soloff, Dom Salvador, Peter Solomon, David Eubanks, Sal Cuevas, Cornell Dupree",0,16,== Discography == | === As leader ===
http://dbpedia.org/class/yago/PhysicalEntity100001930,http://dbpedia.org/resource/Dom_Salvador,Dom Salvador,21,50,0.9999999999988064,0.0,"1979: Take the Heat off Me (ITM) with Lew Soloff, Dom Salvador, Peter Solomon, David Eubanks, Sal Cuevas, Cornell Dupree",0,16,== Discography == | === As leader ===
http://dbpedia.org/class/yago/Pianist110430665,http://dbpedia.org/resource/Dom_Salvador,Dom Salvador,21,50,0.9999999999988064,0.0,"1979: Take the Heat off Me (ITM) with Lew Soloff, Dom Salvador, Peter Solomon, David Eubanks, Sal Cuevas, Cornell Dupree",0,16,== Discography == | === As leader ===
http://dbpedia.org/class/yago/Whole100003553,http://dbpedia.org/resource/Dom_Salvador,Dom Salvador,21,50,0.9999999999988064,0.0,"1979: Take the Heat off Me (ITM) with Lew Soloff, Dom Salvador, Peter Solomon, David Eubanks, Sal Cuevas, Cornell Dupree",0,16,== Discography == | === As leader ===
http://dbpedia.org/class/yago/WikicatAmericanGuitarists,http://dbpedia.org/resource/Sal_Cuevas,Sal Cuevas,15,94,0.9999999999999432,0.0,"1979: Take the Heat off Me (ITM) with Lew Soloff, Dom Salvador, Peter Solomon, David Eubanks, Sal Cuevas, Cornell Dupree",0,16,== Discography == | === As leader ===
http://dbpedia.org/class/yago/WikicatAmericanPeopleOfPuertoRicanDescent,http://dbpedia.org/resource/Sal_Cuevas,Sal Cuevas,15,94,0.9999999999999432,0.0,"1979: Take the Heat off Me (ITM) with Lew Soloff, Dom Salvador, Peter Solomon, David Eubanks, Sal Cuevas, Cornell Dupree",0,16,== Discography == | === As leader ===
http://dbpedia.org/class/yago/WikicatPeopleFromManhattan,http://dbpedia.org/resource/Sal_Cuevas,Sal Cuevas,15,94,0.9999999999999432,0.0,"1979: Take the Heat off Me (ITM) with Lew Soloff, Dom Salvador, Peter Solomon, David Eubanks, Sal Cuevas, Cornell Dupree",0,16,== Discography == | === As leader ===
http://dbpedia.org/class/yago/YagoLegalActor,http://dbpedia.org/resource/Sal_Cuevas,Sal Cuevas,15,94,0.9999999999999432,0.0,"1979: Take the Heat off Me (ITM) with Lew Soloff, Dom Salvador, Peter Solomon, David Eubanks, Sal Cuevas, Cornell Dupree",0,16,== Discography == | === As leader ===
http://dbpedia.org/class/yago/YagoLegalActorGeo,http://dbpedia.org/resource/Sal_Cuevas,Sal Cuevas,15,94,0.9999999999999432,0.0,"1979: Take the Heat off Me (ITM) with Lew Soloff, Dom Salvador, Peter Solomon, David Eubanks, Sal Cuevas, Cornell Dupree",0,16,== Discography == | === As leader ===
http://dbpedia.org/class/yago/WikicatLivingPeople,http://dbpedia.org/resource/Sal_Cuevas,Sal Cuevas,15,94,0.9999999999999432,0.0,"1979: Take the Heat off Me (ITM) with Lew Soloff, Dom Salvador, Peter Solomon, David Eubanks, Sal Cuevas, Cornell Dupree",0,16,== Discography == | === As leader ===
http://dbpedia.org/class/yago/Artist109812338,http://dbpedia.org/resource/Sal_Cuevas,Sal Cuevas,15,94,0.9999999999999432,0.0,"1979: Take the Heat off Me (ITM) with Lew Soloff, Dom Salvador, Peter Solomon, David Eubanks, Sal Cuevas, Cornell Dupree",0,16,== Discography == | === As leader ===
http://dbpedia.org/class/yago/CausalAgent100007347,http://dbpedia.org/resource/Sal_Cuevas,Sal Cuevas,15,94,0.9999999999999432,0.0,"1979: Take the Heat off Me (ITM) with Lew Soloff, Dom Salvador, Peter Solomon, David Eubanks, Sal Cuevas, Cornell Dupree",0,16,== Discography == | === As leader ===
http://dbpedia.org/class/yago/Creator109614315,http://dbpedia.org/resource/Sal_Cuevas,Sal Cuevas,15,94,0.9999999999999432,0.0,"1979: Take the Heat off Me (ITM) with Lew Soloff, Dom Salvador, Peter Solomon, David Eubanks, Sal Cuevas, Cornell Dupree",0,16,== Discography == | === As leader ===
http://dbpedia.org/class/yago/Entertainer109616922,http://dbpedia.org/resource/Sal_Cuevas,Sal Cuevas,15,94,0.9999999999999432,0.0,"1979: Take the Heat off Me (ITM) with Lew Soloff, Dom Salvador, Peter Solomon, David Eubanks, Sal Cuevas, Cornell Dupree",0,16,== Discography == | === As leader ===
http://dbpedia.org/class/yago/Guitarist110151760,http://dbpedia.org/resource/Sal_Cuevas,Sal Cuevas,15,94,0.9999999999999432,0.0,"1979: Take the Heat off Me (ITM) with Lew Soloff, Dom Salvador, Peter Solomon, David Eubanks, Sal Cuevas, Cornell Dupree",0,16,== Discography == | === As leader ===
http://dbpedia.org/class/yago/LivingThing100004258,http://dbpedia.org/resource/Sal_Cuevas,Sal Cuevas,15,94,0.9999999999999432,0.0,"1979: Take the Heat off Me (ITM) with Lew Soloff, Dom Salvador, Peter Solomon, David Eubanks, Sal Cuevas, Cornell Dupree",0,16,== Discography == | === As leader ===
http://dbpedia.org/class/yago/Musician110339966,http://dbpedia.org/resource/Sal_Cuevas,Sal Cuevas,15,94,0.9999999999999432,0.0,"1979: Take the Heat off Me (ITM) with Lew Soloff, Dom Salvador, Peter Solomon, David Eubanks, Sal Cuevas, Cornell Dupree",0,16,== Discography == | === As leader ===
http://dbpedia.org/class/yago/Musician110340312,http://dbpedia.org/resource/Sal_Cuevas,Sal Cuevas,15,94,0.9999999999999432,0.0,"1979: Take the Heat off Me (ITM) with Lew Soloff, Dom Salvador, Peter Solomon, David Eubanks, Sal Cuevas, Cornell Dupree",0,16,== Discography == | === As leader ===
http://dbpedia.org/class/yago/Object100002684,http://dbpedia.org/resource/Sal_Cuevas,Sal Cuevas,15,94,0.9999999999999432,0.0,"1979: Take the Heat off Me (ITM) with Lew Soloff, Dom Salvador, Peter Solomon, David Eubanks, Sal Cuevas, Cornell Dupree",0,16,== Discography == | === As leader ===
http://dbpedia.org/class/yago/Organism100004475,http://dbpedia.org/resource/Sal_Cuevas,Sal Cuevas,15,94,0.9999999999999432,0.0,"1979: Take the Heat off Me (ITM) with Lew Soloff, Dom Salvador, Peter Solomon, David Eubanks, Sal Cuevas, Cornell Dupree",0,16,== Discography == | === As leader ===
http://dbpedia.org/class/yago/Performer110415638,http://dbpedia.org/resource/Sal_Cuevas,Sal Cuevas,15,94,0.9999999999999432,0.0,"1979: Take the Heat off Me (ITM) with Lew Soloff, Dom Salvador, Peter Solomon, David Eubanks, Sal Cuevas, Cornell Dupree",0,16,== Discography == | === As leader ===
http://dbpedia.org/class/yago/Person100007846,http://dbpedia.org/resource/Sal_Cuevas,Sal Cuevas,15,94,0.9999999999999432,0.0,"1979: Take the Heat off Me (ITM) with Lew Soloff, Dom Salvador, Peter Solomon, David Eubanks, Sal Cuevas, Cornell Dupree",0,16,== Discography == | === As leader ===
http://dbpedia.org/class/yago/PhysicalEntity100001930,http://dbpedia.org/resource/Sal_Cuevas,Sal Cuevas,15,94,0.9999999999999432,0.0,"1979: Take the Heat off Me (ITM) with Lew Soloff, Dom Salvador, Peter Solomon, David Eubanks, Sal Cuevas, Cornell Dupree",0,16,== Discography == | === As leader ===
http://dbpedia.org/class/yago/Whole100003553,http://dbpedia.org/resource/Sal_Cuevas,Sal Cuevas,15,94,0.9999999999999432,0.0,"1979: Take the Heat off Me (ITM) with Lew Soloff, Dom Salvador, Peter Solomon, David Eubanks, Sal Cuevas, Cornell Dupree",0,16,== Discography == | === As leader ===
http://www.w3.org/2002/07/owl#Thing,http://dbpedia.org/resource/Ronnie_Burrage,Ronnie Burrage,51,24,1.0,0.0,Ghost Stories featuring Ronnie Burrage (ITM),1,18,== Discography == | === As leader ===
http://dbpedia.org/class/yago/WikicatAmericanJazzDrummers,http://dbpedia.org/resource/Ronnie_Burrage,Ronnie Burrage,51,24,1.0,0.0,Ghost Stories featuring Ronnie Burrage (ITM),1,18,== Discography == | === As leader ===
http://dbpedia.org/class/yago/WikicatAmericanMusicians,http://dbpedia.org/resource/Ronnie_Burrage,Ronnie Burrage,51,24,1.0,0.0,Ghost Stories featuring Ronnie Burrage (ITM),1,18,== Discography == | === As leader ===
http://dbpedia.org/class/yago/WikicatJazzDrummers,http://dbpedia.org/resource/Ronnie_Burrage,Ronnie Burrage,51,24,1.0,0.0,Ghost Stories featuring Ronnie Burrage (ITM),1,18,== Discography == | === As leader ===
http://dbpedia.org/class/yago/WikicatJazzFusionMusicians,http://dbpedia.org/resource/Ronnie_Burrage,Ronnie Burrage,51,24,1.0,0.0,Ghost Stories featuring Ronnie Burrage (ITM),1,18,== Discography == | === As leader ===
http://dbpedia.org/ontology/MusicalArtist,http://dbpedia.org/resource/Ronnie_Burrage,Ronnie Burrage,51,24,1.0,0.0,Ghost Stories featuring Ronnie Burrage (ITM),1,18,== Discography == | === As leader ===
http://dbpedia.org/class/yago/YagoLegalActor,http://dbpedia.org/resource/Ronnie_Burrage,Ronnie Burrage,51,24,1.0,0.0,Ghost Stories featuring Ronnie Burrage (ITM),1,18,== Discography == | === As leader ===
http://dbpedia.org/class/yago/YagoLegalActorGeo,http://dbpedia.org/resource/Ronnie_Burrage,Ronnie Burrage,51,24,1.0,0.0,Ghost Stories featuring Ronnie Burrage (ITM),1,18,== Discography == | === As leader ===
http://dbpedia.org/class/yago/WikicatLivingPeople,http://dbpedia.org/resource/Ronnie_Burrage,Ronnie Burrage,51,24,1.0,0.0,Ghost Stories featuring Ronnie Burrage (ITM),1,18,== Discography == | === As leader ===
http://dbpedia.org/class/yago/Artist109812338,http://dbpedia.org/resource/Ronnie_Burrage,Ronnie Burrage,51,24,1.0,0.0,Ghost Stories featuring Ronnie Burrage (ITM),1,18,== Discography == | === As leader ===
http://dbpedia.org/class/yago/CausalAgent100007347,http://dbpedia.org/resource/Ronnie_Burrage,Ronnie Burrage,51,24,1.0,0.0,Ghost Stories featuring Ronnie Burrage (ITM),1,18,== Discography == | === As leader ===
http://dbpedia.org/class/yago/Creator109614315,http://dbpedia.org/resource/Ronnie_Burrage,Ronnie Burrage,51,24,1.0,0.0,Ghost Stories featuring Ronnie Burrage (ITM),1,18,== Discography == | === As leader ===
http://dbpedia.org/class/yago/Drummer110036929,http://dbpedia.org/resource/Ronnie_Burrage,Ronnie Burrage,51,24,1.0,0.0,Ghost Stories featuring Ronnie Burrage (ITM),1,18,== Discography == | === As leader ===
http://dbpedia.org/class/yago/Entertainer109616922,http://dbpedia.org/resource/Ronnie_Burrage,Ronnie Burrage,51,24,1.0,0.0,Ghost Stories featuring Ronnie Burrage (ITM),1,18,== Discography == | === As leader ===
http://dbpedia.org/class/yago/LivingThing100004258,http://dbpedia.org/resource/Ronnie_Burrage,Ronnie Burrage,51,24,1.0,0.0,Ghost Stories featuring Ronnie Burrage (ITM),1,18,== Discography == | === As leader ===
http://dbpedia.org/class/yago/Musician110339966,http://dbpedia.org/resource/Ronnie_Burrage,Ronnie Burrage,51,24,1.0,0.0,Ghost Stories featuring Ronnie Burrage (ITM),1,18,== Discography == | === As leader ===
http://dbpedia.org/class/yago/Musician110340312,http://dbpedia.org/resource/Ronnie_Burrage,Ronnie Burrage,51,24,1.0,0.0,Ghost Stories featuring Ronnie Burrage (ITM),1,18,== Discography == | === As leader ===
http://dbpedia.org/class/yago/Object100002684,http://dbpedia.org/resource/Ronnie_Burrage,Ronnie Burrage,51,24,1.0,0.0,Ghost Stories featuring Ronnie Burrage (ITM),1,18,== Discography == | === As leader ===
http://dbpedia.org/class/yago/Organism100004475,http://dbpedia.org/resource/Ronnie_Burrage,Ronnie Burrage,51,24,1.0,0.0,Ghost Stories featuring Ronnie Burrage (ITM),1,18,== Discography == | === As leader ===
http://dbpedia.org/class/yago/Percussionist110415037,http://dbpedia.org/resource/Ronnie_Burrage,Ronnie Burrage,51,24,1.0,0.0,Ghost Stories featuring Ronnie Burrage (ITM),1,18,== Discography == | === As leader ===
http://dbpedia.org/class/yago/Performer110415638,http://dbpedia.org/resource/Ronnie_Burrage,Ronnie Burrage,51,24,1.0,0.0,Ghost Stories featuring Ronnie Burrage (ITM),1,18,== Discography == | === As leader ===
http://dbpedia.org/class/yago/Person100007846,http://dbpedia.org/resource/Ronnie_Burrage,Ronnie Burrage,51,24,1.0,0.0,Ghost Stories featuring Ronnie Burrage (ITM),1,18,== Discography == | === As leader ===
http://dbpedia.org/class/yago/PhysicalEntity100001930,http://dbpedia.org/resource/Ronnie_Burrage,Ronnie Burrage,51,24,1.0,0.0,Ghost Stories featuring Ronnie Burrage (ITM),1,18,== Discography == | === As leader ===
http://dbpedia.org/class/yago/Whole100003553,http://dbpedia.org/resource/Ronnie_Burrage,Ronnie Burrage,51,24,1.0,0.0,Ghost Stories featuring Ronnie Burrage (ITM),1,18,== Discography == | === As leader ===
http://www.w3.org/2002/07/owl#Thing,http://dbpedia.org/resource/Spiral,Spiral,847,0,0.996265615988242,0.0035635384242978,Spiral (1975)With Jazz Composer's Orchestra,0,26,== Discography == | === As sideman ===
http://dbpedia.org/ontology/Album,http://dbpedia.org/resource/Spiral,Spiral,847,0,0.996265615988242,0.0035635384242978,Spiral (1975)With Jazz Composer's Orchestra,0,26,== Discography == | === As sideman ===
http://dbpedia.org/class/yago/WikicatMilitaryRanksOfIndia,http://dbpedia.org/resource/Junior_commissioned_officer,JCO,168,15,0.9999961694653656,3.597163218705909e-06,"Communication (JCO, 1965)With Sam Rivers",0,27,== Discography == | === As sideman ===
http://dbpedia.org/class/yago/WikicatMilitaryRanksOfPakistan,http://dbpedia.org/resource/Junior_commissioned_officer,JCO,168,15,0.9999961694653656,3.597163218705909e-06,"Communication (JCO, 1965)With Sam Rivers",0,27,== Discography == | === As sideman ===
http://dbpedia.org/class/yago/Abstraction100002137,http://dbpedia.org/resource/Junior_commissioned_officer,JCO,168,15,0.9999961694653656,3.597163218705909e-06,"Communication (JCO, 1965)With Sam Rivers",0,27,== Discography == | === As sideman ===
http://dbpedia.org/class/yago/Attribute100024264,http://dbpedia.org/resource/Junior_commissioned_officer,JCO,168,15,0.9999961694653656,3.597163218705909e-06,"Communication (JCO, 1965)With Sam Rivers",0,27,== Discography == | === As sideman ===
http://dbpedia.org/class/yago/MilitaryRank114431471,http://dbpedia.org/resource/Junior_commissioned_officer,JCO,168,15,0.9999961694653656,3.597163218705909e-06,"Communication (JCO, 1965)With Sam Rivers",0,27,== Discography == | === As sideman ===
http://dbpedia.org/class/yago/Rank114429985,http://dbpedia.org/resource/Junior_commissioned_officer,JCO,168,15,0.9999961694653656,3.597163218705909e-06,"Communication (JCO, 1965)With Sam Rivers",0,27,== Discography == | === As sideman ===
http://dbpedia.org/class/yago/State100024720,http://dbpedia.org/resource/Junior_commissioned_officer,JCO,168,15,0.9999961694653656,3.597163218705909e-06,"Communication (JCO, 1965)With Sam Rivers",0,27,== Discography == | === As sideman ===
http://dbpedia.org/class/yago/Status113945919,http://dbpedia.org/resource/Junior_commissioned_officer,JCO,168,15,0.9999961694653656,3.597163218705909e-06,"Communication (JCO, 1965)With Sam Rivers",0,27,== Discography == | === As sideman ===
http://www.w3.org/2002/07/owl#Thing,http://dbpedia.org/resource/Cuanza_River,Kwanza,115,0,0.8730710932403302,0.1453816443780312,"Kwanza (Impulse!, 1974)With Alan Silva",0,31,== Discography == | === As sideman ===
http://dbpedia.org/ontology/River,http://dbpedia.org/resource/Cuanza_River,Kwanza,115,0,0.8730710932403302,0.1453816443780312,"Kwanza (Impulse!, 1974)With Alan Silva",0,31,== Discography == | === As sideman ===
http://www.w3.org/2003/01/geo/wgs84_pos#SpatialThing,http://dbpedia.org/resource/Cuanza_River,Kwanza,115,0,0.8730710932403302,0.1453816443780312,"Kwanza (Impulse!, 1974)With Alan Silva",0,31,== Discography == | === As sideman ===
http://dbpedia.org/class/yago/WikicatDrainageBasinsOfTheAtlanticOcean,http://dbpedia.org/resource/Cuanza_River,Kwanza,115,0,0.8730710932403302,0.1453816443780312,"Kwanza (Impulse!, 1974)With Alan Silva",0,31,== Discography == | === As sideman ===
http://dbpedia.org/class/yago/YagoGeoEntity,http://dbpedia.org/resource/Cuanza_River,Kwanza,115,0,0.8730710932403302,0.1453816443780312,"Kwanza (Impulse!, 1974)With Alan Silva",0,31,== Discography == | === As sideman ===
http://dbpedia.org/class/yago/YagoLegalActorGeo,http://dbpedia.org/resource/Cuanza_River,Kwanza,115,0,0.8730710932403302,0.1453816443780312,"Kwanza (Impulse!, 1974)With Alan Silva",0,31,== Discography == | === As sideman ===
http://dbpedia.org/class/yago/YagoPermanentlyLocatedEntity,http://dbpedia.org/resource/Cuanza_River,Kwanza,115,0,0.8730710932403302,0.1453816443780312,"Kwanza (Impulse!, 1974)With Alan Silva",0,31,== Discography == | === As sideman ===
http://dbpedia.org/class/yago/WikicatRiversOfAngola,http://dbpedia.org/resource/Cuanza_River,Kwanza,115,0,0.8730710932403302,0.1453816443780312,"Kwanza (Impulse!, 1974)With Alan Silva",0,31,== Discography == | === As sideman ===
http://dbpedia.org/class/yago/BodyOfWater109225146,http://dbpedia.org/resource/Cuanza_River,Kwanza,115,0,0.8730710932403302,0.1453816443780312,"Kwanza (Impulse!, 1974)With Alan Silva",0,31,== Discography == | === As sideman ===
http://dbpedia.org/class/yago/GeographicalArea108574314,http://dbpedia.org/resource/Cuanza_River,Kwanza,115,0,0.8730710932403302,0.1453816443780312,"Kwanza (Impulse!, 1974)With Alan Silva",0,31,== Discography == | === As sideman ===
http://dbpedia.org/class/yago/Location100027167,http://dbpedia.org/resource/Cuanza_River,Kwanza,115,0,0.8730710932403302,0.1453816443780312,"Kwanza (Impulse!, 1974)With Alan Silva",0,31,== Discography == | === As sideman ===
http://dbpedia.org/class/yago/Object100002684,http://dbpedia.org/resource/Cuanza_River,Kwanza,115,0,0.8730710932403302,0.1453816443780312,"Kwanza (Impulse!, 1974)With Alan Silva",0,31,== Discography == | === As sideman ===
http://dbpedia.org/class/yago/PhysicalEntity100001930,http://dbpedia.org/resource/Cuanza_River,Kwanza,115,0,0.8730710932403302,0.1453816443780312,"Kwanza (Impulse!, 1974)With Alan Silva",0,31,== Discography == | === As sideman ===
http://dbpedia.org/class/yago/Region108630985,http://dbpedia.org/resource/Cuanza_River,Kwanza,115,0,0.8730710932403302,0.1453816443780312,"Kwanza (Impulse!, 1974)With Alan Silva",0,31,== Discography == | === As sideman ===
http://dbpedia.org/class/yago/River109411430,http://dbpedia.org/resource/Cuanza_River,Kwanza,115,0,0.8730710932403302,0.1453816443780312,"Kwanza (Impulse!, 1974)With Alan Silva",0,31,== Discography == | === As sideman ===
http://dbpedia.org/class/yago/RiverBasin108518940,http://dbpedia.org/resource/Cuanza_River,Kwanza,115,0,0.8730710932403302,0.1453816443780312,"Kwanza (Impulse!, 1974)With Alan Silva",0,31,== Discography == | === As sideman ===
http://dbpedia.org/class/yago/Stream109448361,http://dbpedia.org/resource/Cuanza_River,Kwanza,115,0,0.8730710932403302,0.1453816443780312,"Kwanza (Impulse!, 1974)With Alan Silva",0,31,== Discography == | === As sideman ===
http://dbpedia.org/class/yago/Thing100002452,http://dbpedia.org/resource/Cuanza_River,Kwanza,115,0,0.8730710932403302,0.1453816443780312,"Kwanza (Impulse!, 1974)With Alan Silva",0,31,== Discography == | === As sideman ===
http://dbpedia.org/class/yago/WikicatAustralianPoems,http://dbpedia.org/resource/My_Country,My Country,46,0,0.9847297542645236,0.0128220748943856,"My Country (Leo, 1989)With",0,33,== Discography == | === As sideman ===
http://dbpedia.org/ontology/Poem,http://dbpedia.org/resource/My_Country,My Country,46,0,0.9847297542645236,0.0128220748943856,"My Country (Leo, 1989)With",0,33,== Discography == | === As sideman ===
http://dbpedia.org/class/yago/Writing106362953,http://dbpedia.org/resource/My_Country,My Country,46,0,0.9847297542645236,0.0128220748943856,"My Country (Leo, 1989)With",0,33,== Discography == | === As sideman ===
http://dbpedia.org/class/yago/WrittenCommunication106349220,http://dbpedia.org/resource/My_Country,My Country,46,0,0.9847297542645236,0.0128220748943856,"My Country (Leo, 1989)With",0,33,== Discography == | === As sideman ===
http://dbpedia.org/class/yago/Abstraction100002137,http://dbpedia.org/resource/My_Country,My Country,46,0,0.9847297542645236,0.0128220748943856,"My Country (Leo, 1989)With",0,33,== Discography == | === As sideman ===
http://dbpedia.org/class/yago/Communication100033020,http://dbpedia.org/resource/My_Country,My Country,46,0,0.9847297542645236,0.0128220748943856,"My Country (Leo, 1989)With",0,33,== Discography == | === As sideman ===
http://dbpedia.org/class/yago/LiteraryComposition106364329,http://dbpedia.org/resource/My_Country,My Country,46,0,0.9847297542645236,0.0128220748943856,"My Country (Leo, 1989)With",0,33,== Discography == | === As sideman ===
http://dbpedia.org/class/yago/Poem106377442,http://dbpedia.org/resource/My_Country,My Country,46,0,0.9847297542645236,0.0128220748943856,"My Country (Leo, 1989)With",0,33,== Discography == | === As sideman ===
http://dbpedia.org/class/yago/Wikicat1908Poems,http://dbpedia.org/resource/My_Country,My Country,46,0,0.9847297542645236,0.0128220748943856,"My Country (Leo, 1989)With",0,33,== Discography == | === As sideman ===
http://www.w3.org/2002/07/owl#Thing,http://dbpedia.org/resource/Robin_Kenyatta,Robin Kenyatta,53,0,0.9999999999992184,0.0,Robin Kenyatta at Find a Grave,0,37,== External links ==
http://dbpedia.org/ontology/Person,http://dbpedia.org/resource/Robin_Kenyatta,Robin Kenyatta,53,0,0.9999999999992184,0.0,Robin Kenyatta at Find a Grave,0,37,== External links ==
http://dbpedia.org/class/yago/WikicatAmericanJazzAltoSaxophonists,http://dbpedia.org/resource/Robin_Kenyatta,Robin Kenyatta,53,0,0.9999999999992184,0.0,Robin Kenyatta at Find a Grave,0,37,== External links ==
http://dbpedia.org/class/yago/WikicatAmericanJazzFlautists,http://dbpedia.org/resource/Robin_Kenyatta,Robin Kenyatta,53,0,0.9999999999992184,0.0,Robin Kenyatta at Find a Grave,0,37,== External links ==
http://dbpedia.org/class/yago/WikicatAmericanJazzSopranoSaxophonists,http://dbpedia.org/resource/Robin_Kenyatta,Robin Kenyatta,53,0,0.9999999999992184,0.0,Robin Kenyatta at Find a Grave,0,37,== External links ==
http://dbpedia.org/class/yago/WikicatAmericanMusicians,http://dbpedia.org/resource/Robin_Kenyatta,Robin Kenyatta,53,0,0.9999999999992184,0.0,Robin Kenyatta at Find a Grave,0,37,== External links ==
http://dbpedia.org/class/yago/WikicatJazz-bluesSaxophonists,http://dbpedia.org/resource/Robin_Kenyatta,Robin Kenyatta,53,0,0.9999999999992184,0.0,Robin Kenyatta at Find a Grave,0,37,== External links ==
http://dbpedia.org/class/yago/WikicatJazzClarinetists,http://dbpedia.org/resource/Robin_Kenyatta,Robin Kenyatta,53,0,0.9999999999992184,0.0,Robin Kenyatta at Find a Grave,0,37,== External links ==
http://dbpedia.org/class/yago/WikicatJazzFlautists,http://dbpedia.org/resource/Robin_Kenyatta,Robin Kenyatta,53,0,0.9999999999992184,0.0,Robin Kenyatta at Find a Grave,0,37,== External links ==
http://dbpedia.org/class/yago/WikicatJazzSaxophonists,http://dbpedia.org/resource/Robin_Kenyatta,Robin Kenyatta,53,0,0.9999999999992184,0.0,Robin Kenyatta at Find a Grave,0,37,== External links ==
"http://dbpedia.org/class/yago/WikicatPeopleFromMoncksCorner,SouthCarolina",http://dbpedia.org/resource/Robin_Kenyatta,Robin Kenyatta,53,0,0.9999999999992184,0.0,Robin Kenyatta at Find a Grave,0,37,== External links ==
http://dbpedia.org/class/yago/YagoLegalActor,http://dbpedia.org/resource/Robin_Kenyatta,Robin Kenyatta,53,0,0.9999999999992184,0.0,Robin Kenyatta at Find a Grave,0,37,== External links ==
http://dbpedia.org/class/yago/YagoLegalActorGeo,http://dbpedia.org/resource/Robin_Kenyatta,Robin Kenyatta,53,0,0.9999999999992184,0.0,Robin Kenyatta at Find a Grave,0,37,== External links ==
http://dbpedia.org/class/yago/WikicatMuseRecordsArtists,http://dbpedia.org/resource/Robin_Kenyatta,Robin Kenyatta,53,0,0.9999999999992184,0.0,Robin Kenyatta at Find a Grave,0,37,== External links ==
http://dbpedia.org/class/yago/WikicatMusiciansFromSouthCarolina,http://dbpedia.org/resource/Robin_Kenyatta,Robin Kenyatta,53,0,0.9999999999992184,0.0,Robin Kenyatta at Find a Grave,0,37,== External links ==
http://dbpedia.org/class/yago/AltoSaxophonist109786226,http://dbpedia.org/resource/Robin_Kenyatta,Robin Kenyatta,53,0,0.9999999999992184,0.0,Robin Kenyatta at Find a Grave,0,37,== External links ==
http://dbpedia.org/class/yago/Artist109812338,http://dbpedia.org/resource/Robin_Kenyatta,Robin Kenyatta,53,0,0.9999999999992184,0.0,Robin Kenyatta at Find a Grave,0,37,== External links ==
http://dbpedia.org/class/yago/CausalAgent100007347,http://dbpedia.org/resource/Robin_Kenyatta,Robin Kenyatta,53,0,0.9999999999992184,0.0,Robin Kenyatta at Find a Grave,0,37,== External links ==
http://dbpedia.org/class/yago/Clarinetist109926246,http://dbpedia.org/resource/Robin_Kenyatta,Robin Kenyatta,53,0,0.9999999999992184,0.0,Robin Kenyatta at Find a Grave,0,37,== External links ==
http://dbpedia.org/class/yago/Creator109614315,http://dbpedia.org/resource/Robin_Kenyatta,Robin Kenyatta,53,0,0.9999999999992184,0.0,Robin Kenyatta at Find a Grave,0,37,== External links ==
http://dbpedia.org/class/yago/Entertainer109616922,http://dbpedia.org/resource/Robin_Kenyatta,Robin Kenyatta,53,0,0.9999999999992184,0.0,Robin Kenyatta at Find a Grave,0,37,== External links ==
http://dbpedia.org/class/yago/Flutist110098245,http://dbpedia.org/resource/Robin_Kenyatta,Robin Kenyatta,53,0,0.9999999999992184,0.0,Robin Kenyatta at Find a Grave,0,37,== External links ==
http://dbpedia.org/class/yago/LivingThing100004258,http://dbpedia.org/resource/Robin_Kenyatta,Robin Kenyatta,53,0,0.9999999999992184,0.0,Robin Kenyatta at Find a Grave,0,37,== External links ==
http://dbpedia.org/class/yago/Musician110339966,http://dbpedia.org/resource/Robin_Kenyatta,Robin Kenyatta,53,0,0.9999999999992184,0.0,Robin Kenyatta at Find a Grave,0,37,== External links ==
http://dbpedia.org/class/yago/Musician110340312,http://dbpedia.org/resource/Robin_Kenyatta,Robin Kenyatta,53,0,0.9999999999992184,0.0,Robin Kenyatta at Find a Grave,0,37,== External links ==
http://dbpedia.org/class/yago/Object100002684,http://dbpedia.org/resource/Robin_Kenyatta,Robin Kenyatta,53,0,0.9999999999992184,0.0,Robin Kenyatta at Find a Grave,0,37,== External links ==
http://dbpedia.org/class/yago/Organism100004475,http://dbpedia.org/resource/Robin_Kenyatta,Robin Kenyatta,53,0,0.9999999999992184,0.0,Robin Kenyatta at Find a Grave,0,37,== External links ==
http://dbpedia.org/class/yago/Performer110415638,http://dbpedia.org/resource/Robin_Kenyatta,Robin Kenyatta,53,0,0.9999999999992184,0.0,Robin Kenyatta at Find a Grave,0,37,== External links ==
http://dbpedia.org/class/yago/Person100007846,http://dbpedia.org/resource/Robin_Kenyatta,Robin Kenyatta,53,0,0.9999999999992184,0.0,Robin Kenyatta at Find a Grave,0,37,== External links ==
http://dbpedia.org/class/yago/PhysicalEntity100001930,http://dbpedia.org/resource/Robin_Kenyatta,Robin Kenyatta,53,0,0.9999999999992184,0.0,Robin Kenyatta at Find a Grave,0,37,== External links ==
http://dbpedia.org/class/yago/Saxophonist110554243,http://dbpedia.org/resource/Robin_Kenyatta,Robin Kenyatta,53,0,0.9999999999992184,0.0,Robin Kenyatta at Find a Grave,0,37,== External links ==
http://dbpedia.org/class/yago/Whole100003553,http://dbpedia.org/resource/Robin_Kenyatta,Robin Kenyatta,53,0,0.9999999999992184,0.0,Robin Kenyatta at Find a Grave,0,37,== External links ==
