types,URI,entity,support,offset,similarityScore,percentageOfSecondRank,sentence,sentenceIndex,paragraphIndex,section
http://www.w3.org/2002/07/owl#Thing,http://dbpedia.org/resource/Sandman,Sandman,588,110,0.9999999999875228,1.2488879318371678e-11,Mike Dringenberg (born c. 1965) is an American comics artist best known for his work on DC Comics/Vertigo's Sandman series with writer Neil Gaiman.,0,0,
http://dbpedia.org/ontology/FictionalCharacter,http://dbpedia.org/resource/Sandman,Sandman,588,110,0.9999999999875228,1.2488879318371678e-11,Mike Dringenberg (born c. 1965) is an American comics artist best known for his work on DC Comics/Vertigo's Sandman series with writer Neil Gaiman.,0,0,
http://www.w3.org/2002/07/owl#Thing,http://dbpedia.org/resource/Graphic_design,graphic design,2689,34,0.9957952726066096,0.0042116733565575,"He later studied illustration and graphic design at the University of Utah from 1983 to 1987, where he began illustrating comics and working professionally even before graduating.",2,2,== Early life ==
http://dbpedia.org/ontology/Election,http://dbpedia.org/resource/Graphic_design,graphic design,2689,34,0.9957952726066096,0.0042116733565575,"He later studied illustration and graphic design at the University of Utah from 1983 to 1987, where he began illustrating comics and working professionally even before graduating.",2,2,== Early life ==
http://dbpedia.org/ontology/PersonFunction,http://dbpedia.org/resource/Graphic_design,graphic design,2689,34,0.9957952726066096,0.0042116733565575,"He later studied illustration and graphic design at the University of Utah from 1983 to 1987, where he began illustrating comics and working professionally even before graduating.",2,2,== Early life ==
http://www.w3.org/2002/07/owl#Thing,http://dbpedia.org/resource/Animation,animation,15859,81,0.9971144087526684,0.001487477346896,"During a break between his freshman and sophomore years, he briefly worked as an animation assistant at Sullivan Bluth Studios, where he was probably best remembered for using up all the copier toner to make reading copies of his Cerebus collection.",3,2,== Early life ==
http://dbpedia.org/ontology/MusicGenre,http://dbpedia.org/resource/Animation,animation,15859,81,0.9971144087526684,0.001487477346896,"During a break between his freshman and sophomore years, he briefly worked as an animation assistant at Sullivan Bluth Studios, where he was probably best remembered for using up all the copier toner to make reading copies of his Cerebus collection.",3,2,== Early life ==
http://dbpedia.org/ontology/Election,http://dbpedia.org/resource/Animation,animation,15859,81,0.9971144087526684,0.001487477346896,"During a break between his freshman and sophomore years, he briefly worked as an animation assistant at Sullivan Bluth Studios, where he was probably best remembered for using up all the copier toner to make reading copies of his Cerebus collection.",3,2,== Early life ==
http://www.w3.org/2002/07/owl#Thing,http://dbpedia.org/resource/Photocopier,copier,529,187,0.9999999999986358,0.0,"During a break between his freshman and sophomore years, he briefly worked as an animation assistant at Sullivan Bluth Studios, where he was probably best remembered for using up all the copier toner to make reading copies of his Cerebus collection.",3,2,== Early life ==
http://dbpedia.org/ontology/Software,http://dbpedia.org/resource/Photocopier,copier,529,187,0.9999999999986358,0.0,"During a break between his freshman and sophomore years, he briefly worked as an animation assistant at Sullivan Bluth Studios, where he was probably best remembered for using up all the copier toner to make reading copies of his Cerebus collection.",3,2,== Early life ==
http://www.w3.org/2002/07/owl#Thing,http://dbpedia.org/resource/Toner,toner,264,194,0.9999999999924114,0.0,"During a break between his freshman and sophomore years, he briefly worked as an animation assistant at Sullivan Bluth Studios, where he was probably best remembered for using up all the copier toner to make reading copies of his Cerebus collection.",3,2,== Early life ==
http://dbpedia.org/ontology/ChemicalCompound,http://dbpedia.org/resource/Toner,toner,264,194,0.9999999999924114,0.0,"During a break between his freshman and sophomore years, he briefly worked as an animation assistant at Sullivan Bluth Studios, where he was probably best remembered for using up all the copier toner to make reading copies of his Cerebus collection.",3,2,== Early life ==
http://www.w3.org/2002/07/owl#Thing,http://dbpedia.org/resource/Evolution,...,17765,70,0.6033037557847539,0.6186162481165898,"Dringenberg first work in the comics industry was the story ""A Tale Of... Lenny's Casino & Grill"" in Kelvin Mace #1 (Dec. 1985) published by Vortex Comics.",0,4,== Career ==
http://dbpedia.org/ontology/Organisation,http://dbpedia.org/resource/Evolution,...,17765,70,0.6033037557847539,0.6186162481165898,"Dringenberg first work in the comics industry was the story ""A Tale Of... Lenny's Casino & Grill"" in Kelvin Mace #1 (Dec. 1985) published by Vortex Comics.",0,4,== Career ==
http://www.w3.org/2002/07/owl#Thing,http://dbpedia.org/resource/Parody,parody,5438,58,0.9998135141047536,8.910240158422085e-05,"He worked on Adolescent Radioactive Blackbelt Hamsters, a parody of Teenage Mutant Ninja Turtles, which itself was a parody of many then-current comic books, and Shock the Monkey.",2,4,== Career ==
http://dbpedia.org/ontology/MusicGenre,http://dbpedia.org/resource/Parody,parody,5438,58,0.9998135141047536,8.910240158422085e-05,"He worked on Adolescent Radioactive Blackbelt Hamsters, a parody of Teenage Mutant Ninja Turtles, which itself was a parody of many then-current comic books, and Shock the Monkey.",2,4,== Career ==
http://dbpedia.org/ontology/Book,http://dbpedia.org/resource/Parody,parody,5438,58,0.9998135141047536,8.910240158422085e-05,"He worked on Adolescent Radioactive Blackbelt Hamsters, a parody of Teenage Mutant Ninja Turtles, which itself was a parody of many then-current comic books, and Shock the Monkey.",2,4,== Career ==
http://www.w3.org/2002/07/owl#Thing,http://dbpedia.org/resource/Teenage_Mutant_Ninja_Turtles,Teenage Mutant Ninja Turtles,1251,68,1.0,1.617222959290604e-17,"He worked on Adolescent Radioactive Blackbelt Hamsters, a parody of Teenage Mutant Ninja Turtles, which itself was a parody of many then-current comic books, and Shock the Monkey.",2,4,== Career ==
http://dbpedia.org/class/yago/WikicatAnimatedCharacters,http://dbpedia.org/resource/Teenage_Mutant_Ninja_Turtles,Teenage Mutant Ninja Turtles,1251,68,1.0,1.617222959290604e-17,"He worked on Adolescent Radioactive Blackbelt Hamsters, a parody of Teenage Mutant Ninja Turtles, which itself was a parody of many then-current comic books, and Shock the Monkey.",2,4,== Career ==
http://dbpedia.org/ontology/Reptile,http://dbpedia.org/resource/Teenage_Mutant_Ninja_Turtles,Teenage Mutant Ninja Turtles,1251,68,1.0,1.617222959290604e-17,"He worked on Adolescent Radioactive Blackbelt Hamsters, a parody of Teenage Mutant Ninja Turtles, which itself was a parody of many then-current comic books, and Shock the Monkey.",2,4,== Career ==
http://dbpedia.org/class/yago/WikicatComicsCharacters,http://dbpedia.org/resource/Teenage_Mutant_Ninja_Turtles,Teenage Mutant Ninja Turtles,1251,68,1.0,1.617222959290604e-17,"He worked on Adolescent Radioactive Blackbelt Hamsters, a parody of Teenage Mutant Ninja Turtles, which itself was a parody of many then-current comic books, and Shock the Monkey.",2,4,== Career ==
http://dbpedia.org/class/yago/WikicatComicsCharactersIntroducedIn1984,http://dbpedia.org/resource/Teenage_Mutant_Ninja_Turtles,Teenage Mutant Ninja Turtles,1251,68,1.0,1.617222959290604e-17,"He worked on Adolescent Radioactive Blackbelt Hamsters, a parody of Teenage Mutant Ninja Turtles, which itself was a parody of many then-current comic books, and Shock the Monkey.",2,4,== Career ==
http://dbpedia.org/class/yago/YagoPermanentlyLocatedEntity,http://dbpedia.org/resource/Teenage_Mutant_Ninja_Turtles,Teenage Mutant Ninja Turtles,1251,68,1.0,1.617222959290604e-17,"He worked on Adolescent Radioactive Blackbelt Hamsters, a parody of Teenage Mutant Ninja Turtles, which itself was a parody of many then-current comic books, and Shock the Monkey.",2,4,== Career ==
http://dbpedia.org/class/yago/WikicatMTVNetworks,http://dbpedia.org/resource/Teenage_Mutant_Ninja_Turtles,Teenage Mutant Ninja Turtles,1251,68,1.0,1.617222959290604e-17,"He worked on Adolescent Radioactive Blackbelt Hamsters, a parody of Teenage Mutant Ninja Turtles, which itself was a parody of many then-current comic books, and Shock the Monkey.",2,4,== Career ==
http://dbpedia.org/class/yago/Ability105616246,http://dbpedia.org/resource/Teenage_Mutant_Ninja_Turtles,Teenage Mutant Ninja Turtles,1251,68,1.0,1.617222959290604e-17,"He worked on Adolescent Radioactive Blackbelt Hamsters, a parody of Teenage Mutant Ninja Turtles, which itself was a parody of many then-current comic books, and Shock the Monkey.",2,4,== Career ==
http://dbpedia.org/class/yago/Abstraction100002137,http://dbpedia.org/resource/Teenage_Mutant_Ninja_Turtles,Teenage Mutant Ninja Turtles,1251,68,1.0,1.617222959290604e-17,"He worked on Adolescent Radioactive Blackbelt Hamsters, a parody of Teenage Mutant Ninja Turtles, which itself was a parody of many then-current comic books, and Shock the Monkey.",2,4,== Career ==
http://dbpedia.org/class/yago/Act100030358,http://dbpedia.org/resource/Teenage_Mutant_Ninja_Turtles,Teenage Mutant Ninja Turtles,1251,68,1.0,1.617222959290604e-17,"He worked on Adolescent Radioactive Blackbelt Hamsters, a parody of Teenage Mutant Ninja Turtles, which itself was a parody of many then-current comic books, and Shock the Monkey.",2,4,== Career ==
http://dbpedia.org/class/yago/Action100037396,http://dbpedia.org/resource/Teenage_Mutant_Ninja_Turtles,Teenage Mutant Ninja Turtles,1251,68,1.0,1.617222959290604e-17,"He worked on Adolescent Radioactive Blackbelt Hamsters, a parody of Teenage Mutant Ninja Turtles, which itself was a parody of many then-current comic books, and Shock the Monkey.",2,4,== Career ==
http://dbpedia.org/class/yago/Activity100407535,http://dbpedia.org/resource/Teenage_Mutant_Ninja_Turtles,Teenage Mutant Ninja Turtles,1251,68,1.0,1.617222959290604e-17,"He worked on Adolescent Radioactive Blackbelt Hamsters, a parody of Teenage Mutant Ninja Turtles, which itself was a parody of many then-current comic books, and Shock the Monkey.",2,4,== Career ==
http://dbpedia.org/class/yago/Beginning100235435,http://dbpedia.org/resource/Teenage_Mutant_Ninja_Turtles,Teenage Mutant Ninja Turtles,1251,68,1.0,1.617222959290604e-17,"He worked on Adolescent Radioactive Blackbelt Hamsters, a parody of Teenage Mutant Ninja Turtles, which itself was a parody of many then-current comic books, and Shock the Monkey.",2,4,== Career ==
http://dbpedia.org/class/yago/Change100191142,http://dbpedia.org/resource/Teenage_Mutant_Ninja_Turtles,Teenage Mutant Ninja Turtles,1251,68,1.0,1.617222959290604e-17,"He worked on Adolescent Radioactive Blackbelt Hamsters, a parody of Teenage Mutant Ninja Turtles, which itself was a parody of many then-current comic books, and Shock the Monkey.",2,4,== Career ==
http://dbpedia.org/class/yago/ChangeOfState100199130,http://dbpedia.org/resource/Teenage_Mutant_Ninja_Turtles,Teenage Mutant Ninja Turtles,1251,68,1.0,1.617222959290604e-17,"He worked on Adolescent Radioactive Blackbelt Hamsters, a parody of Teenage Mutant Ninja Turtles, which itself was a parody of many then-current comic books, and Shock the Monkey.",2,4,== Career ==
http://dbpedia.org/class/yago/Cognition100023271,http://dbpedia.org/resource/Teenage_Mutant_Ninja_Turtles,Teenage Mutant Ninja Turtles,1251,68,1.0,1.617222959290604e-17,"He worked on Adolescent Radioactive Blackbelt Hamsters, a parody of Teenage Mutant Ninja Turtles, which itself was a parody of many then-current comic books, and Shock the Monkey.",2,4,== Career ==
http://dbpedia.org/class/yago/Creativity105624700,http://dbpedia.org/resource/Teenage_Mutant_Ninja_Turtles,Teenage Mutant Ninja Turtles,1251,68,1.0,1.617222959290604e-17,"He worked on Adolescent Radioactive Blackbelt Hamsters, a parody of Teenage Mutant Ninja Turtles, which itself was a parody of many then-current comic books, and Shock the Monkey.",2,4,== Career ==
http://dbpedia.org/class/yago/Diversion100426928,http://dbpedia.org/resource/Teenage_Mutant_Ninja_Turtles,Teenage Mutant Ninja Turtles,1251,68,1.0,1.617222959290604e-17,"He worked on Adolescent Radioactive Blackbelt Hamsters, a parody of Teenage Mutant Ninja Turtles, which itself was a parody of many then-current comic books, and Shock the Monkey.",2,4,== Career ==
http://dbpedia.org/class/yago/Entertainment100429048,http://dbpedia.org/resource/Teenage_Mutant_Ninja_Turtles,Teenage Mutant Ninja Turtles,1251,68,1.0,1.617222959290604e-17,"He worked on Adolescent Radioactive Blackbelt Hamsters, a parody of Teenage Mutant Ninja Turtles, which itself was a parody of many then-current comic books, and Shock the Monkey.",2,4,== Career ==
http://dbpedia.org/class/yago/Event100029378,http://dbpedia.org/resource/Teenage_Mutant_Ninja_Turtles,Teenage Mutant Ninja Turtles,1251,68,1.0,1.617222959290604e-17,"He worked on Adolescent Radioactive Blackbelt Hamsters, a parody of Teenage Mutant Ninja Turtles, which itself was a parody of many then-current comic books, and Shock the Monkey.",2,4,== Career ==
http://dbpedia.org/class/yago/FictionalCharacter109587565,http://dbpedia.org/resource/Teenage_Mutant_Ninja_Turtles,Teenage Mutant Ninja Turtles,1251,68,1.0,1.617222959290604e-17,"He worked on Adolescent Radioactive Blackbelt Hamsters, a parody of Teenage Mutant Ninja Turtles, which itself was a parody of many then-current comic books, and Shock the Monkey.",2,4,== Career ==
http://dbpedia.org/class/yago/Group100031264,http://dbpedia.org/resource/Teenage_Mutant_Ninja_Turtles,Teenage Mutant Ninja Turtles,1251,68,1.0,1.617222959290604e-17,"He worked on Adolescent Radioactive Blackbelt Hamsters, a parody of Teenage Mutant Ninja Turtles, which itself was a parody of many then-current comic books, and Shock the Monkey.",2,4,== Career ==
http://dbpedia.org/class/yago/ImaginaryBeing109483738,http://dbpedia.org/resource/Teenage_Mutant_Ninja_Turtles,Teenage Mutant Ninja Turtles,1251,68,1.0,1.617222959290604e-17,"He worked on Adolescent Radioactive Blackbelt Hamsters, a parody of Teenage Mutant Ninja Turtles, which itself was a parody of many then-current comic books, and Shock the Monkey.",2,4,== Career ==
http://dbpedia.org/class/yago/Imagination105625465,http://dbpedia.org/resource/Teenage_Mutant_Ninja_Turtles,Teenage Mutant Ninja Turtles,1251,68,1.0,1.617222959290604e-17,"He worked on Adolescent Radioactive Blackbelt Hamsters, a parody of Teenage Mutant Ninja Turtles, which itself was a parody of many then-current comic books, and Shock the Monkey.",2,4,== Career ==
http://dbpedia.org/class/yago/Introduction100238022,http://dbpedia.org/resource/Teenage_Mutant_Ninja_Turtles,Teenage Mutant Ninja Turtles,1251,68,1.0,1.617222959290604e-17,"He worked on Adolescent Radioactive Blackbelt Hamsters, a parody of Teenage Mutant Ninja Turtles, which itself was a parody of many then-current comic books, and Shock the Monkey.",2,4,== Career ==
http://dbpedia.org/class/yago/Network108434259,http://dbpedia.org/resource/Teenage_Mutant_Ninja_Turtles,Teenage Mutant Ninja Turtles,1251,68,1.0,1.617222959290604e-17,"He worked on Adolescent Radioactive Blackbelt Hamsters, a parody of Teenage Mutant Ninja Turtles, which itself was a parody of many then-current comic books, and Shock the Monkey.",2,4,== Career ==
http://dbpedia.org/class/yago/PsychologicalFeature100023100,http://dbpedia.org/resource/Teenage_Mutant_Ninja_Turtles,Teenage Mutant Ninja Turtles,1251,68,1.0,1.617222959290604e-17,"He worked on Adolescent Radioactive Blackbelt Hamsters, a parody of Teenage Mutant Ninja Turtles, which itself was a parody of many then-current comic books, and Shock the Monkey.",2,4,== Career ==
http://dbpedia.org/class/yago/Show100520257,http://dbpedia.org/resource/Teenage_Mutant_Ninja_Turtles,Teenage Mutant Ninja Turtles,1251,68,1.0,1.617222959290604e-17,"He worked on Adolescent Radioactive Blackbelt Hamsters, a parody of Teenage Mutant Ninja Turtles, which itself was a parody of many then-current comic books, and Shock the Monkey.",2,4,== Career ==
http://dbpedia.org/class/yago/System108435388,http://dbpedia.org/resource/Teenage_Mutant_Ninja_Turtles,Teenage Mutant Ninja Turtles,1251,68,1.0,1.617222959290604e-17,"He worked on Adolescent Radioactive Blackbelt Hamsters, a parody of Teenage Mutant Ninja Turtles, which itself was a parody of many then-current comic books, and Shock the Monkey.",2,4,== Career ==
http://dbpedia.org/class/yago/Wikicat1984ComicDebuts,http://dbpedia.org/resource/Teenage_Mutant_Ninja_Turtles,Teenage Mutant Ninja Turtles,1251,68,1.0,1.617222959290604e-17,"He worked on Adolescent Radioactive Blackbelt Hamsters, a parody of Teenage Mutant Ninja Turtles, which itself was a parody of many then-current comic books, and Shock the Monkey.",2,4,== Career ==
http://dbpedia.org/class/yago/WikicatNickelodeonShows,http://dbpedia.org/resource/Teenage_Mutant_Ninja_Turtles,Teenage Mutant Ninja Turtles,1251,68,1.0,1.617222959290604e-17,"He worked on Adolescent Radioactive Blackbelt Hamsters, a parody of Teenage Mutant Ninja Turtles, which itself was a parody of many then-current comic books, and Shock the Monkey.",2,4,== Career ==
http://www.w3.org/2002/07/owl#Thing,http://dbpedia.org/resource/Parody,parody,5438,117,0.9998135141047536,8.910240158422085e-05,"He worked on Adolescent Radioactive Blackbelt Hamsters, a parody of Teenage Mutant Ninja Turtles, which itself was a parody of many then-current comic books, and Shock the Monkey.",2,4,== Career ==
http://dbpedia.org/ontology/MusicGenre,http://dbpedia.org/resource/Parody,parody,5438,117,0.9998135141047536,8.910240158422085e-05,"He worked on Adolescent Radioactive Blackbelt Hamsters, a parody of Teenage Mutant Ninja Turtles, which itself was a parody of many then-current comic books, and Shock the Monkey.",2,4,== Career ==
http://dbpedia.org/ontology/Book,http://dbpedia.org/resource/Parody,parody,5438,117,0.9998135141047536,8.910240158422085e-05,"He worked on Adolescent Radioactive Blackbelt Hamsters, a parody of Teenage Mutant Ninja Turtles, which itself was a parody of many then-current comic books, and Shock the Monkey.",2,4,== Career ==
http://www.w3.org/2002/07/owl#Thing,http://dbpedia.org/resource/Comic_book,comic books,12500,145,0.9981059568431874,0.0018539828912073,"He worked on Adolescent Radioactive Blackbelt Hamsters, a parody of Teenage Mutant Ninja Turtles, which itself was a parody of many then-current comic books, and Shock the Monkey.",2,4,== Career ==
http://dbpedia.org/ontology/MusicGenre,http://dbpedia.org/resource/Comic_book,comic books,12500,145,0.9981059568431874,0.0018539828912073,"He worked on Adolescent Radioactive Blackbelt Hamsters, a parody of Teenage Mutant Ninja Turtles, which itself was a parody of many then-current comic books, and Shock the Monkey.",2,4,== Career ==
http://dbpedia.org/ontology/PeriodicalLiterature,http://dbpedia.org/resource/Comic_book,comic books,12500,145,0.9981059568431874,0.0018539828912073,"He worked on Adolescent Radioactive Blackbelt Hamsters, a parody of Teenage Mutant Ninja Turtles, which itself was a parody of many then-current comic books, and Shock the Monkey.",2,4,== Career ==
http://www.w3.org/2002/07/owl#Thing,http://dbpedia.org/resource/Fantasy,fantasy,12173,113,0.965028791956403,0.0362106135822328,"His mainstream work includes DC's Doom Patrol with writer Grant Morrison, where he co-created Flex Mentallo; the fantasy card game Magic: The Gathering; and White Wolf Publishing's card game Vampire: The Eternal Struggle.",3,4,== Career ==
http://dbpedia.org/ontology/MusicGenre,http://dbpedia.org/resource/Fantasy,fantasy,12173,113,0.965028791956403,0.0362106135822328,"His mainstream work includes DC's Doom Patrol with writer Grant Morrison, where he co-created Flex Mentallo; the fantasy card game Magic: The Gathering; and White Wolf Publishing's card game Vampire: The Eternal Struggle.",3,4,== Career ==
http://dbpedia.org/ontology/MusicGenre,http://dbpedia.org/resource/Collectible_card_game,card game,1088,121,0.7551948302576563,0.3239899456562072,"His mainstream work includes DC's Doom Patrol with writer Grant Morrison, where he co-created Flex Mentallo; the fantasy card game Magic: The Gathering; and White Wolf Publishing's card game Vampire: The Eternal Struggle.",3,4,== Career ==
http://dbpedia.org/class/yago/WikicatCardGamesIntroducedIn2006,http://dbpedia.org/resource/Collectible_card_game,card game,1088,121,0.7551948302576563,0.3239899456562072,"His mainstream work includes DC's Doom Patrol with writer Grant Morrison, where he co-created Flex Mentallo; the fantasy card game Magic: The Gathering; and White Wolf Publishing's card game Vampire: The Eternal Struggle.",3,4,== Career ==
http://dbpedia.org/class/yago/WikicatCollectibleCardGames,http://dbpedia.org/resource/Collectible_card_game,card game,1088,121,0.7551948302576563,0.3239899456562072,"His mainstream work includes DC's Doom Patrol with writer Grant Morrison, where he co-created Flex Mentallo; the fantasy card game Magic: The Gathering; and White Wolf Publishing's card game Vampire: The Eternal Struggle.",3,4,== Career ==
http://dbpedia.org/class/yago/WikicatVideoGameGenres,http://dbpedia.org/resource/Collectible_card_game,card game,1088,121,0.7551948302576563,0.3239899456562072,"His mainstream work includes DC's Doom Patrol with writer Grant Morrison, where he co-created Flex Mentallo; the fantasy card game Magic: The Gathering; and White Wolf Publishing's card game Vampire: The Eternal Struggle.",3,4,== Career ==
http://dbpedia.org/class/yago/YagoPermanentlyLocatedEntity,http://dbpedia.org/resource/Collectible_card_game,card game,1088,121,0.7551948302576563,0.3239899456562072,"His mainstream work includes DC's Doom Patrol with writer Grant Morrison, where he co-created Flex Mentallo; the fantasy card game Magic: The Gathering; and White Wolf Publishing's card game Vampire: The Eternal Struggle.",3,4,== Career ==
http://dbpedia.org/class/yago/Abstraction100002137,http://dbpedia.org/resource/Collectible_card_game,card game,1088,121,0.7551948302576563,0.3239899456562072,"His mainstream work includes DC's Doom Patrol with writer Grant Morrison, where he co-created Flex Mentallo; the fantasy card game Magic: The Gathering; and White Wolf Publishing's card game Vampire: The Eternal Struggle.",3,4,== Career ==
http://dbpedia.org/class/yago/Act100030358,http://dbpedia.org/resource/Collectible_card_game,card game,1088,121,0.7551948302576563,0.3239899456562072,"His mainstream work includes DC's Doom Patrol with writer Grant Morrison, where he co-created Flex Mentallo; the fantasy card game Magic: The Gathering; and White Wolf Publishing's card game Vampire: The Eternal Struggle.",3,4,== Career ==
http://dbpedia.org/class/yago/Activity100407535,http://dbpedia.org/resource/Collectible_card_game,card game,1088,121,0.7551948302576563,0.3239899456562072,"His mainstream work includes DC's Doom Patrol with writer Grant Morrison, where he co-created Flex Mentallo; the fantasy card game Magic: The Gathering; and White Wolf Publishing's card game Vampire: The Eternal Struggle.",3,4,== Career ==
http://dbpedia.org/class/yago/CardGame100488225,http://dbpedia.org/resource/Collectible_card_game,card game,1088,121,0.7551948302576563,0.3239899456562072,"His mainstream work includes DC's Doom Patrol with writer Grant Morrison, where he co-created Flex Mentallo; the fantasy card game Magic: The Gathering; and White Wolf Publishing's card game Vampire: The Eternal Struggle.",3,4,== Career ==
http://dbpedia.org/class/yago/Category105838765,http://dbpedia.org/resource/Collectible_card_game,card game,1088,121,0.7551948302576563,0.3239899456562072,"His mainstream work includes DC's Doom Patrol with writer Grant Morrison, where he co-created Flex Mentallo; the fantasy card game Magic: The Gathering; and White Wolf Publishing's card game Vampire: The Eternal Struggle.",3,4,== Career ==
http://dbpedia.org/class/yago/Cognition100023271,http://dbpedia.org/resource/Collectible_card_game,card game,1088,121,0.7551948302576563,0.3239899456562072,"His mainstream work includes DC's Doom Patrol with writer Grant Morrison, where he co-created Flex Mentallo; the fantasy card game Magic: The Gathering; and White Wolf Publishing's card game Vampire: The Eternal Struggle.",3,4,== Career ==
http://dbpedia.org/class/yago/Concept105835747,http://dbpedia.org/resource/Collectible_card_game,card game,1088,121,0.7551948302576563,0.3239899456562072,"His mainstream work includes DC's Doom Patrol with writer Grant Morrison, where he co-created Flex Mentallo; the fantasy card game Magic: The Gathering; and White Wolf Publishing's card game Vampire: The Eternal Struggle.",3,4,== Career ==
http://dbpedia.org/class/yago/Content105809192,http://dbpedia.org/resource/Collectible_card_game,card game,1088,121,0.7551948302576563,0.3239899456562072,"His mainstream work includes DC's Doom Patrol with writer Grant Morrison, where he co-created Flex Mentallo; the fantasy card game Magic: The Gathering; and White Wolf Publishing's card game Vampire: The Eternal Struggle.",3,4,== Career ==
http://dbpedia.org/class/yago/Contest107456188,http://dbpedia.org/resource/Collectible_card_game,card game,1088,121,0.7551948302576563,0.3239899456562072,"His mainstream work includes DC's Doom Patrol with writer Grant Morrison, where he co-created Flex Mentallo; the fantasy card game Magic: The Gathering; and White Wolf Publishing's card game Vampire: The Eternal Struggle.",3,4,== Career ==
http://dbpedia.org/class/yago/Event100029378,http://dbpedia.org/resource/Collectible_card_game,card game,1088,121,0.7551948302576563,0.3239899456562072,"His mainstream work includes DC's Doom Patrol with writer Grant Morrison, where he co-created Flex Mentallo; the fantasy card game Magic: The Gathering; and White Wolf Publishing's card game Vampire: The Eternal Struggle.",3,4,== Career ==
http://dbpedia.org/class/yago/Game100455599,http://dbpedia.org/resource/Collectible_card_game,card game,1088,121,0.7551948302576563,0.3239899456562072,"His mainstream work includes DC's Doom Patrol with writer Grant Morrison, where he co-created Flex Mentallo; the fantasy card game Magic: The Gathering; and White Wolf Publishing's card game Vampire: The Eternal Struggle.",3,4,== Career ==
http://dbpedia.org/class/yago/Game100456199,http://dbpedia.org/resource/Collectible_card_game,card game,1088,121,0.7551948302576563,0.3239899456562072,"His mainstream work includes DC's Doom Patrol with writer Grant Morrison, where he co-created Flex Mentallo; the fantasy card game Magic: The Gathering; and White Wolf Publishing's card game Vampire: The Eternal Struggle.",3,4,== Career ==
http://dbpedia.org/class/yago/Genre105845332,http://dbpedia.org/resource/Collectible_card_game,card game,1088,121,0.7551948302576563,0.3239899456562072,"His mainstream work includes DC's Doom Patrol with writer Grant Morrison, where he co-created Flex Mentallo; the fantasy card game Magic: The Gathering; and White Wolf Publishing's card game Vampire: The Eternal Struggle.",3,4,== Career ==
http://dbpedia.org/class/yago/Idea105833840,http://dbpedia.org/resource/Collectible_card_game,card game,1088,121,0.7551948302576563,0.3239899456562072,"His mainstream work includes DC's Doom Patrol with writer Grant Morrison, where he co-created Flex Mentallo; the fantasy card game Magic: The Gathering; and White Wolf Publishing's card game Vampire: The Eternal Struggle.",3,4,== Career ==
http://dbpedia.org/class/yago/Kind105839024,http://dbpedia.org/resource/Collectible_card_game,card game,1088,121,0.7551948302576563,0.3239899456562072,"His mainstream work includes DC's Doom Patrol with writer Grant Morrison, where he co-created Flex Mentallo; the fantasy card game Magic: The Gathering; and White Wolf Publishing's card game Vampire: The Eternal Struggle.",3,4,== Career ==
http://dbpedia.org/class/yago/PsychologicalFeature100023100,http://dbpedia.org/resource/Collectible_card_game,card game,1088,121,0.7551948302576563,0.3239899456562072,"His mainstream work includes DC's Doom Patrol with writer Grant Morrison, where he co-created Flex Mentallo; the fantasy card game Magic: The Gathering; and White Wolf Publishing's card game Vampire: The Eternal Struggle.",3,4,== Career ==
http://dbpedia.org/class/yago/SocialEvent107288639,http://dbpedia.org/resource/Collectible_card_game,card game,1088,121,0.7551948302576563,0.3239899456562072,"His mainstream work includes DC's Doom Patrol with writer Grant Morrison, where he co-created Flex Mentallo; the fantasy card game Magic: The Gathering; and White Wolf Publishing's card game Vampire: The Eternal Struggle.",3,4,== Career ==
http://dbpedia.org/class/yago/WikicatGames,http://dbpedia.org/resource/Collectible_card_game,card game,1088,121,0.7551948302576563,0.3239899456562072,"His mainstream work includes DC's Doom Patrol with writer Grant Morrison, where he co-created Flex Mentallo; the fantasy card game Magic: The Gathering; and White Wolf Publishing's card game Vampire: The Eternal Struggle.",3,4,== Career ==
http://dbpedia.org/class/yago/WikicatGamesOfMentalSkill,http://dbpedia.org/resource/Collectible_card_game,card game,1088,121,0.7551948302576563,0.3239899456562072,"His mainstream work includes DC's Doom Patrol with writer Grant Morrison, where he co-created Flex Mentallo; the fantasy card game Magic: The Gathering; and White Wolf Publishing's card game Vampire: The Eternal Struggle.",3,4,== Career ==
http://dbpedia.org/class/yago/YagoLegalActor,http://dbpedia.org/resource/Raven's_Nest,The Gathering,211,138,0.8662433853295627,0.1435897682291864,"His mainstream work includes DC's Doom Patrol with writer Grant Morrison, where he co-created Flex Mentallo; the fantasy card game Magic: The Gathering; and White Wolf Publishing's card game Vampire: The Eternal Struggle.",3,4,== Career ==
http://dbpedia.org/class/yago/YagoLegalActorGeo,http://dbpedia.org/resource/Raven's_Nest,The Gathering,211,138,0.8662433853295627,0.1435897682291864,"His mainstream work includes DC's Doom Patrol with writer Grant Morrison, where he co-created Flex Mentallo; the fantasy card game Magic: The Gathering; and White Wolf Publishing's card game Vampire: The Eternal Struggle.",3,4,== Career ==
http://dbpedia.org/class/yago/YagoPermanentlyLocatedEntity,http://dbpedia.org/resource/Raven's_Nest,The Gathering,211,138,0.8662433853295627,0.1435897682291864,"His mainstream work includes DC's Doom Patrol with writer Grant Morrison, where he co-created Flex Mentallo; the fantasy card game Magic: The Gathering; and White Wolf Publishing's card game Vampire: The Eternal Struggle.",3,4,== Career ==
http://dbpedia.org/class/yago/Abstraction100002137,http://dbpedia.org/resource/Raven's_Nest,The Gathering,211,138,0.8662433853295627,0.1435897682291864,"His mainstream work includes DC's Doom Patrol with writer Grant Morrison, where he co-created Flex Mentallo; the fantasy card game Magic: The Gathering; and White Wolf Publishing's card game Vampire: The Eternal Struggle.",3,4,== Career ==
http://dbpedia.org/class/yago/Cult108151490,http://dbpedia.org/resource/Raven's_Nest,The Gathering,211,138,0.8662433853295627,0.1435897682291864,"His mainstream work includes DC's Doom Patrol with writer Grant Morrison, where he co-created Flex Mentallo; the fantasy card game Magic: The Gathering; and White Wolf Publishing's card game Vampire: The Eternal Struggle.",3,4,== Career ==
http://dbpedia.org/class/yago/Group100031264,http://dbpedia.org/resource/Raven's_Nest,The Gathering,211,138,0.8662433853295627,0.1435897682291864,"His mainstream work includes DC's Doom Patrol with writer Grant Morrison, where he co-created Flex Mentallo; the fantasy card game Magic: The Gathering; and White Wolf Publishing's card game Vampire: The Eternal Struggle.",3,4,== Career ==
http://dbpedia.org/class/yago/Institution108053576,http://dbpedia.org/resource/Raven's_Nest,The Gathering,211,138,0.8662433853295627,0.1435897682291864,"His mainstream work includes DC's Doom Patrol with writer Grant Morrison, where he co-created Flex Mentallo; the fantasy card game Magic: The Gathering; and White Wolf Publishing's card game Vampire: The Eternal Struggle.",3,4,== Career ==
http://dbpedia.org/class/yago/Organization108008335,http://dbpedia.org/resource/Raven's_Nest,The Gathering,211,138,0.8662433853295627,0.1435897682291864,"His mainstream work includes DC's Doom Patrol with writer Grant Morrison, where he co-created Flex Mentallo; the fantasy card game Magic: The Gathering; and White Wolf Publishing's card game Vampire: The Eternal Struggle.",3,4,== Career ==
http://dbpedia.org/class/yago/Religion108081668,http://dbpedia.org/resource/Raven's_Nest,The Gathering,211,138,0.8662433853295627,0.1435897682291864,"His mainstream work includes DC's Doom Patrol with writer Grant Morrison, where he co-created Flex Mentallo; the fantasy card game Magic: The Gathering; and White Wolf Publishing's card game Vampire: The Eternal Struggle.",3,4,== Career ==
http://dbpedia.org/class/yago/SocialGroup107950920,http://dbpedia.org/resource/Raven's_Nest,The Gathering,211,138,0.8662433853295627,0.1435897682291864,"His mainstream work includes DC's Doom Patrol with writer Grant Morrison, where he co-created Flex Mentallo; the fantasy card game Magic: The Gathering; and White Wolf Publishing's card game Vampire: The Eternal Struggle.",3,4,== Career ==
http://dbpedia.org/class/yago/Team108208560,http://dbpedia.org/resource/Raven's_Nest,The Gathering,211,138,0.8662433853295627,0.1435897682291864,"His mainstream work includes DC's Doom Patrol with writer Grant Morrison, where he co-created Flex Mentallo; the fantasy card game Magic: The Gathering; and White Wolf Publishing's card game Vampire: The Eternal Struggle.",3,4,== Career ==
http://dbpedia.org/class/yago/Unit108189659,http://dbpedia.org/resource/Raven's_Nest,The Gathering,211,138,0.8662433853295627,0.1435897682291864,"His mainstream work includes DC's Doom Patrol with writer Grant Morrison, where he co-created Flex Mentallo; the fantasy card game Magic: The Gathering; and White Wolf Publishing's card game Vampire: The Eternal Struggle.",3,4,== Career ==
http://dbpedia.org/class/yago/WikicatFictionalCults,http://dbpedia.org/resource/Raven's_Nest,The Gathering,211,138,0.8662433853295627,0.1435897682291864,"His mainstream work includes DC's Doom Patrol with writer Grant Morrison, where he co-created Flex Mentallo; the fantasy card game Magic: The Gathering; and White Wolf Publishing's card game Vampire: The Eternal Struggle.",3,4,== Career ==
http://dbpedia.org/ontology/MusicGenre,http://dbpedia.org/resource/Collectible_card_game,card game,1088,181,0.7551948302576563,0.3239899456562072,"His mainstream work includes DC's Doom Patrol with writer Grant Morrison, where he co-created Flex Mentallo; the fantasy card game Magic: The Gathering; and White Wolf Publishing's card game Vampire: The Eternal Struggle.",3,4,== Career ==
http://dbpedia.org/class/yago/WikicatCardGamesIntroducedIn2006,http://dbpedia.org/resource/Collectible_card_game,card game,1088,181,0.7551948302576563,0.3239899456562072,"His mainstream work includes DC's Doom Patrol with writer Grant Morrison, where he co-created Flex Mentallo; the fantasy card game Magic: The Gathering; and White Wolf Publishing's card game Vampire: The Eternal Struggle.",3,4,== Career ==
http://dbpedia.org/class/yago/WikicatCollectibleCardGames,http://dbpedia.org/resource/Collectible_card_game,card game,1088,181,0.7551948302576563,0.3239899456562072,"His mainstream work includes DC's Doom Patrol with writer Grant Morrison, where he co-created Flex Mentallo; the fantasy card game Magic: The Gathering; and White Wolf Publishing's card game Vampire: The Eternal Struggle.",3,4,== Career ==
http://dbpedia.org/class/yago/WikicatVideoGameGenres,http://dbpedia.org/resource/Collectible_card_game,card game,1088,181,0.7551948302576563,0.3239899456562072,"His mainstream work includes DC's Doom Patrol with writer Grant Morrison, where he co-created Flex Mentallo; the fantasy card game Magic: The Gathering; and White Wolf Publishing's card game Vampire: The Eternal Struggle.",3,4,== Career ==
http://dbpedia.org/class/yago/YagoPermanentlyLocatedEntity,http://dbpedia.org/resource/Collectible_card_game,card game,1088,181,0.7551948302576563,0.3239899456562072,"His mainstream work includes DC's Doom Patrol with writer Grant Morrison, where he co-created Flex Mentallo; the fantasy card game Magic: The Gathering; and White Wolf Publishing's card game Vampire: The Eternal Struggle.",3,4,== Career ==
http://dbpedia.org/class/yago/Abstraction100002137,http://dbpedia.org/resource/Collectible_card_game,card game,1088,181,0.7551948302576563,0.3239899456562072,"His mainstream work includes DC's Doom Patrol with writer Grant Morrison, where he co-created Flex Mentallo; the fantasy card game Magic: The Gathering; and White Wolf Publishing's card game Vampire: The Eternal Struggle.",3,4,== Career ==
http://dbpedia.org/class/yago/Act100030358,http://dbpedia.org/resource/Collectible_card_game,card game,1088,181,0.7551948302576563,0.3239899456562072,"His mainstream work includes DC's Doom Patrol with writer Grant Morrison, where he co-created Flex Mentallo; the fantasy card game Magic: The Gathering; and White Wolf Publishing's card game Vampire: The Eternal Struggle.",3,4,== Career ==
http://dbpedia.org/class/yago/Activity100407535,http://dbpedia.org/resource/Collectible_card_game,card game,1088,181,0.7551948302576563,0.3239899456562072,"His mainstream work includes DC's Doom Patrol with writer Grant Morrison, where he co-created Flex Mentallo; the fantasy card game Magic: The Gathering; and White Wolf Publishing's card game Vampire: The Eternal Struggle.",3,4,== Career ==
http://dbpedia.org/class/yago/CardGame100488225,http://dbpedia.org/resource/Collectible_card_game,card game,1088,181,0.7551948302576563,0.3239899456562072,"His mainstream work includes DC's Doom Patrol with writer Grant Morrison, where he co-created Flex Mentallo; the fantasy card game Magic: The Gathering; and White Wolf Publishing's card game Vampire: The Eternal Struggle.",3,4,== Career ==
http://dbpedia.org/class/yago/Category105838765,http://dbpedia.org/resource/Collectible_card_game,card game,1088,181,0.7551948302576563,0.3239899456562072,"His mainstream work includes DC's Doom Patrol with writer Grant Morrison, where he co-created Flex Mentallo; the fantasy card game Magic: The Gathering; and White Wolf Publishing's card game Vampire: The Eternal Struggle.",3,4,== Career ==
http://dbpedia.org/class/yago/Cognition100023271,http://dbpedia.org/resource/Collectible_card_game,card game,1088,181,0.7551948302576563,0.3239899456562072,"His mainstream work includes DC's Doom Patrol with writer Grant Morrison, where he co-created Flex Mentallo; the fantasy card game Magic: The Gathering; and White Wolf Publishing's card game Vampire: The Eternal Struggle.",3,4,== Career ==
http://dbpedia.org/class/yago/Concept105835747,http://dbpedia.org/resource/Collectible_card_game,card game,1088,181,0.7551948302576563,0.3239899456562072,"His mainstream work includes DC's Doom Patrol with writer Grant Morrison, where he co-created Flex Mentallo; the fantasy card game Magic: The Gathering; and White Wolf Publishing's card game Vampire: The Eternal Struggle.",3,4,== Career ==
http://dbpedia.org/class/yago/Content105809192,http://dbpedia.org/resource/Collectible_card_game,card game,1088,181,0.7551948302576563,0.3239899456562072,"His mainstream work includes DC's Doom Patrol with writer Grant Morrison, where he co-created Flex Mentallo; the fantasy card game Magic: The Gathering; and White Wolf Publishing's card game Vampire: The Eternal Struggle.",3,4,== Career ==
http://dbpedia.org/class/yago/Contest107456188,http://dbpedia.org/resource/Collectible_card_game,card game,1088,181,0.7551948302576563,0.3239899456562072,"His mainstream work includes DC's Doom Patrol with writer Grant Morrison, where he co-created Flex Mentallo; the fantasy card game Magic: The Gathering; and White Wolf Publishing's card game Vampire: The Eternal Struggle.",3,4,== Career ==
http://dbpedia.org/class/yago/Event100029378,http://dbpedia.org/resource/Collectible_card_game,card game,1088,181,0.7551948302576563,0.3239899456562072,"His mainstream work includes DC's Doom Patrol with writer Grant Morrison, where he co-created Flex Mentallo; the fantasy card game Magic: The Gathering; and White Wolf Publishing's card game Vampire: The Eternal Struggle.",3,4,== Career ==
http://dbpedia.org/class/yago/Game100455599,http://dbpedia.org/resource/Collectible_card_game,card game,1088,181,0.7551948302576563,0.3239899456562072,"His mainstream work includes DC's Doom Patrol with writer Grant Morrison, where he co-created Flex Mentallo; the fantasy card game Magic: The Gathering; and White Wolf Publishing's card game Vampire: The Eternal Struggle.",3,4,== Career ==
http://dbpedia.org/class/yago/Game100456199,http://dbpedia.org/resource/Collectible_card_game,card game,1088,181,0.7551948302576563,0.3239899456562072,"His mainstream work includes DC's Doom Patrol with writer Grant Morrison, where he co-created Flex Mentallo; the fantasy card game Magic: The Gathering; and White Wolf Publishing's card game Vampire: The Eternal Struggle.",3,4,== Career ==
http://dbpedia.org/class/yago/Genre105845332,http://dbpedia.org/resource/Collectible_card_game,card game,1088,181,0.7551948302576563,0.3239899456562072,"His mainstream work includes DC's Doom Patrol with writer Grant Morrison, where he co-created Flex Mentallo; the fantasy card game Magic: The Gathering; and White Wolf Publishing's card game Vampire: The Eternal Struggle.",3,4,== Career ==
http://dbpedia.org/class/yago/Idea105833840,http://dbpedia.org/resource/Collectible_card_game,card game,1088,181,0.7551948302576563,0.3239899456562072,"His mainstream work includes DC's Doom Patrol with writer Grant Morrison, where he co-created Flex Mentallo; the fantasy card game Magic: The Gathering; and White Wolf Publishing's card game Vampire: The Eternal Struggle.",3,4,== Career ==
http://dbpedia.org/class/yago/Kind105839024,http://dbpedia.org/resource/Collectible_card_game,card game,1088,181,0.7551948302576563,0.3239899456562072,"His mainstream work includes DC's Doom Patrol with writer Grant Morrison, where he co-created Flex Mentallo; the fantasy card game Magic: The Gathering; and White Wolf Publishing's card game Vampire: The Eternal Struggle.",3,4,== Career ==
http://dbpedia.org/class/yago/PsychologicalFeature100023100,http://dbpedia.org/resource/Collectible_card_game,card game,1088,181,0.7551948302576563,0.3239899456562072,"His mainstream work includes DC's Doom Patrol with writer Grant Morrison, where he co-created Flex Mentallo; the fantasy card game Magic: The Gathering; and White Wolf Publishing's card game Vampire: The Eternal Struggle.",3,4,== Career ==
http://dbpedia.org/class/yago/SocialEvent107288639,http://dbpedia.org/resource/Collectible_card_game,card game,1088,181,0.7551948302576563,0.3239899456562072,"His mainstream work includes DC's Doom Patrol with writer Grant Morrison, where he co-created Flex Mentallo; the fantasy card game Magic: The Gathering; and White Wolf Publishing's card game Vampire: The Eternal Struggle.",3,4,== Career ==
http://dbpedia.org/class/yago/WikicatGames,http://dbpedia.org/resource/Collectible_card_game,card game,1088,181,0.7551948302576563,0.3239899456562072,"His mainstream work includes DC's Doom Patrol with writer Grant Morrison, where he co-created Flex Mentallo; the fantasy card game Magic: The Gathering; and White Wolf Publishing's card game Vampire: The Eternal Struggle.",3,4,== Career ==
http://dbpedia.org/class/yago/WikicatGamesOfMentalSkill,http://dbpedia.org/resource/Collectible_card_game,card game,1088,181,0.7551948302576563,0.3239899456562072,"His mainstream work includes DC's Doom Patrol with writer Grant Morrison, where he co-created Flex Mentallo; the fantasy card game Magic: The Gathering; and White Wolf Publishing's card game Vampire: The Eternal Struggle.",3,4,== Career ==
http://www.w3.org/2002/07/owl#Thing,http://dbpedia.org/resource/Sandman,The Sandman,588,47,0.9999999999999432,3.902419061649264e-14,"Dringenberg came to prominence for his work on The Sandman, where he started as the series' inker over pencil art by Sam Kieth but switched to pencilling when Kieth left after the fifth issue.",0,5,== Career ==
http://dbpedia.org/ontology/FictionalCharacter,http://dbpedia.org/resource/Sandman,The Sandman,588,47,0.9999999999999432,3.902419061649264e-14,"Dringenberg came to prominence for his work on The Sandman, where he started as the series' inker over pencil art by Sam Kieth but switched to pencilling when Kieth left after the fifth issue.",0,5,== Career ==
http://dbpedia.org/ontology/Person,http://dbpedia.org/resource/Inker,inker,987,92,1.0,0.0,"Dringenberg came to prominence for his work on The Sandman, where he started as the series' inker over pencil art by Sam Kieth but switched to pencilling when Kieth left after the fifth issue.",0,5,== Career ==
http://dbpedia.org/ontology/PersonFunction,http://dbpedia.org/resource/Inker,inker,987,92,1.0,0.0,"Dringenberg came to prominence for his work on The Sandman, where he started as the series' inker over pencil art by Sam Kieth but switched to pencilling when Kieth left after the fifth issue.",0,5,== Career ==
http://dbpedia.org/class/yago/WikicatCartoonists,http://dbpedia.org/resource/Inker,inker,987,92,1.0,0.0,"Dringenberg came to prominence for his work on The Sandman, where he started as the series' inker over pencil art by Sam Kieth but switched to pencilling when Kieth left after the fifth issue.",0,5,== Career ==
http://dbpedia.org/class/yago/WikicatComics,http://dbpedia.org/resource/Inker,inker,987,92,1.0,0.0,"Dringenberg came to prominence for his work on The Sandman, where he started as the series' inker over pencil art by Sam Kieth but switched to pencilling when Kieth left after the fifth issue.",0,5,== Career ==
http://dbpedia.org/class/yago/YagoLegalActor,http://dbpedia.org/resource/Inker,inker,987,92,1.0,0.0,"Dringenberg came to prominence for his work on The Sandman, where he started as the series' inker over pencil art by Sam Kieth but switched to pencilling when Kieth left after the fifth issue.",0,5,== Career ==
http://dbpedia.org/class/yago/YagoLegalActorGeo,http://dbpedia.org/resource/Inker,inker,987,92,1.0,0.0,"Dringenberg came to prominence for his work on The Sandman, where he started as the series' inker over pencil art by Sam Kieth but switched to pencilling when Kieth left after the fifth issue.",0,5,== Career ==
http://dbpedia.org/class/yago/Artist109812338,http://dbpedia.org/resource/Inker,inker,987,92,1.0,0.0,"Dringenberg came to prominence for his work on The Sandman, where he started as the series' inker over pencil art by Sam Kieth but switched to pencilling when Kieth left after the fifth issue.",0,5,== Career ==
http://dbpedia.org/class/yago/Cartoonist109898346,http://dbpedia.org/resource/Inker,inker,987,92,1.0,0.0,"Dringenberg came to prominence for his work on The Sandman, where he started as the series' inker over pencil art by Sam Kieth but switched to pencilling when Kieth left after the fifth issue.",0,5,== Career ==
http://dbpedia.org/class/yago/CausalAgent100007347,http://dbpedia.org/resource/Inker,inker,987,92,1.0,0.0,"Dringenberg came to prominence for his work on The Sandman, where he started as the series' inker over pencil art by Sam Kieth but switched to pencilling when Kieth left after the fifth issue.",0,5,== Career ==
http://dbpedia.org/class/yago/Comedian109940146,http://dbpedia.org/resource/Inker,inker,987,92,1.0,0.0,"Dringenberg came to prominence for his work on The Sandman, where he started as the series' inker over pencil art by Sam Kieth but switched to pencilling when Kieth left after the fifth issue.",0,5,== Career ==
http://dbpedia.org/class/yago/Creator109614315,http://dbpedia.org/resource/Inker,inker,987,92,1.0,0.0,"Dringenberg came to prominence for his work on The Sandman, where he started as the series' inker over pencil art by Sam Kieth but switched to pencilling when Kieth left after the fifth issue.",0,5,== Career ==
http://dbpedia.org/class/yago/Draftsman110029068,http://dbpedia.org/resource/Inker,inker,987,92,1.0,0.0,"Dringenberg came to prominence for his work on The Sandman, where he started as the series' inker over pencil art by Sam Kieth but switched to pencilling when Kieth left after the fifth issue.",0,5,== Career ==
http://dbpedia.org/class/yago/Entertainer109616922,http://dbpedia.org/resource/Inker,inker,987,92,1.0,0.0,"Dringenberg came to prominence for his work on The Sandman, where he started as the series' inker over pencil art by Sam Kieth but switched to pencilling when Kieth left after the fifth issue.",0,5,== Career ==
http://dbpedia.org/class/yago/LivingThing100004258,http://dbpedia.org/resource/Inker,inker,987,92,1.0,0.0,"Dringenberg came to prominence for his work on The Sandman, where he started as the series' inker over pencil art by Sam Kieth but switched to pencilling when Kieth left after the fifth issue.",0,5,== Career ==
http://dbpedia.org/class/yago/Object100002684,http://dbpedia.org/resource/Inker,inker,987,92,1.0,0.0,"Dringenberg came to prominence for his work on The Sandman, where he started as the series' inker over pencil art by Sam Kieth but switched to pencilling when Kieth left after the fifth issue.",0,5,== Career ==
http://dbpedia.org/class/yago/Organism100004475,http://dbpedia.org/resource/Inker,inker,987,92,1.0,0.0,"Dringenberg came to prominence for his work on The Sandman, where he started as the series' inker over pencil art by Sam Kieth but switched to pencilling when Kieth left after the fifth issue.",0,5,== Career ==
http://dbpedia.org/class/yago/Performer110415638,http://dbpedia.org/resource/Inker,inker,987,92,1.0,0.0,"Dringenberg came to prominence for his work on The Sandman, where he started as the series' inker over pencil art by Sam Kieth but switched to pencilling when Kieth left after the fifth issue.",0,5,== Career ==
http://dbpedia.org/class/yago/Person100007846,http://dbpedia.org/resource/Inker,inker,987,92,1.0,0.0,"Dringenberg came to prominence for his work on The Sandman, where he started as the series' inker over pencil art by Sam Kieth but switched to pencilling when Kieth left after the fifth issue.",0,5,== Career ==
http://dbpedia.org/class/yago/PhysicalEntity100001930,http://dbpedia.org/resource/Inker,inker,987,92,1.0,0.0,"Dringenberg came to prominence for his work on The Sandman, where he started as the series' inker over pencil art by Sam Kieth but switched to pencilling when Kieth left after the fifth issue.",0,5,== Career ==
http://dbpedia.org/class/yago/Whole100003553,http://dbpedia.org/resource/Inker,inker,987,92,1.0,0.0,"Dringenberg came to prominence for his work on The Sandman, where he started as the series' inker over pencil art by Sam Kieth but switched to pencilling when Kieth left after the fifth issue.",0,5,== Career ==
http://dbpedia.org/ontology/Person,http://dbpedia.org/resource/Penciller,pencil art,948,103,1.0,0.0,"Dringenberg came to prominence for his work on The Sandman, where he started as the series' inker over pencil art by Sam Kieth but switched to pencilling when Kieth left after the fifth issue.",0,5,== Career ==
http://dbpedia.org/class/yago/WikicatArtsOccupations,http://dbpedia.org/resource/Penciller,pencil art,948,103,1.0,0.0,"Dringenberg came to prominence for his work on The Sandman, where he started as the series' inker over pencil art by Sam Kieth but switched to pencilling when Kieth left after the fifth issue.",0,5,== Career ==
http://dbpedia.org/ontology/PersonFunction,http://dbpedia.org/resource/Penciller,pencil art,948,103,1.0,0.0,"Dringenberg came to prominence for his work on The Sandman, where he started as the series' inker over pencil art by Sam Kieth but switched to pencilling when Kieth left after the fifth issue.",0,5,== Career ==
http://dbpedia.org/class/yago/YagoPermanentlyLocatedEntity,http://dbpedia.org/resource/Penciller,pencil art,948,103,1.0,0.0,"Dringenberg came to prominence for his work on The Sandman, where he started as the series' inker over pencil art by Sam Kieth but switched to pencilling when Kieth left after the fifth issue.",0,5,== Career ==
http://dbpedia.org/class/yago/Abstraction100002137,http://dbpedia.org/resource/Penciller,pencil art,948,103,1.0,0.0,"Dringenberg came to prominence for his work on The Sandman, where he started as the series' inker over pencil art by Sam Kieth but switched to pencilling when Kieth left after the fifth issue.",0,5,== Career ==
http://dbpedia.org/class/yago/Act100030358,http://dbpedia.org/resource/Penciller,pencil art,948,103,1.0,0.0,"Dringenberg came to prominence for his work on The Sandman, where he started as the series' inker over pencil art by Sam Kieth but switched to pencilling when Kieth left after the fifth issue.",0,5,== Career ==
http://dbpedia.org/class/yago/Activity100407535,http://dbpedia.org/resource/Penciller,pencil art,948,103,1.0,0.0,"Dringenberg came to prominence for his work on The Sandman, where he started as the series' inker over pencil art by Sam Kieth but switched to pencilling when Kieth left after the fifth issue.",0,5,== Career ==
http://dbpedia.org/class/yago/Event100029378,http://dbpedia.org/resource/Penciller,pencil art,948,103,1.0,0.0,"Dringenberg came to prominence for his work on The Sandman, where he started as the series' inker over pencil art by Sam Kieth but switched to pencilling when Kieth left after the fifth issue.",0,5,== Career ==
http://dbpedia.org/class/yago/Occupation100582388,http://dbpedia.org/resource/Penciller,pencil art,948,103,1.0,0.0,"Dringenberg came to prominence for his work on The Sandman, where he started as the series' inker over pencil art by Sam Kieth but switched to pencilling when Kieth left after the fifth issue.",0,5,== Career ==
http://dbpedia.org/class/yago/PsychologicalFeature100023100,http://dbpedia.org/resource/Penciller,pencil art,948,103,1.0,0.0,"Dringenberg came to prominence for his work on The Sandman, where he started as the series' inker over pencil art by Sam Kieth but switched to pencilling when Kieth left after the fifth issue.",0,5,== Career ==
http://www.w3.org/2002/07/owl#Thing,http://dbpedia.org/resource/Muses,muse,1532,69,0.997827295053049,0.0021774358713532,"He co-created the popular character Death, whom he based on his then muse, Cinamon Hadley, whom he knew from the dance clubs in Salt Lake City, Utah.",2,5,== Career ==
http://www.w3.org/2002/07/owl#Thing,http://dbpedia.org/resource/Electronic_dance_music,dance,4596,113,0.5526729134632218,0.6468708453867646,"He co-created the popular character Death, whom he based on his then muse, Cinamon Hadley, whom he knew from the dance clubs in Salt Lake City, Utah.",2,5,== Career ==
http://dbpedia.org/ontology/MusicGenre,http://dbpedia.org/resource/Electronic_dance_music,dance,4596,113,0.5526729134632218,0.6468708453867646,"He co-created the popular character Death, whom he based on his then muse, Cinamon Hadley, whom he knew from the dance clubs in Salt Lake City, Utah.",2,5,== Career ==
http://dbpedia.org/class/yago/WikicatDanceStyles,http://dbpedia.org/resource/Electronic_dance_music,dance,4596,113,0.5526729134632218,0.6468708453867646,"He co-created the popular character Death, whom he based on his then muse, Cinamon Hadley, whom he knew from the dance clubs in Salt Lake City, Utah.",2,5,== Career ==
http://dbpedia.org/class/yago/WikicatMusicGenres,http://dbpedia.org/resource/Electronic_dance_music,dance,4596,113,0.5526729134632218,0.6468708453867646,"He co-created the popular character Death, whom he based on his then muse, Cinamon Hadley, whom he knew from the dance clubs in Salt Lake City, Utah.",2,5,== Career ==
http://dbpedia.org/class/yago/Abstraction100002137,http://dbpedia.org/resource/Electronic_dance_music,dance,4596,113,0.5526729134632218,0.6468708453867646,"He co-created the popular character Death, whom he based on his then muse, Cinamon Hadley, whom he knew from the dance clubs in Salt Lake City, Utah.",2,5,== Career ==
http://dbpedia.org/class/yago/Attribute100024264,http://dbpedia.org/resource/Electronic_dance_music,dance,4596,113,0.5526729134632218,0.6468708453867646,"He co-created the popular character Death, whom he based on his then muse, Cinamon Hadley, whom he knew from the dance clubs in Salt Lake City, Utah.",2,5,== Career ==
http://dbpedia.org/class/yago/AuditoryCommunication107109019,http://dbpedia.org/resource/Electronic_dance_music,dance,4596,113,0.5526729134632218,0.6468708453867646,"He co-created the popular character Death, whom he based on his then muse, Cinamon Hadley, whom he knew from the dance clubs in Salt Lake City, Utah.",2,5,== Career ==
http://dbpedia.org/class/yago/Communication100033020,http://dbpedia.org/resource/Electronic_dance_music,dance,4596,113,0.5526729134632218,0.6468708453867646,"He co-created the popular character Death, whom he based on his then muse, Cinamon Hadley, whom he knew from the dance clubs in Salt Lake City, Utah.",2,5,== Career ==
http://dbpedia.org/class/yago/ExpressiveStyle107066659,http://dbpedia.org/resource/Electronic_dance_music,dance,4596,113,0.5526729134632218,0.6468708453867646,"He co-created the popular character Death, whom he based on his then muse, Cinamon Hadley, whom he knew from the dance clubs in Salt Lake City, Utah.",2,5,== Career ==
http://dbpedia.org/class/yago/Manner104928903,http://dbpedia.org/resource/Electronic_dance_music,dance,4596,113,0.5526729134632218,0.6468708453867646,"He co-created the popular character Death, whom he based on his then muse, Cinamon Hadley, whom he knew from the dance clubs in Salt Lake City, Utah.",2,5,== Career ==
http://dbpedia.org/class/yago/Music107020895,http://dbpedia.org/resource/Electronic_dance_music,dance,4596,113,0.5526729134632218,0.6468708453867646,"He co-created the popular character Death, whom he based on his then muse, Cinamon Hadley, whom he knew from the dance clubs in Salt Lake City, Utah.",2,5,== Career ==
http://dbpedia.org/class/yago/MusicGenre107071942,http://dbpedia.org/resource/Electronic_dance_music,dance,4596,113,0.5526729134632218,0.6468708453867646,"He co-created the popular character Death, whom he based on his then muse, Cinamon Hadley, whom he knew from the dance clubs in Salt Lake City, Utah.",2,5,== Career ==
http://dbpedia.org/class/yago/Property104916342,http://dbpedia.org/resource/Electronic_dance_music,dance,4596,113,0.5526729134632218,0.6468708453867646,"He co-created the popular character Death, whom he based on his then muse, Cinamon Hadley, whom he knew from the dance clubs in Salt Lake City, Utah.",2,5,== Career ==
http://dbpedia.org/class/yago/WikicatElectronicMusicGenres,http://dbpedia.org/resource/Electronic_dance_music,dance,4596,113,0.5526729134632218,0.6468708453867646,"He co-created the popular character Death, whom he based on his then muse, Cinamon Hadley, whom he knew from the dance clubs in Salt Lake City, Utah.",2,5,== Career ==
http://www.w3.org/2002/07/owl#Thing,http://dbpedia.org/resource/Composite_material,composites,2175,120,0.6919351424420077,0.4449425821074129,"Dringenberg stated in a 2014 interview that ""None of the characters are direct renderings of individual people; they're composites emerging from my memories; case in point, while my friend Cinamon was a primary visual inspiration for Death, she never actually posed for me as the character while I worked on the series.",4,5,== Career ==
http://dbpedia.org/ontology/ChemicalCompound,http://dbpedia.org/resource/Composite_material,composites,2175,120,0.6919351424420077,0.4449425821074129,"Dringenberg stated in a 2014 interview that ""None of the characters are direct renderings of individual people; they're composites emerging from my memories; case in point, while my friend Cinamon was a primary visual inspiration for Death, she never actually posed for me as the character while I worked on the series.",4,5,== Career ==
http://www.w3.org/2002/07/owl#Thing,http://dbpedia.org/resource/Tupelo,Nyssa,225,65,0.990285396142304,0.0095696534302073,"Most of the time, my girlfriend Givette and my friends McAnn and Nyssa actually posed and they each brought their own personalities to the task.""",5,5,== Career ==
http://dbpedia.org/ontology/Insect,http://dbpedia.org/resource/Tupelo,Nyssa,225,65,0.990285396142304,0.0095696534302073,"Most of the time, my girlfriend Givette and my friends McAnn and Nyssa actually posed and they each brought their own personalities to the task.""",5,5,== Career ==
http://www.w3.org/2002/07/owl#Thing,http://dbpedia.org/resource/Desire,Desire,487,42,0.9988760731089206,0.000641273163132469,"He also co-created Delirium, Despair, and Desire, basing his/her appearance on the work of Patrick Nagel, and had a hand in much of the character design apparent in the early series.",6,5,== Career ==
http://dbpedia.org/ontology/Species,http://dbpedia.org/resource/Desire,Desire,487,42,0.9988760731089206,0.000641273163132469,"He also co-created Delirium, Despair, and Desire, basing his/her appearance on the work of Patrick Nagel, and had a hand in much of the character design apparent in the early series.",6,5,== Career ==
http://www.w3.org/2002/07/owl#Thing,http://dbpedia.org/resource/Sandman,Sandman,588,34,0.9999999999983232,9.063792954625778e-13,"Dringenberg's work appears in the Sandman collections ""Preludes and Nocturnes"", ""The Doll's House"" and ""Season of Mists"".",0,6,== Career ==
http://dbpedia.org/ontology/FictionalCharacter,http://dbpedia.org/resource/Sandman,Sandman,588,34,0.9999999999983232,9.063792954625778e-13,"Dringenberg's work appears in the Sandman collections ""Preludes and Nocturnes"", ""The Doll's House"" and ""Season of Mists"".",0,6,== Career ==
http://www.w3.org/2002/07/owl#Thing,http://dbpedia.org/resource/Nocturne,Nocturnes,335,68,0.9999972481589684,2.184272594356391e-06,"Dringenberg's work appears in the Sandman collections ""Preludes and Nocturnes"", ""The Doll's House"" and ""Season of Mists"".",0,6,== Career ==
http://dbpedia.org/ontology/RecordLabel,http://dbpedia.org/resource/Nocturne,Nocturnes,335,68,0.9999972481589684,2.184272594356391e-06,"Dringenberg's work appears in the Sandman collections ""Preludes and Nocturnes"", ""The Doll's House"" and ""Season of Mists"".",0,6,== Career ==
http://www.w3.org/2002/07/owl#Thing,http://dbpedia.org/resource/Printing,printing,4092,24,0.9952010219621324,0.0037928228607738,"He is credited in every printing as being one of the series' creators, as he is responsible for the iconic representation of many of the principal characters.",1,6,== Career ==
http://dbpedia.org/ontology/MusicGenre,http://dbpedia.org/resource/Printing,printing,4092,24,0.9952010219621324,0.0037928228607738,"He is credited in every printing as being one of the series' creators, as he is responsible for the iconic representation of many of the principal characters.",1,6,== Career ==
http://dbpedia.org/ontology/Election,http://dbpedia.org/resource/Printing,printing,4092,24,0.9952010219621324,0.0037928228607738,"He is credited in every printing as being one of the series' creators, as he is responsible for the iconic representation of many of the principal characters.",1,6,== Career ==
http://dbpedia.org/class/yago/WikicatImageComicsGraphicNovels,http://dbpedia.org/resource/Comic_Book_Tattoo,Comic Book Tattoo,30,50,1.0,0.0,"In 2008, he was one of the artists for Tori Amos' Comic Book Tattoo anthology graphic novel.",2,6,== Career ==
http://dbpedia.org/ontology/Award,http://dbpedia.org/resource/Comic_Book_Tattoo,Comic Book Tattoo,30,50,1.0,0.0,"In 2008, he was one of the artists for Tori Amos' Comic Book Tattoo anthology graphic novel.",2,6,== Career ==
http://dbpedia.org/class/yago/Writing106362953,http://dbpedia.org/resource/Comic_Book_Tattoo,Comic Book Tattoo,30,50,1.0,0.0,"In 2008, he was one of the artists for Tori Amos' Comic Book Tattoo anthology graphic novel.",2,6,== Career ==
http://dbpedia.org/class/yago/WrittenCommunication106349220,http://dbpedia.org/resource/Comic_Book_Tattoo,Comic Book Tattoo,30,50,1.0,0.0,"In 2008, he was one of the artists for Tori Amos' Comic Book Tattoo anthology graphic novel.",2,6,== Career ==
http://dbpedia.org/class/yago/YagoPermanentlyLocatedEntity,http://dbpedia.org/resource/Comic_Book_Tattoo,Comic Book Tattoo,30,50,1.0,0.0,"In 2008, he was one of the artists for Tori Amos' Comic Book Tattoo anthology graphic novel.",2,6,== Career ==
http://dbpedia.org/class/yago/Abstraction100002137,http://dbpedia.org/resource/Comic_Book_Tattoo,Comic Book Tattoo,30,50,1.0,0.0,"In 2008, he was one of the artists for Tori Amos' Comic Book Tattoo anthology graphic novel.",2,6,== Career ==
http://dbpedia.org/class/yago/Act100030358,http://dbpedia.org/resource/Comic_Book_Tattoo,Comic Book Tattoo,30,50,1.0,0.0,"In 2008, he was one of the artists for Tori Amos' Comic Book Tattoo anthology graphic novel.",2,6,== Career ==
http://dbpedia.org/class/yago/Action100037396,http://dbpedia.org/resource/Comic_Book_Tattoo,Comic Book Tattoo,30,50,1.0,0.0,"In 2008, he was one of the artists for Tori Amos' Comic Book Tattoo anthology graphic novel.",2,6,== Career ==
http://dbpedia.org/class/yago/Beginning100235435,http://dbpedia.org/resource/Comic_Book_Tattoo,Comic Book Tattoo,30,50,1.0,0.0,"In 2008, he was one of the artists for Tori Amos' Comic Book Tattoo anthology graphic novel.",2,6,== Career ==
http://dbpedia.org/class/yago/Change100191142,http://dbpedia.org/resource/Comic_Book_Tattoo,Comic Book Tattoo,30,50,1.0,0.0,"In 2008, he was one of the artists for Tori Amos' Comic Book Tattoo anthology graphic novel.",2,6,== Career ==
http://dbpedia.org/class/yago/ChangeOfState100199130,http://dbpedia.org/resource/Comic_Book_Tattoo,Comic Book Tattoo,30,50,1.0,0.0,"In 2008, he was one of the artists for Tori Amos' Comic Book Tattoo anthology graphic novel.",2,6,== Career ==
http://dbpedia.org/class/yago/Communication100033020,http://dbpedia.org/resource/Comic_Book_Tattoo,Comic Book Tattoo,30,50,1.0,0.0,"In 2008, he was one of the artists for Tori Amos' Comic Book Tattoo anthology graphic novel.",2,6,== Career ==
http://dbpedia.org/class/yago/Event100029378,http://dbpedia.org/resource/Comic_Book_Tattoo,Comic Book Tattoo,30,50,1.0,0.0,"In 2008, he was one of the artists for Tori Amos' Comic Book Tattoo anthology graphic novel.",2,6,== Career ==
http://dbpedia.org/class/yago/Fiction106367107,http://dbpedia.org/resource/Comic_Book_Tattoo,Comic Book Tattoo,30,50,1.0,0.0,"In 2008, he was one of the artists for Tori Amos' Comic Book Tattoo anthology graphic novel.",2,6,== Career ==
http://dbpedia.org/class/yago/Introduction100238022,http://dbpedia.org/resource/Comic_Book_Tattoo,Comic Book Tattoo,30,50,1.0,0.0,"In 2008, he was one of the artists for Tori Amos' Comic Book Tattoo anthology graphic novel.",2,6,== Career ==
http://dbpedia.org/class/yago/LiteraryComposition106364329,http://dbpedia.org/resource/Comic_Book_Tattoo,Comic Book Tattoo,30,50,1.0,0.0,"In 2008, he was one of the artists for Tori Amos' Comic Book Tattoo anthology graphic novel.",2,6,== Career ==
http://dbpedia.org/class/yago/Novel106367879,http://dbpedia.org/resource/Comic_Book_Tattoo,Comic Book Tattoo,30,50,1.0,0.0,"In 2008, he was one of the artists for Tori Amos' Comic Book Tattoo anthology graphic novel.",2,6,== Career ==
http://dbpedia.org/class/yago/PsychologicalFeature100023100,http://dbpedia.org/resource/Comic_Book_Tattoo,Comic Book Tattoo,30,50,1.0,0.0,"In 2008, he was one of the artists for Tori Amos' Comic Book Tattoo anthology graphic novel.",2,6,== Career ==
http://dbpedia.org/class/yago/Wikicat2008ComicDebuts,http://dbpedia.org/resource/Comic_Book_Tattoo,Comic Book Tattoo,30,50,1.0,0.0,"In 2008, he was one of the artists for Tori Amos' Comic Book Tattoo anthology graphic novel.",2,6,== Career ==
http://www.w3.org/2002/07/owl#Thing,http://dbpedia.org/resource/Comics_anthology,anthology,381,68,0.988097405121216,0.0120271095435577,"In 2008, he was one of the artists for Tori Amos' Comic Book Tattoo anthology graphic novel.",2,6,== Career ==
http://dbpedia.org/class/yago/WikicatComics,http://dbpedia.org/resource/Comics_anthology,anthology,381,68,0.988097405121216,0.0120271095435577,"In 2008, he was one of the artists for Tori Amos' Comic Book Tattoo anthology graphic novel.",2,6,== Career ==
http://dbpedia.org/class/yago/YagoLegalActor,http://dbpedia.org/resource/Comics_anthology,anthology,381,68,0.988097405121216,0.0120271095435577,"In 2008, he was one of the artists for Tori Amos' Comic Book Tattoo anthology graphic novel.",2,6,== Career ==
http://dbpedia.org/class/yago/YagoLegalActorGeo,http://dbpedia.org/resource/Comics_anthology,anthology,381,68,0.988097405121216,0.0120271095435577,"In 2008, he was one of the artists for Tori Amos' Comic Book Tattoo anthology graphic novel.",2,6,== Career ==
http://dbpedia.org/class/yago/CausalAgent100007347,http://dbpedia.org/resource/Comics_anthology,anthology,381,68,0.988097405121216,0.0120271095435577,"In 2008, he was one of the artists for Tori Amos' Comic Book Tattoo anthology graphic novel.",2,6,== Career ==
http://dbpedia.org/class/yago/Comedian109940146,http://dbpedia.org/resource/Comics_anthology,anthology,381,68,0.988097405121216,0.0120271095435577,"In 2008, he was one of the artists for Tori Amos' Comic Book Tattoo anthology graphic novel.",2,6,== Career ==
http://dbpedia.org/class/yago/Entertainer109616922,http://dbpedia.org/resource/Comics_anthology,anthology,381,68,0.988097405121216,0.0120271095435577,"In 2008, he was one of the artists for Tori Amos' Comic Book Tattoo anthology graphic novel.",2,6,== Career ==
http://dbpedia.org/class/yago/LivingThing100004258,http://dbpedia.org/resource/Comics_anthology,anthology,381,68,0.988097405121216,0.0120271095435577,"In 2008, he was one of the artists for Tori Amos' Comic Book Tattoo anthology graphic novel.",2,6,== Career ==
http://dbpedia.org/class/yago/Object100002684,http://dbpedia.org/resource/Comics_anthology,anthology,381,68,0.988097405121216,0.0120271095435577,"In 2008, he was one of the artists for Tori Amos' Comic Book Tattoo anthology graphic novel.",2,6,== Career ==
http://dbpedia.org/class/yago/Organism100004475,http://dbpedia.org/resource/Comics_anthology,anthology,381,68,0.988097405121216,0.0120271095435577,"In 2008, he was one of the artists for Tori Amos' Comic Book Tattoo anthology graphic novel.",2,6,== Career ==
http://dbpedia.org/class/yago/Performer110415638,http://dbpedia.org/resource/Comics_anthology,anthology,381,68,0.988097405121216,0.0120271095435577,"In 2008, he was one of the artists for Tori Amos' Comic Book Tattoo anthology graphic novel.",2,6,== Career ==
http://dbpedia.org/class/yago/Person100007846,http://dbpedia.org/resource/Comics_anthology,anthology,381,68,0.988097405121216,0.0120271095435577,"In 2008, he was one of the artists for Tori Amos' Comic Book Tattoo anthology graphic novel.",2,6,== Career ==
http://dbpedia.org/class/yago/PhysicalEntity100001930,http://dbpedia.org/resource/Comics_anthology,anthology,381,68,0.988097405121216,0.0120271095435577,"In 2008, he was one of the artists for Tori Amos' Comic Book Tattoo anthology graphic novel.",2,6,== Career ==
http://dbpedia.org/class/yago/Whole100003553,http://dbpedia.org/resource/Comics_anthology,anthology,381,68,0.988097405121216,0.0120271095435577,"In 2008, he was one of the artists for Tori Amos' Comic Book Tattoo anthology graphic novel.",2,6,== Career ==
http://www.w3.org/2002/07/owl#Thing,http://dbpedia.org/resource/Compact_disc,CD,17061,50,0.9965876053653748,0.0028047544437029,"Dringenberg is an illustrator of book jackets and CD covers, most notably for various books by J. R. R. Tolkien, Kij Johnson, Charles de Lint, Kage Baker.",3,6,== Career ==
http://dbpedia.org/ontology/Software,http://dbpedia.org/resource/Compact_disc,CD,17061,50,0.9965876053653748,0.0028047544437029,"Dringenberg is an illustrator of book jackets and CD covers, most notably for various books by J. R. R. Tolkien, Kij Johnson, Charles de Lint, Kage Baker.",3,6,== Career ==
http://dbpedia.org/ontology/RecordLabel,http://dbpedia.org/resource/Compact_disc,CD,17061,50,0.9965876053653748,0.0028047544437029,"Dringenberg is an illustrator of book jackets and CD covers, most notably for various books by J. R. R. Tolkien, Kij Johnson, Charles de Lint, Kage Baker.",3,6,== Career ==
http://www.w3.org/2002/07/owl#Thing,http://dbpedia.org/resource/Sharyn_November,Sharyn November,45,59,1.0,0.0,He drew interior illustrations and chapter decorations for Sharyn November's Firebirds Soaring (2009).,4,6,== Career ==
http://dbpedia.org/ontology/Person,http://dbpedia.org/resource/Sharyn_November,Sharyn November,45,59,1.0,0.0,He drew interior illustrations and chapter decorations for Sharyn November's Firebirds Soaring (2009).,4,6,== Career ==
http://dbpedia.org/class/yago/WikicatAmericanBookEditors,http://dbpedia.org/resource/Sharyn_November,Sharyn November,45,59,1.0,0.0,He drew interior illustrations and chapter decorations for Sharyn November's Firebirds Soaring (2009).,4,6,== Career ==
http://dbpedia.org/class/yago/Worker109632518,http://dbpedia.org/resource/Sharyn_November,Sharyn November,45,59,1.0,0.0,He drew interior illustrations and chapter decorations for Sharyn November's Firebirds Soaring (2009).,4,6,== Career ==
http://dbpedia.org/class/yago/YagoLegalActor,http://dbpedia.org/resource/Sharyn_November,Sharyn November,45,59,1.0,0.0,He drew interior illustrations and chapter decorations for Sharyn November's Firebirds Soaring (2009).,4,6,== Career ==
http://dbpedia.org/class/yago/YagoLegalActorGeo,http://dbpedia.org/resource/Sharyn_November,Sharyn November,45,59,1.0,0.0,He drew interior illustrations and chapter decorations for Sharyn November's Firebirds Soaring (2009).,4,6,== Career ==
http://dbpedia.org/class/yago/WikicatLivingPeople,http://dbpedia.org/resource/Sharyn_November,Sharyn November,45,59,1.0,0.0,He drew interior illustrations and chapter decorations for Sharyn November's Firebirds Soaring (2009).,4,6,== Career ==
http://dbpedia.org/class/yago/WikicatSarahLawrenceCollegeAlumni,http://dbpedia.org/resource/Sharyn_November,Sharyn November,45,59,1.0,0.0,He drew interior illustrations and chapter decorations for Sharyn November's Firebirds Soaring (2009).,4,6,== Career ==
http://dbpedia.org/class/yago/WikicatScienceFictionEditors,http://dbpedia.org/resource/Sharyn_November,Sharyn November,45,59,1.0,0.0,He drew interior illustrations and chapter decorations for Sharyn November's Firebirds Soaring (2009).,4,6,== Career ==
http://dbpedia.org/class/yago/Alumnus109786338,http://dbpedia.org/resource/Sharyn_November,Sharyn November,45,59,1.0,0.0,He drew interior illustrations and chapter decorations for Sharyn November's Firebirds Soaring (2009).,4,6,== Career ==
http://dbpedia.org/class/yago/CausalAgent100007347,http://dbpedia.org/resource/Sharyn_November,Sharyn November,45,59,1.0,0.0,He drew interior illustrations and chapter decorations for Sharyn November's Firebirds Soaring (2009).,4,6,== Career ==
http://dbpedia.org/class/yago/Editor110044879,http://dbpedia.org/resource/Sharyn_November,Sharyn November,45,59,1.0,0.0,He drew interior illustrations and chapter decorations for Sharyn November's Firebirds Soaring (2009).,4,6,== Career ==
http://dbpedia.org/class/yago/Intellectual109621545,http://dbpedia.org/resource/Sharyn_November,Sharyn November,45,59,1.0,0.0,He drew interior illustrations and chapter decorations for Sharyn November's Firebirds Soaring (2009).,4,6,== Career ==
http://dbpedia.org/class/yago/LivingThing100004258,http://dbpedia.org/resource/Sharyn_November,Sharyn November,45,59,1.0,0.0,He drew interior illustrations and chapter decorations for Sharyn November's Firebirds Soaring (2009).,4,6,== Career ==
http://dbpedia.org/class/yago/Object100002684,http://dbpedia.org/resource/Sharyn_November,Sharyn November,45,59,1.0,0.0,He drew interior illustrations and chapter decorations for Sharyn November's Firebirds Soaring (2009).,4,6,== Career ==
http://dbpedia.org/class/yago/Organism100004475,http://dbpedia.org/resource/Sharyn_November,Sharyn November,45,59,1.0,0.0,He drew interior illustrations and chapter decorations for Sharyn November's Firebirds Soaring (2009).,4,6,== Career ==
http://dbpedia.org/class/yago/Person100007846,http://dbpedia.org/resource/Sharyn_November,Sharyn November,45,59,1.0,0.0,He drew interior illustrations and chapter decorations for Sharyn November's Firebirds Soaring (2009).,4,6,== Career ==
http://dbpedia.org/class/yago/PhysicalEntity100001930,http://dbpedia.org/resource/Sharyn_November,Sharyn November,45,59,1.0,0.0,He drew interior illustrations and chapter decorations for Sharyn November's Firebirds Soaring (2009).,4,6,== Career ==
http://dbpedia.org/class/yago/Scholar110557854,http://dbpedia.org/resource/Sharyn_November,Sharyn November,45,59,1.0,0.0,He drew interior illustrations and chapter decorations for Sharyn November's Firebirds Soaring (2009).,4,6,== Career ==
http://dbpedia.org/class/yago/SkilledWorker110605985,http://dbpedia.org/resource/Sharyn_November,Sharyn November,45,59,1.0,0.0,He drew interior illustrations and chapter decorations for Sharyn November's Firebirds Soaring (2009).,4,6,== Career ==
http://dbpedia.org/class/yago/Whole100003553,http://dbpedia.org/resource/Sharyn_November,Sharyn November,45,59,1.0,0.0,He drew interior illustrations and chapter decorations for Sharyn November's Firebirds Soaring (2009).,4,6,== Career ==
http://www.w3.org/2002/07/owl#Thing,http://dbpedia.org/resource/Compact_disc,CD,17061,39,0.998278946590275,0.0016498294083662,Mike has illustrated several album and CD covers for San Francisco's Big City Orchestra.,5,6,== Career ==
http://dbpedia.org/ontology/Software,http://dbpedia.org/resource/Compact_disc,CD,17061,39,0.998278946590275,0.0016498294083662,Mike has illustrated several album and CD covers for San Francisco's Big City Orchestra.,5,6,== Career ==
http://dbpedia.org/ontology/RecordLabel,http://dbpedia.org/resource/Compact_disc,CD,17061,39,0.998278946590275,0.0016498294083662,Mike has illustrated several album and CD covers for San Francisco's Big City Orchestra.,5,6,== Career ==
http://dbpedia.org/class/yago/YagoLegalActor,http://dbpedia.org/resource/Raven's_Nest,The Gathering,211,55,0.7403537558541907,0.3261301260374135,"He has also contributed artwork for a number of Magic: The Gathering cards, from 1996's Mirage to 2008's Eventide.",6,6,== Career ==
http://dbpedia.org/class/yago/YagoLegalActorGeo,http://dbpedia.org/resource/Raven's_Nest,The Gathering,211,55,0.7403537558541907,0.3261301260374135,"He has also contributed artwork for a number of Magic: The Gathering cards, from 1996's Mirage to 2008's Eventide.",6,6,== Career ==
http://dbpedia.org/class/yago/YagoPermanentlyLocatedEntity,http://dbpedia.org/resource/Raven's_Nest,The Gathering,211,55,0.7403537558541907,0.3261301260374135,"He has also contributed artwork for a number of Magic: The Gathering cards, from 1996's Mirage to 2008's Eventide.",6,6,== Career ==
http://dbpedia.org/class/yago/Abstraction100002137,http://dbpedia.org/resource/Raven's_Nest,The Gathering,211,55,0.7403537558541907,0.3261301260374135,"He has also contributed artwork for a number of Magic: The Gathering cards, from 1996's Mirage to 2008's Eventide.",6,6,== Career ==
http://dbpedia.org/class/yago/Cult108151490,http://dbpedia.org/resource/Raven's_Nest,The Gathering,211,55,0.7403537558541907,0.3261301260374135,"He has also contributed artwork for a number of Magic: The Gathering cards, from 1996's Mirage to 2008's Eventide.",6,6,== Career ==
http://dbpedia.org/class/yago/Group100031264,http://dbpedia.org/resource/Raven's_Nest,The Gathering,211,55,0.7403537558541907,0.3261301260374135,"He has also contributed artwork for a number of Magic: The Gathering cards, from 1996's Mirage to 2008's Eventide.",6,6,== Career ==
http://dbpedia.org/class/yago/Institution108053576,http://dbpedia.org/resource/Raven's_Nest,The Gathering,211,55,0.7403537558541907,0.3261301260374135,"He has also contributed artwork for a number of Magic: The Gathering cards, from 1996's Mirage to 2008's Eventide.",6,6,== Career ==
http://dbpedia.org/class/yago/Organization108008335,http://dbpedia.org/resource/Raven's_Nest,The Gathering,211,55,0.7403537558541907,0.3261301260374135,"He has also contributed artwork for a number of Magic: The Gathering cards, from 1996's Mirage to 2008's Eventide.",6,6,== Career ==
http://dbpedia.org/class/yago/Religion108081668,http://dbpedia.org/resource/Raven's_Nest,The Gathering,211,55,0.7403537558541907,0.3261301260374135,"He has also contributed artwork for a number of Magic: The Gathering cards, from 1996's Mirage to 2008's Eventide.",6,6,== Career ==
http://dbpedia.org/class/yago/SocialGroup107950920,http://dbpedia.org/resource/Raven's_Nest,The Gathering,211,55,0.7403537558541907,0.3261301260374135,"He has also contributed artwork for a number of Magic: The Gathering cards, from 1996's Mirage to 2008's Eventide.",6,6,== Career ==
http://dbpedia.org/class/yago/Team108208560,http://dbpedia.org/resource/Raven's_Nest,The Gathering,211,55,0.7403537558541907,0.3261301260374135,"He has also contributed artwork for a number of Magic: The Gathering cards, from 1996's Mirage to 2008's Eventide.",6,6,== Career ==
http://dbpedia.org/class/yago/Unit108189659,http://dbpedia.org/resource/Raven's_Nest,The Gathering,211,55,0.7403537558541907,0.3261301260374135,"He has also contributed artwork for a number of Magic: The Gathering cards, from 1996's Mirage to 2008's Eventide.",6,6,== Career ==
http://dbpedia.org/class/yago/WikicatFictionalCults,http://dbpedia.org/resource/Raven's_Nest,The Gathering,211,55,0.7403537558541907,0.3261301260374135,"He has also contributed artwork for a number of Magic: The Gathering cards, from 1996's Mirage to 2008's Eventide.",6,6,== Career ==
