types,URI,entity,support,offset,similarityScore,percentageOfSecondRank,sentence,sentenceIndex,paragraphIndex,section
http://www.w3.org/2002/07/owl#Thing,http://dbpedia.org/resource/Tenor_saxophone,tenor,8787,56,0.996548494533322,0.0034630090820691,"Harry Allen (born October 12, 1966) is an American jazz tenor saxophonist born in Washington, D.C.",0,0,
http://dbpedia.org/ontology/Person,http://dbpedia.org/resource/Tenor_saxophone,tenor,8787,56,0.996548494533322,0.0034630090820691,"Harry Allen (born October 12, 1966) is an American jazz tenor saxophonist born in Washington, D.C.",0,0,
http://dbpedia.org/class/yago/WikicatB-flatInstruments,http://dbpedia.org/resource/Tenor_saxophone,tenor,8787,56,0.996548494533322,0.0034630090820691,"Harry Allen (born October 12, 1966) is an American jazz tenor saxophonist born in Washington, D.C.",0,0,
http://dbpedia.org/ontology/MusicalArtist,http://dbpedia.org/resource/Tenor_saxophone,tenor,8787,56,0.996548494533322,0.0034630090820691,"Harry Allen (born October 12, 1966) is an American jazz tenor saxophonist born in Washington, D.C.",0,0,
http://dbpedia.org/class/yago/WikicatWoodwindInstruments,http://dbpedia.org/resource/Tenor_saxophone,tenor,8787,56,0.996548494533322,0.0034630090820691,"Harry Allen (born October 12, 1966) is an American jazz tenor saxophonist born in Washington, D.C.",0,0,
http://dbpedia.org/class/yago/WindInstrument104586932,http://dbpedia.org/resource/Tenor_saxophone,tenor,8787,56,0.996548494533322,0.0034630090820691,"Harry Allen (born October 12, 1966) is an American jazz tenor saxophonist born in Washington, D.C.",0,0,
http://dbpedia.org/class/yago/Woodwind104598582,http://dbpedia.org/resource/Tenor_saxophone,tenor,8787,56,0.996548494533322,0.0034630090820691,"Harry Allen (born October 12, 1966) is an American jazz tenor saxophonist born in Washington, D.C.",0,0,
http://dbpedia.org/class/yago/WikicatSaxophones,http://dbpedia.org/resource/Tenor_saxophone,tenor,8787,56,0.996548494533322,0.0034630090820691,"Harry Allen (born October 12, 1966) is an American jazz tenor saxophonist born in Washington, D.C.",0,0,
http://dbpedia.org/class/yago/Artifact100021939,http://dbpedia.org/resource/Tenor_saxophone,tenor,8787,56,0.996548494533322,0.0034630090820691,"Harry Allen (born October 12, 1966) is an American jazz tenor saxophonist born in Washington, D.C.",0,0,
http://dbpedia.org/class/yago/Beating-reedInstrument102817799,http://dbpedia.org/resource/Tenor_saxophone,tenor,8787,56,0.996548494533322,0.0034630090820691,"Harry Allen (born October 12, 1966) is an American jazz tenor saxophonist born in Washington, D.C.",0,0,
http://dbpedia.org/class/yago/Device103183080,http://dbpedia.org/resource/Tenor_saxophone,tenor,8787,56,0.996548494533322,0.0034630090820691,"Harry Allen (born October 12, 1966) is an American jazz tenor saxophonist born in Washington, D.C.",0,0,
http://dbpedia.org/class/yago/Instrument103574816,http://dbpedia.org/resource/Tenor_saxophone,tenor,8787,56,0.996548494533322,0.0034630090820691,"Harry Allen (born October 12, 1966) is an American jazz tenor saxophonist born in Washington, D.C.",0,0,
http://dbpedia.org/class/yago/Instrumentality103575240,http://dbpedia.org/resource/Tenor_saxophone,tenor,8787,56,0.996548494533322,0.0034630090820691,"Harry Allen (born October 12, 1966) is an American jazz tenor saxophonist born in Washington, D.C.",0,0,
http://dbpedia.org/class/yago/MusicalInstrument103800933,http://dbpedia.org/resource/Tenor_saxophone,tenor,8787,56,0.996548494533322,0.0034630090820691,"Harry Allen (born October 12, 1966) is an American jazz tenor saxophonist born in Washington, D.C.",0,0,
http://dbpedia.org/class/yago/Object100002684,http://dbpedia.org/resource/Tenor_saxophone,tenor,8787,56,0.996548494533322,0.0034630090820691,"Harry Allen (born October 12, 1966) is an American jazz tenor saxophonist born in Washington, D.C.",0,0,
http://dbpedia.org/class/yago/PhysicalEntity100001930,http://dbpedia.org/resource/Tenor_saxophone,tenor,8787,56,0.996548494533322,0.0034630090820691,"Harry Allen (born October 12, 1966) is an American jazz tenor saxophonist born in Washington, D.C.",0,0,
http://dbpedia.org/class/yago/Sax104141076,http://dbpedia.org/resource/Tenor_saxophone,tenor,8787,56,0.996548494533322,0.0034630090820691,"Harry Allen (born October 12, 1966) is an American jazz tenor saxophonist born in Washington, D.C.",0,0,
http://dbpedia.org/class/yago/Single-reedInstrument104222847,http://dbpedia.org/resource/Tenor_saxophone,tenor,8787,56,0.996548494533322,0.0034630090820691,"Harry Allen (born October 12, 1966) is an American jazz tenor saxophonist born in Washington, D.C.",0,0,
http://dbpedia.org/class/yago/Whole100003553,http://dbpedia.org/resource/Tenor_saxophone,tenor,8787,56,0.996548494533322,0.0034630090820691,"Harry Allen (born October 12, 1966) is an American jazz tenor saxophonist born in Washington, D.C.",0,0,
http://dbpedia.org/class/yago/WikicatTransposingInstruments,http://dbpedia.org/resource/Tenor_saxophone,tenor,8787,56,0.996548494533322,0.0034630090820691,"Harry Allen (born October 12, 1966) is an American jazz tenor saxophonist born in Washington, D.C.",0,0,
http://www.w3.org/2002/07/owl#Thing,http://dbpedia.org/resource/Saxophone,saxophonist,10094,62,0.9173623777645746,0.0900817650435084,"Harry Allen (born October 12, 1966) is an American jazz tenor saxophonist born in Washington, D.C.",0,0,
http://dbpedia.org/ontology/PersonFunction,http://dbpedia.org/resource/Saxophone,saxophonist,10094,62,0.9173623777645746,0.0900817650435084,"Harry Allen (born October 12, 1966) is an American jazz tenor saxophonist born in Washington, D.C.",0,0,
http://www.w3.org/2002/07/owl#Thing,http://dbpedia.org/resource/Keith_Ingham,Keith Ingham,50,63,1.0,0.0,"He is best known for his work with John Colianni, Dori Caymmi, Keith Ingham, John Pizzarelli, and Bucky Pizzarelli.",2,0,
http://dbpedia.org/ontology/Person,http://dbpedia.org/resource/Keith_Ingham,Keith Ingham,50,63,1.0,0.0,"He is best known for his work with John Colianni, Dori Caymmi, Keith Ingham, John Pizzarelli, and Bucky Pizzarelli.",2,0,
http://dbpedia.org/class/yago/WikicatJazzPianists,http://dbpedia.org/resource/Keith_Ingham,Keith Ingham,50,63,1.0,0.0,"He is best known for his work with John Colianni, Dori Caymmi, Keith Ingham, John Pizzarelli, and Bucky Pizzarelli.",2,0,
http://dbpedia.org/class/yago/WikicatPeopleFromLondon,http://dbpedia.org/resource/Keith_Ingham,Keith Ingham,50,63,1.0,0.0,"He is best known for his work with John Colianni, Dori Caymmi, Keith Ingham, John Pizzarelli, and Bucky Pizzarelli.",2,0,
http://dbpedia.org/class/yago/WikicatBritishMusicians,http://dbpedia.org/resource/Keith_Ingham,Keith Ingham,50,63,1.0,0.0,"He is best known for his work with John Colianni, Dori Caymmi, Keith Ingham, John Pizzarelli, and Bucky Pizzarelli.",2,0,
http://dbpedia.org/class/yago/YagoLegalActor,http://dbpedia.org/resource/Keith_Ingham,Keith Ingham,50,63,1.0,0.0,"He is best known for his work with John Colianni, Dori Caymmi, Keith Ingham, John Pizzarelli, and Bucky Pizzarelli.",2,0,
http://dbpedia.org/class/yago/YagoLegalActorGeo,http://dbpedia.org/resource/Keith_Ingham,Keith Ingham,50,63,1.0,0.0,"He is best known for his work with John Colianni, Dori Caymmi, Keith Ingham, John Pizzarelli, and Bucky Pizzarelli.",2,0,
http://dbpedia.org/class/yago/WikicatLivingPeople,http://dbpedia.org/resource/Keith_Ingham,Keith Ingham,50,63,1.0,0.0,"He is best known for his work with John Colianni, Dori Caymmi, Keith Ingham, John Pizzarelli, and Bucky Pizzarelli.",2,0,
http://dbpedia.org/class/yago/Artist109812338,http://dbpedia.org/resource/Keith_Ingham,Keith Ingham,50,63,1.0,0.0,"He is best known for his work with John Colianni, Dori Caymmi, Keith Ingham, John Pizzarelli, and Bucky Pizzarelli.",2,0,
http://dbpedia.org/class/yago/CausalAgent100007347,http://dbpedia.org/resource/Keith_Ingham,Keith Ingham,50,63,1.0,0.0,"He is best known for his work with John Colianni, Dori Caymmi, Keith Ingham, John Pizzarelli, and Bucky Pizzarelli.",2,0,
http://dbpedia.org/class/yago/Creator109614315,http://dbpedia.org/resource/Keith_Ingham,Keith Ingham,50,63,1.0,0.0,"He is best known for his work with John Colianni, Dori Caymmi, Keith Ingham, John Pizzarelli, and Bucky Pizzarelli.",2,0,
http://dbpedia.org/class/yago/Entertainer109616922,http://dbpedia.org/resource/Keith_Ingham,Keith Ingham,50,63,1.0,0.0,"He is best known for his work with John Colianni, Dori Caymmi, Keith Ingham, John Pizzarelli, and Bucky Pizzarelli.",2,0,
http://dbpedia.org/class/yago/LivingThing100004258,http://dbpedia.org/resource/Keith_Ingham,Keith Ingham,50,63,1.0,0.0,"He is best known for his work with John Colianni, Dori Caymmi, Keith Ingham, John Pizzarelli, and Bucky Pizzarelli.",2,0,
http://dbpedia.org/class/yago/Musician110339966,http://dbpedia.org/resource/Keith_Ingham,Keith Ingham,50,63,1.0,0.0,"He is best known for his work with John Colianni, Dori Caymmi, Keith Ingham, John Pizzarelli, and Bucky Pizzarelli.",2,0,
http://dbpedia.org/class/yago/Musician110340312,http://dbpedia.org/resource/Keith_Ingham,Keith Ingham,50,63,1.0,0.0,"He is best known for his work with John Colianni, Dori Caymmi, Keith Ingham, John Pizzarelli, and Bucky Pizzarelli.",2,0,
http://dbpedia.org/class/yago/Object100002684,http://dbpedia.org/resource/Keith_Ingham,Keith Ingham,50,63,1.0,0.0,"He is best known for his work with John Colianni, Dori Caymmi, Keith Ingham, John Pizzarelli, and Bucky Pizzarelli.",2,0,
http://dbpedia.org/class/yago/Organism100004475,http://dbpedia.org/resource/Keith_Ingham,Keith Ingham,50,63,1.0,0.0,"He is best known for his work with John Colianni, Dori Caymmi, Keith Ingham, John Pizzarelli, and Bucky Pizzarelli.",2,0,
http://dbpedia.org/class/yago/Performer110415638,http://dbpedia.org/resource/Keith_Ingham,Keith Ingham,50,63,1.0,0.0,"He is best known for his work with John Colianni, Dori Caymmi, Keith Ingham, John Pizzarelli, and Bucky Pizzarelli.",2,0,
http://dbpedia.org/class/yago/Person100007846,http://dbpedia.org/resource/Keith_Ingham,Keith Ingham,50,63,1.0,0.0,"He is best known for his work with John Colianni, Dori Caymmi, Keith Ingham, John Pizzarelli, and Bucky Pizzarelli.",2,0,
http://dbpedia.org/class/yago/PhysicalEntity100001930,http://dbpedia.org/resource/Keith_Ingham,Keith Ingham,50,63,1.0,0.0,"He is best known for his work with John Colianni, Dori Caymmi, Keith Ingham, John Pizzarelli, and Bucky Pizzarelli.",2,0,
http://dbpedia.org/class/yago/Pianist110430665,http://dbpedia.org/resource/Keith_Ingham,Keith Ingham,50,63,1.0,0.0,"He is best known for his work with John Colianni, Dori Caymmi, Keith Ingham, John Pizzarelli, and Bucky Pizzarelli.",2,0,
http://dbpedia.org/class/yago/Whole100003553,http://dbpedia.org/resource/Keith_Ingham,Keith Ingham,50,63,1.0,0.0,"He is best known for his work with John Colianni, Dori Caymmi, Keith Ingham, John Pizzarelli, and Bucky Pizzarelli.",2,0,
http://dbpedia.org/class/yago/WikicatEnglishJazzPianists,http://dbpedia.org/resource/Keith_Ingham,Keith Ingham,50,63,1.0,0.0,"He is best known for his work with John Colianni, Dori Caymmi, Keith Ingham, John Pizzarelli, and Bucky Pizzarelli.",2,0,
http://www.w3.org/2002/07/owl#Thing,http://dbpedia.org/resource/Tenor_saxophone,tenor,8787,76,0.9444243341417626,0.0588321284591554,"As a child, his father played records for him; these included recordings of tenor saxophonist Paul Gonsalves, which made a lasting impression.",1,2,== Early life and career ==
http://dbpedia.org/ontology/Person,http://dbpedia.org/resource/Tenor_saxophone,tenor,8787,76,0.9444243341417626,0.0588321284591554,"As a child, his father played records for him; these included recordings of tenor saxophonist Paul Gonsalves, which made a lasting impression.",1,2,== Early life and career ==
http://dbpedia.org/class/yago/WikicatB-flatInstruments,http://dbpedia.org/resource/Tenor_saxophone,tenor,8787,76,0.9444243341417626,0.0588321284591554,"As a child, his father played records for him; these included recordings of tenor saxophonist Paul Gonsalves, which made a lasting impression.",1,2,== Early life and career ==
http://dbpedia.org/ontology/MusicalArtist,http://dbpedia.org/resource/Tenor_saxophone,tenor,8787,76,0.9444243341417626,0.0588321284591554,"As a child, his father played records for him; these included recordings of tenor saxophonist Paul Gonsalves, which made a lasting impression.",1,2,== Early life and career ==
http://dbpedia.org/class/yago/WikicatWoodwindInstruments,http://dbpedia.org/resource/Tenor_saxophone,tenor,8787,76,0.9444243341417626,0.0588321284591554,"As a child, his father played records for him; these included recordings of tenor saxophonist Paul Gonsalves, which made a lasting impression.",1,2,== Early life and career ==
http://dbpedia.org/class/yago/WindInstrument104586932,http://dbpedia.org/resource/Tenor_saxophone,tenor,8787,76,0.9444243341417626,0.0588321284591554,"As a child, his father played records for him; these included recordings of tenor saxophonist Paul Gonsalves, which made a lasting impression.",1,2,== Early life and career ==
http://dbpedia.org/class/yago/Woodwind104598582,http://dbpedia.org/resource/Tenor_saxophone,tenor,8787,76,0.9444243341417626,0.0588321284591554,"As a child, his father played records for him; these included recordings of tenor saxophonist Paul Gonsalves, which made a lasting impression.",1,2,== Early life and career ==
http://dbpedia.org/class/yago/WikicatSaxophones,http://dbpedia.org/resource/Tenor_saxophone,tenor,8787,76,0.9444243341417626,0.0588321284591554,"As a child, his father played records for him; these included recordings of tenor saxophonist Paul Gonsalves, which made a lasting impression.",1,2,== Early life and career ==
http://dbpedia.org/class/yago/Artifact100021939,http://dbpedia.org/resource/Tenor_saxophone,tenor,8787,76,0.9444243341417626,0.0588321284591554,"As a child, his father played records for him; these included recordings of tenor saxophonist Paul Gonsalves, which made a lasting impression.",1,2,== Early life and career ==
http://dbpedia.org/class/yago/Beating-reedInstrument102817799,http://dbpedia.org/resource/Tenor_saxophone,tenor,8787,76,0.9444243341417626,0.0588321284591554,"As a child, his father played records for him; these included recordings of tenor saxophonist Paul Gonsalves, which made a lasting impression.",1,2,== Early life and career ==
http://dbpedia.org/class/yago/Device103183080,http://dbpedia.org/resource/Tenor_saxophone,tenor,8787,76,0.9444243341417626,0.0588321284591554,"As a child, his father played records for him; these included recordings of tenor saxophonist Paul Gonsalves, which made a lasting impression.",1,2,== Early life and career ==
http://dbpedia.org/class/yago/Instrument103574816,http://dbpedia.org/resource/Tenor_saxophone,tenor,8787,76,0.9444243341417626,0.0588321284591554,"As a child, his father played records for him; these included recordings of tenor saxophonist Paul Gonsalves, which made a lasting impression.",1,2,== Early life and career ==
http://dbpedia.org/class/yago/Instrumentality103575240,http://dbpedia.org/resource/Tenor_saxophone,tenor,8787,76,0.9444243341417626,0.0588321284591554,"As a child, his father played records for him; these included recordings of tenor saxophonist Paul Gonsalves, which made a lasting impression.",1,2,== Early life and career ==
http://dbpedia.org/class/yago/MusicalInstrument103800933,http://dbpedia.org/resource/Tenor_saxophone,tenor,8787,76,0.9444243341417626,0.0588321284591554,"As a child, his father played records for him; these included recordings of tenor saxophonist Paul Gonsalves, which made a lasting impression.",1,2,== Early life and career ==
http://dbpedia.org/class/yago/Object100002684,http://dbpedia.org/resource/Tenor_saxophone,tenor,8787,76,0.9444243341417626,0.0588321284591554,"As a child, his father played records for him; these included recordings of tenor saxophonist Paul Gonsalves, which made a lasting impression.",1,2,== Early life and career ==
http://dbpedia.org/class/yago/PhysicalEntity100001930,http://dbpedia.org/resource/Tenor_saxophone,tenor,8787,76,0.9444243341417626,0.0588321284591554,"As a child, his father played records for him; these included recordings of tenor saxophonist Paul Gonsalves, which made a lasting impression.",1,2,== Early life and career ==
http://dbpedia.org/class/yago/Sax104141076,http://dbpedia.org/resource/Tenor_saxophone,tenor,8787,76,0.9444243341417626,0.0588321284591554,"As a child, his father played records for him; these included recordings of tenor saxophonist Paul Gonsalves, which made a lasting impression.",1,2,== Early life and career ==
http://dbpedia.org/class/yago/Single-reedInstrument104222847,http://dbpedia.org/resource/Tenor_saxophone,tenor,8787,76,0.9444243341417626,0.0588321284591554,"As a child, his father played records for him; these included recordings of tenor saxophonist Paul Gonsalves, which made a lasting impression.",1,2,== Early life and career ==
http://dbpedia.org/class/yago/Whole100003553,http://dbpedia.org/resource/Tenor_saxophone,tenor,8787,76,0.9444243341417626,0.0588321284591554,"As a child, his father played records for him; these included recordings of tenor saxophonist Paul Gonsalves, which made a lasting impression.",1,2,== Early life and career ==
http://dbpedia.org/class/yago/WikicatTransposingInstruments,http://dbpedia.org/resource/Tenor_saxophone,tenor,8787,76,0.9444243341417626,0.0588321284591554,"As a child, his father played records for him; these included recordings of tenor saxophonist Paul Gonsalves, which made a lasting impression.",1,2,== Early life and career ==
http://www.w3.org/2002/07/owl#Thing,http://dbpedia.org/resource/Saxophone,saxophonist,10094,82,0.9944370035997196,0.0055941163955138,"As a child, his father played records for him; these included recordings of tenor saxophonist Paul Gonsalves, which made a lasting impression.",1,2,== Early life and career ==
http://dbpedia.org/ontology/PersonFunction,http://dbpedia.org/resource/Saxophone,saxophonist,10094,82,0.9944370035997196,0.0055941163955138,"As a child, his father played records for him; these included recordings of tenor saxophonist Paul Gonsalves, which made a lasting impression.",1,2,== Early life and career ==
http://www.w3.org/2002/07/owl#Thing,http://dbpedia.org/resource/Tenor_saxophone,tenor,8787,101,0.9950655339772588,0.0049473509828412,"In high school he was an exceptional talent able to play tunes such as Body and Soul in the style of tenor players Coleman Hawkins, Ben Webster, and Flip Phillips.",2,2,== Early life and career ==
http://dbpedia.org/ontology/Person,http://dbpedia.org/resource/Tenor_saxophone,tenor,8787,101,0.9950655339772588,0.0049473509828412,"In high school he was an exceptional talent able to play tunes such as Body and Soul in the style of tenor players Coleman Hawkins, Ben Webster, and Flip Phillips.",2,2,== Early life and career ==
http://dbpedia.org/class/yago/WikicatB-flatInstruments,http://dbpedia.org/resource/Tenor_saxophone,tenor,8787,101,0.9950655339772588,0.0049473509828412,"In high school he was an exceptional talent able to play tunes such as Body and Soul in the style of tenor players Coleman Hawkins, Ben Webster, and Flip Phillips.",2,2,== Early life and career ==
http://dbpedia.org/ontology/MusicalArtist,http://dbpedia.org/resource/Tenor_saxophone,tenor,8787,101,0.9950655339772588,0.0049473509828412,"In high school he was an exceptional talent able to play tunes such as Body and Soul in the style of tenor players Coleman Hawkins, Ben Webster, and Flip Phillips.",2,2,== Early life and career ==
http://dbpedia.org/class/yago/WikicatWoodwindInstruments,http://dbpedia.org/resource/Tenor_saxophone,tenor,8787,101,0.9950655339772588,0.0049473509828412,"In high school he was an exceptional talent able to play tunes such as Body and Soul in the style of tenor players Coleman Hawkins, Ben Webster, and Flip Phillips.",2,2,== Early life and career ==
http://dbpedia.org/class/yago/WindInstrument104586932,http://dbpedia.org/resource/Tenor_saxophone,tenor,8787,101,0.9950655339772588,0.0049473509828412,"In high school he was an exceptional talent able to play tunes such as Body and Soul in the style of tenor players Coleman Hawkins, Ben Webster, and Flip Phillips.",2,2,== Early life and career ==
http://dbpedia.org/class/yago/Woodwind104598582,http://dbpedia.org/resource/Tenor_saxophone,tenor,8787,101,0.9950655339772588,0.0049473509828412,"In high school he was an exceptional talent able to play tunes such as Body and Soul in the style of tenor players Coleman Hawkins, Ben Webster, and Flip Phillips.",2,2,== Early life and career ==
http://dbpedia.org/class/yago/WikicatSaxophones,http://dbpedia.org/resource/Tenor_saxophone,tenor,8787,101,0.9950655339772588,0.0049473509828412,"In high school he was an exceptional talent able to play tunes such as Body and Soul in the style of tenor players Coleman Hawkins, Ben Webster, and Flip Phillips.",2,2,== Early life and career ==
http://dbpedia.org/class/yago/Artifact100021939,http://dbpedia.org/resource/Tenor_saxophone,tenor,8787,101,0.9950655339772588,0.0049473509828412,"In high school he was an exceptional talent able to play tunes such as Body and Soul in the style of tenor players Coleman Hawkins, Ben Webster, and Flip Phillips.",2,2,== Early life and career ==
http://dbpedia.org/class/yago/Beating-reedInstrument102817799,http://dbpedia.org/resource/Tenor_saxophone,tenor,8787,101,0.9950655339772588,0.0049473509828412,"In high school he was an exceptional talent able to play tunes such as Body and Soul in the style of tenor players Coleman Hawkins, Ben Webster, and Flip Phillips.",2,2,== Early life and career ==
http://dbpedia.org/class/yago/Device103183080,http://dbpedia.org/resource/Tenor_saxophone,tenor,8787,101,0.9950655339772588,0.0049473509828412,"In high school he was an exceptional talent able to play tunes such as Body and Soul in the style of tenor players Coleman Hawkins, Ben Webster, and Flip Phillips.",2,2,== Early life and career ==
http://dbpedia.org/class/yago/Instrument103574816,http://dbpedia.org/resource/Tenor_saxophone,tenor,8787,101,0.9950655339772588,0.0049473509828412,"In high school he was an exceptional talent able to play tunes such as Body and Soul in the style of tenor players Coleman Hawkins, Ben Webster, and Flip Phillips.",2,2,== Early life and career ==
http://dbpedia.org/class/yago/Instrumentality103575240,http://dbpedia.org/resource/Tenor_saxophone,tenor,8787,101,0.9950655339772588,0.0049473509828412,"In high school he was an exceptional talent able to play tunes such as Body and Soul in the style of tenor players Coleman Hawkins, Ben Webster, and Flip Phillips.",2,2,== Early life and career ==
http://dbpedia.org/class/yago/MusicalInstrument103800933,http://dbpedia.org/resource/Tenor_saxophone,tenor,8787,101,0.9950655339772588,0.0049473509828412,"In high school he was an exceptional talent able to play tunes such as Body and Soul in the style of tenor players Coleman Hawkins, Ben Webster, and Flip Phillips.",2,2,== Early life and career ==
http://dbpedia.org/class/yago/Object100002684,http://dbpedia.org/resource/Tenor_saxophone,tenor,8787,101,0.9950655339772588,0.0049473509828412,"In high school he was an exceptional talent able to play tunes such as Body and Soul in the style of tenor players Coleman Hawkins, Ben Webster, and Flip Phillips.",2,2,== Early life and career ==
http://dbpedia.org/class/yago/PhysicalEntity100001930,http://dbpedia.org/resource/Tenor_saxophone,tenor,8787,101,0.9950655339772588,0.0049473509828412,"In high school he was an exceptional talent able to play tunes such as Body and Soul in the style of tenor players Coleman Hawkins, Ben Webster, and Flip Phillips.",2,2,== Early life and career ==
http://dbpedia.org/class/yago/Sax104141076,http://dbpedia.org/resource/Tenor_saxophone,tenor,8787,101,0.9950655339772588,0.0049473509828412,"In high school he was an exceptional talent able to play tunes such as Body and Soul in the style of tenor players Coleman Hawkins, Ben Webster, and Flip Phillips.",2,2,== Early life and career ==
http://dbpedia.org/class/yago/Single-reedInstrument104222847,http://dbpedia.org/resource/Tenor_saxophone,tenor,8787,101,0.9950655339772588,0.0049473509828412,"In high school he was an exceptional talent able to play tunes such as Body and Soul in the style of tenor players Coleman Hawkins, Ben Webster, and Flip Phillips.",2,2,== Early life and career ==
http://dbpedia.org/class/yago/Whole100003553,http://dbpedia.org/resource/Tenor_saxophone,tenor,8787,101,0.9950655339772588,0.0049473509828412,"In high school he was an exceptional talent able to play tunes such as Body and Soul in the style of tenor players Coleman Hawkins, Ben Webster, and Flip Phillips.",2,2,== Early life and career ==
http://dbpedia.org/class/yago/WikicatTransposingInstruments,http://dbpedia.org/resource/Tenor_saxophone,tenor,8787,101,0.9950655339772588,0.0049473509828412,"In high school he was an exceptional talent able to play tunes such as Body and Soul in the style of tenor players Coleman Hawkins, Ben Webster, and Flip Phillips.",2,2,== Early life and career ==
http://www.w3.org/2002/07/owl#Thing,http://dbpedia.org/resource/Tenor_saxophone,tenor saxophone,8787,72,0.9999887012896196,1.129883805442893e-05,"Allen was described by C. Michael Bailey as ""the 'Frank Sinatra' of the tenor saxophone: a master interpreter of standards"" in 2008.",2,3,== Early life and career ==
http://dbpedia.org/ontology/Person,http://dbpedia.org/resource/Tenor_saxophone,tenor saxophone,8787,72,0.9999887012896196,1.129883805442893e-05,"Allen was described by C. Michael Bailey as ""the 'Frank Sinatra' of the tenor saxophone: a master interpreter of standards"" in 2008.",2,3,== Early life and career ==
http://dbpedia.org/class/yago/WikicatB-flatInstruments,http://dbpedia.org/resource/Tenor_saxophone,tenor saxophone,8787,72,0.9999887012896196,1.129883805442893e-05,"Allen was described by C. Michael Bailey as ""the 'Frank Sinatra' of the tenor saxophone: a master interpreter of standards"" in 2008.",2,3,== Early life and career ==
http://dbpedia.org/ontology/MusicalArtist,http://dbpedia.org/resource/Tenor_saxophone,tenor saxophone,8787,72,0.9999887012896196,1.129883805442893e-05,"Allen was described by C. Michael Bailey as ""the 'Frank Sinatra' of the tenor saxophone: a master interpreter of standards"" in 2008.",2,3,== Early life and career ==
http://dbpedia.org/class/yago/WikicatWoodwindInstruments,http://dbpedia.org/resource/Tenor_saxophone,tenor saxophone,8787,72,0.9999887012896196,1.129883805442893e-05,"Allen was described by C. Michael Bailey as ""the 'Frank Sinatra' of the tenor saxophone: a master interpreter of standards"" in 2008.",2,3,== Early life and career ==
http://dbpedia.org/class/yago/WindInstrument104586932,http://dbpedia.org/resource/Tenor_saxophone,tenor saxophone,8787,72,0.9999887012896196,1.129883805442893e-05,"Allen was described by C. Michael Bailey as ""the 'Frank Sinatra' of the tenor saxophone: a master interpreter of standards"" in 2008.",2,3,== Early life and career ==
http://dbpedia.org/class/yago/Woodwind104598582,http://dbpedia.org/resource/Tenor_saxophone,tenor saxophone,8787,72,0.9999887012896196,1.129883805442893e-05,"Allen was described by C. Michael Bailey as ""the 'Frank Sinatra' of the tenor saxophone: a master interpreter of standards"" in 2008.",2,3,== Early life and career ==
http://dbpedia.org/class/yago/WikicatSaxophones,http://dbpedia.org/resource/Tenor_saxophone,tenor saxophone,8787,72,0.9999887012896196,1.129883805442893e-05,"Allen was described by C. Michael Bailey as ""the 'Frank Sinatra' of the tenor saxophone: a master interpreter of standards"" in 2008.",2,3,== Early life and career ==
http://dbpedia.org/class/yago/Artifact100021939,http://dbpedia.org/resource/Tenor_saxophone,tenor saxophone,8787,72,0.9999887012896196,1.129883805442893e-05,"Allen was described by C. Michael Bailey as ""the 'Frank Sinatra' of the tenor saxophone: a master interpreter of standards"" in 2008.",2,3,== Early life and career ==
http://dbpedia.org/class/yago/Beating-reedInstrument102817799,http://dbpedia.org/resource/Tenor_saxophone,tenor saxophone,8787,72,0.9999887012896196,1.129883805442893e-05,"Allen was described by C. Michael Bailey as ""the 'Frank Sinatra' of the tenor saxophone: a master interpreter of standards"" in 2008.",2,3,== Early life and career ==
http://dbpedia.org/class/yago/Device103183080,http://dbpedia.org/resource/Tenor_saxophone,tenor saxophone,8787,72,0.9999887012896196,1.129883805442893e-05,"Allen was described by C. Michael Bailey as ""the 'Frank Sinatra' of the tenor saxophone: a master interpreter of standards"" in 2008.",2,3,== Early life and career ==
http://dbpedia.org/class/yago/Instrument103574816,http://dbpedia.org/resource/Tenor_saxophone,tenor saxophone,8787,72,0.9999887012896196,1.129883805442893e-05,"Allen was described by C. Michael Bailey as ""the 'Frank Sinatra' of the tenor saxophone: a master interpreter of standards"" in 2008.",2,3,== Early life and career ==
http://dbpedia.org/class/yago/Instrumentality103575240,http://dbpedia.org/resource/Tenor_saxophone,tenor saxophone,8787,72,0.9999887012896196,1.129883805442893e-05,"Allen was described by C. Michael Bailey as ""the 'Frank Sinatra' of the tenor saxophone: a master interpreter of standards"" in 2008.",2,3,== Early life and career ==
http://dbpedia.org/class/yago/MusicalInstrument103800933,http://dbpedia.org/resource/Tenor_saxophone,tenor saxophone,8787,72,0.9999887012896196,1.129883805442893e-05,"Allen was described by C. Michael Bailey as ""the 'Frank Sinatra' of the tenor saxophone: a master interpreter of standards"" in 2008.",2,3,== Early life and career ==
http://dbpedia.org/class/yago/Object100002684,http://dbpedia.org/resource/Tenor_saxophone,tenor saxophone,8787,72,0.9999887012896196,1.129883805442893e-05,"Allen was described by C. Michael Bailey as ""the 'Frank Sinatra' of the tenor saxophone: a master interpreter of standards"" in 2008.",2,3,== Early life and career ==
http://dbpedia.org/class/yago/PhysicalEntity100001930,http://dbpedia.org/resource/Tenor_saxophone,tenor saxophone,8787,72,0.9999887012896196,1.129883805442893e-05,"Allen was described by C. Michael Bailey as ""the 'Frank Sinatra' of the tenor saxophone: a master interpreter of standards"" in 2008.",2,3,== Early life and career ==
http://dbpedia.org/class/yago/Sax104141076,http://dbpedia.org/resource/Tenor_saxophone,tenor saxophone,8787,72,0.9999887012896196,1.129883805442893e-05,"Allen was described by C. Michael Bailey as ""the 'Frank Sinatra' of the tenor saxophone: a master interpreter of standards"" in 2008.",2,3,== Early life and career ==
http://dbpedia.org/class/yago/Single-reedInstrument104222847,http://dbpedia.org/resource/Tenor_saxophone,tenor saxophone,8787,72,0.9999887012896196,1.129883805442893e-05,"Allen was described by C. Michael Bailey as ""the 'Frank Sinatra' of the tenor saxophone: a master interpreter of standards"" in 2008.",2,3,== Early life and career ==
http://dbpedia.org/class/yago/Whole100003553,http://dbpedia.org/resource/Tenor_saxophone,tenor saxophone,8787,72,0.9999887012896196,1.129883805442893e-05,"Allen was described by C. Michael Bailey as ""the 'Frank Sinatra' of the tenor saxophone: a master interpreter of standards"" in 2008.",2,3,== Early life and career ==
http://dbpedia.org/class/yago/WikicatTransposingInstruments,http://dbpedia.org/resource/Tenor_saxophone,tenor saxophone,8787,72,0.9999887012896196,1.129883805442893e-05,"Allen was described by C. Michael Bailey as ""the 'Frank Sinatra' of the tenor saxophone: a master interpreter of standards"" in 2008.",2,3,== Early life and career ==
http://www.w3.org/2002/07/owl#Thing,http://dbpedia.org/resource/Language_interpretation,interpreter,1228,98,0.9995390579715242,0.00036916366004938016,"Allen was described by C. Michael Bailey as ""the 'Frank Sinatra' of the tenor saxophone: a master interpreter of standards"" in 2008.",2,3,== Early life and career ==
http://dbpedia.org/class/yago/WikicatInterpreters,http://dbpedia.org/resource/Language_interpretation,interpreter,1228,98,0.9995390579715242,0.00036916366004938016,"Allen was described by C. Michael Bailey as ""the 'Frank Sinatra' of the tenor saxophone: a master interpreter of standards"" in 2008.",2,3,== Early life and career ==
http://dbpedia.org/ontology/PersonFunction,http://dbpedia.org/resource/Language_interpretation,interpreter,1228,98,0.9995390579715242,0.00036916366004938016,"Allen was described by C. Michael Bailey as ""the 'Frank Sinatra' of the tenor saxophone: a master interpreter of standards"" in 2008.",2,3,== Early life and career ==
http://dbpedia.org/class/yago/WikicatDeafnessOrganizations,http://dbpedia.org/resource/Language_interpretation,interpreter,1228,98,0.9995390579715242,0.00036916366004938016,"Allen was described by C. Michael Bailey as ""the 'Frank Sinatra' of the tenor saxophone: a master interpreter of standards"" in 2008.",2,3,== Early life and career ==
http://dbpedia.org/class/yago/YagoLegalActor,http://dbpedia.org/resource/Language_interpretation,interpreter,1228,98,0.9995390579715242,0.00036916366004938016,"Allen was described by C. Michael Bailey as ""the 'Frank Sinatra' of the tenor saxophone: a master interpreter of standards"" in 2008.",2,3,== Early life and career ==
http://dbpedia.org/class/yago/YagoLegalActorGeo,http://dbpedia.org/resource/Language_interpretation,interpreter,1228,98,0.9995390579715242,0.00036916366004938016,"Allen was described by C. Michael Bailey as ""the 'Frank Sinatra' of the tenor saxophone: a master interpreter of standards"" in 2008.",2,3,== Early life and career ==
http://dbpedia.org/class/yago/YagoPermanentlyLocatedEntity,http://dbpedia.org/resource/Language_interpretation,interpreter,1228,98,0.9995390579715242,0.00036916366004938016,"Allen was described by C. Michael Bailey as ""the 'Frank Sinatra' of the tenor saxophone: a master interpreter of standards"" in 2008.",2,3,== Early life and career ==
http://dbpedia.org/class/yago/Abstraction100002137,http://dbpedia.org/resource/Language_interpretation,interpreter,1228,98,0.9995390579715242,0.00036916366004938016,"Allen was described by C. Michael Bailey as ""the 'Frank Sinatra' of the tenor saxophone: a master interpreter of standards"" in 2008.",2,3,== Early life and career ==
http://dbpedia.org/class/yago/CausalAgent100007347,http://dbpedia.org/resource/Language_interpretation,interpreter,1228,98,0.9995390579715242,0.00036916366004938016,"Allen was described by C. Michael Bailey as ""the 'Frank Sinatra' of the tenor saxophone: a master interpreter of standards"" in 2008.",2,3,== Early life and career ==
http://dbpedia.org/class/yago/Communicator109610660,http://dbpedia.org/resource/Language_interpretation,interpreter,1228,98,0.9995390579715242,0.00036916366004938016,"Allen was described by C. Michael Bailey as ""the 'Frank Sinatra' of the tenor saxophone: a master interpreter of standards"" in 2008.",2,3,== Early life and career ==
http://dbpedia.org/class/yago/Group100031264,http://dbpedia.org/resource/Language_interpretation,interpreter,1228,98,0.9995390579715242,0.00036916366004938016,"Allen was described by C. Michael Bailey as ""the 'Frank Sinatra' of the tenor saxophone: a master interpreter of standards"" in 2008.",2,3,== Early life and career ==
http://dbpedia.org/class/yago/Interpreter110212501,http://dbpedia.org/resource/Language_interpretation,interpreter,1228,98,0.9995390579715242,0.00036916366004938016,"Allen was described by C. Michael Bailey as ""the 'Frank Sinatra' of the tenor saxophone: a master interpreter of standards"" in 2008.",2,3,== Early life and career ==
http://dbpedia.org/class/yago/LivingThing100004258,http://dbpedia.org/resource/Language_interpretation,interpreter,1228,98,0.9995390579715242,0.00036916366004938016,"Allen was described by C. Michael Bailey as ""the 'Frank Sinatra' of the tenor saxophone: a master interpreter of standards"" in 2008.",2,3,== Early life and career ==
http://dbpedia.org/class/yago/Mediator109624559,http://dbpedia.org/resource/Language_interpretation,interpreter,1228,98,0.9995390579715242,0.00036916366004938016,"Allen was described by C. Michael Bailey as ""the 'Frank Sinatra' of the tenor saxophone: a master interpreter of standards"" in 2008.",2,3,== Early life and career ==
http://dbpedia.org/class/yago/Negotiator110351874,http://dbpedia.org/resource/Language_interpretation,interpreter,1228,98,0.9995390579715242,0.00036916366004938016,"Allen was described by C. Michael Bailey as ""the 'Frank Sinatra' of the tenor saxophone: a master interpreter of standards"" in 2008.",2,3,== Early life and career ==
http://dbpedia.org/class/yago/Object100002684,http://dbpedia.org/resource/Language_interpretation,interpreter,1228,98,0.9995390579715242,0.00036916366004938016,"Allen was described by C. Michael Bailey as ""the 'Frank Sinatra' of the tenor saxophone: a master interpreter of standards"" in 2008.",2,3,== Early life and career ==
http://dbpedia.org/class/yago/Organism100004475,http://dbpedia.org/resource/Language_interpretation,interpreter,1228,98,0.9995390579715242,0.00036916366004938016,"Allen was described by C. Michael Bailey as ""the 'Frank Sinatra' of the tenor saxophone: a master interpreter of standards"" in 2008.",2,3,== Early life and career ==
http://dbpedia.org/class/yago/Organization108008335,http://dbpedia.org/resource/Language_interpretation,interpreter,1228,98,0.9995390579715242,0.00036916366004938016,"Allen was described by C. Michael Bailey as ""the 'Frank Sinatra' of the tenor saxophone: a master interpreter of standards"" in 2008.",2,3,== Early life and career ==
http://dbpedia.org/class/yago/Person100007846,http://dbpedia.org/resource/Language_interpretation,interpreter,1228,98,0.9995390579715242,0.00036916366004938016,"Allen was described by C. Michael Bailey as ""the 'Frank Sinatra' of the tenor saxophone: a master interpreter of standards"" in 2008.",2,3,== Early life and career ==
http://dbpedia.org/class/yago/PhysicalEntity100001930,http://dbpedia.org/resource/Language_interpretation,interpreter,1228,98,0.9995390579715242,0.00036916366004938016,"Allen was described by C. Michael Bailey as ""the 'Frank Sinatra' of the tenor saxophone: a master interpreter of standards"" in 2008.",2,3,== Early life and career ==
http://dbpedia.org/class/yago/SocialGroup107950920,http://dbpedia.org/resource/Language_interpretation,interpreter,1228,98,0.9995390579715242,0.00036916366004938016,"Allen was described by C. Michael Bailey as ""the 'Frank Sinatra' of the tenor saxophone: a master interpreter of standards"" in 2008.",2,3,== Early life and career ==
http://dbpedia.org/class/yago/Whole100003553,http://dbpedia.org/resource/Language_interpretation,interpreter,1228,98,0.9995390579715242,0.00036916366004938016,"Allen was described by C. Michael Bailey as ""the 'Frank Sinatra' of the tenor saxophone: a master interpreter of standards"" in 2008.",2,3,== Early life and career ==
http://dbpedia.org/class/yago/WikicatAnglicanNewspapersAndMagazines,http://dbpedia.org/resource/British_Critic,British critic,125,51,0.9999999998897806,0.0,"Along with Scott Hamilton, Allen was considered by British critic Dave Gelly in 2004 to be one of the ""finest exponents of swing tenor alive today"" in a review of their album Heavy Juice.",3,3,== Early life and career ==
http://dbpedia.org/ontology/PeriodicalLiterature,http://dbpedia.org/resource/British_Critic,British critic,125,51,0.9999999998897806,0.0,"Along with Scott Hamilton, Allen was considered by British critic Dave Gelly in 2004 to be one of the ""finest exponents of swing tenor alive today"" in a review of their album Heavy Juice.",3,3,== Early life and career ==
http://dbpedia.org/class/yago/WikicatBritishMagazines,http://dbpedia.org/resource/British_Critic,British critic,125,51,0.9999999998897806,0.0,"Along with Scott Hamilton, Allen was considered by British critic Dave Gelly in 2004 to be one of the ""finest exponents of swing tenor alive today"" in a review of their album Heavy Juice.",3,3,== Early life and career ==
http://dbpedia.org/class/yago/WikicatBritishQuarterlyMagazines,http://dbpedia.org/resource/British_Critic,British critic,125,51,0.9999999998897806,0.0,"Along with Scott Hamilton, Allen was considered by British critic Dave Gelly in 2004 to be one of the ""finest exponents of swing tenor alive today"" in a review of their album Heavy Juice.",3,3,== Early life and career ==
http://dbpedia.org/class/yago/WikicatDefunctNewspapersOfTheUnitedKingdom,http://dbpedia.org/resource/British_Critic,British critic,125,51,0.9999999998897806,0.0,"Along with Scott Hamilton, Allen was considered by British critic Dave Gelly in 2004 to be one of the ""finest exponents of swing tenor alive today"" in a review of their album Heavy Juice.",3,3,== Early life and career ==
http://dbpedia.org/class/yago/Work104599396,http://dbpedia.org/resource/British_Critic,British critic,125,51,0.9999999998897806,0.0,"Along with Scott Hamilton, Allen was considered by British critic Dave Gelly in 2004 to be one of the ""finest exponents of swing tenor alive today"" in a review of their album Heavy Juice.",3,3,== Early life and career ==
http://dbpedia.org/class/yago/WikicatPublicationsEstablishedIn1793,http://dbpedia.org/resource/British_Critic,British critic,125,51,0.9999999998897806,0.0,"Along with Scott Hamilton, Allen was considered by British critic Dave Gelly in 2004 to be one of the ""finest exponents of swing tenor alive today"" in a review of their album Heavy Juice.",3,3,== Early life and career ==
http://dbpedia.org/class/yago/Artifact100021939,http://dbpedia.org/resource/British_Critic,British critic,125,51,0.9999999998897806,0.0,"Along with Scott Hamilton, Allen was considered by British critic Dave Gelly in 2004 to be one of the ""finest exponents of swing tenor alive today"" in a review of their album Heavy Juice.",3,3,== Early life and career ==
http://dbpedia.org/class/yago/Creation103129123,http://dbpedia.org/resource/British_Critic,British critic,125,51,0.9999999998897806,0.0,"Along with Scott Hamilton, Allen was considered by British critic Dave Gelly in 2004 to be one of the ""finest exponents of swing tenor alive today"" in a review of their album Heavy Juice.",3,3,== Early life and career ==
http://dbpedia.org/class/yago/Instrumentality103575240,http://dbpedia.org/resource/British_Critic,British critic,125,51,0.9999999998897806,0.0,"Along with Scott Hamilton, Allen was considered by British critic Dave Gelly in 2004 to be one of the ""finest exponents of swing tenor alive today"" in a review of their album Heavy Juice.",3,3,== Early life and career ==
http://dbpedia.org/class/yago/Magazine106595351,http://dbpedia.org/resource/British_Critic,British critic,125,51,0.9999999998897806,0.0,"Along with Scott Hamilton, Allen was considered by British critic Dave Gelly in 2004 to be one of the ""finest exponents of swing tenor alive today"" in a review of their album Heavy Juice.",3,3,== Early life and career ==
http://dbpedia.org/class/yago/Medium106254669,http://dbpedia.org/resource/British_Critic,British critic,125,51,0.9999999998897806,0.0,"Along with Scott Hamilton, Allen was considered by British critic Dave Gelly in 2004 to be one of the ""finest exponents of swing tenor alive today"" in a review of their album Heavy Juice.",3,3,== Early life and career ==
http://dbpedia.org/class/yago/Newspaper106267145,http://dbpedia.org/resource/British_Critic,British critic,125,51,0.9999999998897806,0.0,"Along with Scott Hamilton, Allen was considered by British critic Dave Gelly in 2004 to be one of the ""finest exponents of swing tenor alive today"" in a review of their album Heavy Juice.",3,3,== Early life and career ==
http://dbpedia.org/class/yago/Object100002684,http://dbpedia.org/resource/British_Critic,British critic,125,51,0.9999999998897806,0.0,"Along with Scott Hamilton, Allen was considered by British critic Dave Gelly in 2004 to be one of the ""finest exponents of swing tenor alive today"" in a review of their album Heavy Juice.",3,3,== Early life and career ==
http://dbpedia.org/class/yago/PhysicalEntity100001930,http://dbpedia.org/resource/British_Critic,British critic,125,51,0.9999999998897806,0.0,"Along with Scott Hamilton, Allen was considered by British critic Dave Gelly in 2004 to be one of the ""finest exponents of swing tenor alive today"" in a review of their album Heavy Juice.",3,3,== Early life and career ==
http://dbpedia.org/class/yago/Press106263369,http://dbpedia.org/resource/British_Critic,British critic,125,51,0.9999999998897806,0.0,"Along with Scott Hamilton, Allen was considered by British critic Dave Gelly in 2004 to be one of the ""finest exponents of swing tenor alive today"" in a review of their album Heavy Juice.",3,3,== Early life and career ==
http://dbpedia.org/class/yago/PrintMedia106263609,http://dbpedia.org/resource/British_Critic,British critic,125,51,0.9999999998897806,0.0,"Along with Scott Hamilton, Allen was considered by British critic Dave Gelly in 2004 to be one of the ""finest exponents of swing tenor alive today"" in a review of their album Heavy Juice.",3,3,== Early life and career ==
http://dbpedia.org/class/yago/Product104007894,http://dbpedia.org/resource/British_Critic,British critic,125,51,0.9999999998897806,0.0,"Along with Scott Hamilton, Allen was considered by British critic Dave Gelly in 2004 to be one of the ""finest exponents of swing tenor alive today"" in a review of their album Heavy Juice.",3,3,== Early life and career ==
http://dbpedia.org/class/yago/Publication106589574,http://dbpedia.org/resource/British_Critic,British critic,125,51,0.9999999998897806,0.0,"Along with Scott Hamilton, Allen was considered by British critic Dave Gelly in 2004 to be one of the ""finest exponents of swing tenor alive today"" in a review of their album Heavy Juice.",3,3,== Early life and career ==
http://dbpedia.org/class/yago/Whole100003553,http://dbpedia.org/resource/British_Critic,British critic,125,51,0.9999999998897806,0.0,"Along with Scott Hamilton, Allen was considered by British critic Dave Gelly in 2004 to be one of the ""finest exponents of swing tenor alive today"" in a review of their album Heavy Juice.",3,3,== Early life and career ==
http://www.w3.org/2002/07/owl#Thing,http://dbpedia.org/resource/Dave_Gelly,Dave Gelly,37,66,1.0,0.0,"Along with Scott Hamilton, Allen was considered by British critic Dave Gelly in 2004 to be one of the ""finest exponents of swing tenor alive today"" in a review of their album Heavy Juice.",3,3,== Early life and career ==
http://dbpedia.org/ontology/Person,http://dbpedia.org/resource/Dave_Gelly,Dave Gelly,37,66,1.0,0.0,"Along with Scott Hamilton, Allen was considered by British critic Dave Gelly in 2004 to be one of the ""finest exponents of swing tenor alive today"" in a review of their album Heavy Juice.",3,3,== Early life and career ==
http://dbpedia.org/class/yago/WikicatJazzWriters,http://dbpedia.org/resource/Dave_Gelly,Dave Gelly,37,66,1.0,0.0,"Along with Scott Hamilton, Allen was considered by British critic Dave Gelly in 2004 to be one of the ""finest exponents of swing tenor alive today"" in a review of their album Heavy Juice.",3,3,== Early life and career ==
http://dbpedia.org/class/yago/WikicatBritishMusicCritics,http://dbpedia.org/resource/Dave_Gelly,Dave Gelly,37,66,1.0,0.0,"Along with Scott Hamilton, Allen was considered by British critic Dave Gelly in 2004 to be one of the ""finest exponents of swing tenor alive today"" in a review of their album Heavy Juice.",3,3,== Early life and career ==
http://dbpedia.org/class/yago/Writer110794014,http://dbpedia.org/resource/Dave_Gelly,Dave Gelly,37,66,1.0,0.0,"Along with Scott Hamilton, Allen was considered by British critic Dave Gelly in 2004 to be one of the ""finest exponents of swing tenor alive today"" in a review of their album Heavy Juice.",3,3,== Early life and career ==
http://dbpedia.org/class/yago/YagoLegalActor,http://dbpedia.org/resource/Dave_Gelly,Dave Gelly,37,66,1.0,0.0,"Along with Scott Hamilton, Allen was considered by British critic Dave Gelly in 2004 to be one of the ""finest exponents of swing tenor alive today"" in a review of their album Heavy Juice.",3,3,== Early life and career ==
http://dbpedia.org/class/yago/YagoLegalActorGeo,http://dbpedia.org/resource/Dave_Gelly,Dave Gelly,37,66,1.0,0.0,"Along with Scott Hamilton, Allen was considered by British critic Dave Gelly in 2004 to be one of the ""finest exponents of swing tenor alive today"" in a review of their album Heavy Juice.",3,3,== Early life and career ==
http://dbpedia.org/class/yago/WikicatLivingPeople,http://dbpedia.org/resource/Dave_Gelly,Dave Gelly,37,66,1.0,0.0,"Along with Scott Hamilton, Allen was considered by British critic Dave Gelly in 2004 to be one of the ""finest exponents of swing tenor alive today"" in a review of their album Heavy Juice.",3,3,== Early life and career ==
http://dbpedia.org/class/yago/Adult109605289,http://dbpedia.org/resource/Dave_Gelly,Dave Gelly,37,66,1.0,0.0,"Along with Scott Hamilton, Allen was considered by British critic Dave Gelly in 2004 to be one of the ""finest exponents of swing tenor alive today"" in a review of their album Heavy Juice.",3,3,== Early life and career ==
http://dbpedia.org/class/yago/CausalAgent100007347,http://dbpedia.org/resource/Dave_Gelly,Dave Gelly,37,66,1.0,0.0,"Along with Scott Hamilton, Allen was considered by British critic Dave Gelly in 2004 to be one of the ""finest exponents of swing tenor alive today"" in a review of their album Heavy Juice.",3,3,== Early life and career ==
http://dbpedia.org/class/yago/Communicator109610660,http://dbpedia.org/resource/Dave_Gelly,Dave Gelly,37,66,1.0,0.0,"Along with Scott Hamilton, Allen was considered by British critic Dave Gelly in 2004 to be one of the ""finest exponents of swing tenor alive today"" in a review of their album Heavy Juice.",3,3,== Early life and career ==
http://dbpedia.org/class/yago/Critic109979589,http://dbpedia.org/resource/Dave_Gelly,Dave Gelly,37,66,1.0,0.0,"Along with Scott Hamilton, Allen was considered by British critic Dave Gelly in 2004 to be one of the ""finest exponents of swing tenor alive today"" in a review of their album Heavy Juice.",3,3,== Early life and career ==
http://dbpedia.org/class/yago/LivingThing100004258,http://dbpedia.org/resource/Dave_Gelly,Dave Gelly,37,66,1.0,0.0,"Along with Scott Hamilton, Allen was considered by British critic Dave Gelly in 2004 to be one of the ""finest exponents of swing tenor alive today"" in a review of their album Heavy Juice.",3,3,== Early life and career ==
http://dbpedia.org/class/yago/MusicCritic110339856,http://dbpedia.org/resource/Dave_Gelly,Dave Gelly,37,66,1.0,0.0,"Along with Scott Hamilton, Allen was considered by British critic Dave Gelly in 2004 to be one of the ""finest exponents of swing tenor alive today"" in a review of their album Heavy Juice.",3,3,== Early life and career ==
http://dbpedia.org/class/yago/Object100002684,http://dbpedia.org/resource/Dave_Gelly,Dave Gelly,37,66,1.0,0.0,"Along with Scott Hamilton, Allen was considered by British critic Dave Gelly in 2004 to be one of the ""finest exponents of swing tenor alive today"" in a review of their album Heavy Juice.",3,3,== Early life and career ==
http://dbpedia.org/class/yago/Organism100004475,http://dbpedia.org/resource/Dave_Gelly,Dave Gelly,37,66,1.0,0.0,"Along with Scott Hamilton, Allen was considered by British critic Dave Gelly in 2004 to be one of the ""finest exponents of swing tenor alive today"" in a review of their album Heavy Juice.",3,3,== Early life and career ==
http://dbpedia.org/class/yago/Person100007846,http://dbpedia.org/resource/Dave_Gelly,Dave Gelly,37,66,1.0,0.0,"Along with Scott Hamilton, Allen was considered by British critic Dave Gelly in 2004 to be one of the ""finest exponents of swing tenor alive today"" in a review of their album Heavy Juice.",3,3,== Early life and career ==
http://dbpedia.org/class/yago/PhysicalEntity100001930,http://dbpedia.org/resource/Dave_Gelly,Dave Gelly,37,66,1.0,0.0,"Along with Scott Hamilton, Allen was considered by British critic Dave Gelly in 2004 to be one of the ""finest exponents of swing tenor alive today"" in a review of their album Heavy Juice.",3,3,== Early life and career ==
http://dbpedia.org/class/yago/Professional110480253,http://dbpedia.org/resource/Dave_Gelly,Dave Gelly,37,66,1.0,0.0,"Along with Scott Hamilton, Allen was considered by British critic Dave Gelly in 2004 to be one of the ""finest exponents of swing tenor alive today"" in a review of their album Heavy Juice.",3,3,== Early life and career ==
http://dbpedia.org/class/yago/Whole100003553,http://dbpedia.org/resource/Dave_Gelly,Dave Gelly,37,66,1.0,0.0,"Along with Scott Hamilton, Allen was considered by British critic Dave Gelly in 2004 to be one of the ""finest exponents of swing tenor alive today"" in a review of their album Heavy Juice.",3,3,== Early life and career ==
http://www.w3.org/2002/07/owl#Thing,http://dbpedia.org/resource/Tenor_saxophone,tenor,8787,129,0.8095399835870141,0.2350756014615175,"Along with Scott Hamilton, Allen was considered by British critic Dave Gelly in 2004 to be one of the ""finest exponents of swing tenor alive today"" in a review of their album Heavy Juice.",3,3,== Early life and career ==
http://dbpedia.org/ontology/Person,http://dbpedia.org/resource/Tenor_saxophone,tenor,8787,129,0.8095399835870141,0.2350756014615175,"Along with Scott Hamilton, Allen was considered by British critic Dave Gelly in 2004 to be one of the ""finest exponents of swing tenor alive today"" in a review of their album Heavy Juice.",3,3,== Early life and career ==
http://dbpedia.org/class/yago/WikicatB-flatInstruments,http://dbpedia.org/resource/Tenor_saxophone,tenor,8787,129,0.8095399835870141,0.2350756014615175,"Along with Scott Hamilton, Allen was considered by British critic Dave Gelly in 2004 to be one of the ""finest exponents of swing tenor alive today"" in a review of their album Heavy Juice.",3,3,== Early life and career ==
http://dbpedia.org/ontology/MusicalArtist,http://dbpedia.org/resource/Tenor_saxophone,tenor,8787,129,0.8095399835870141,0.2350756014615175,"Along with Scott Hamilton, Allen was considered by British critic Dave Gelly in 2004 to be one of the ""finest exponents of swing tenor alive today"" in a review of their album Heavy Juice.",3,3,== Early life and career ==
http://dbpedia.org/class/yago/WikicatWoodwindInstruments,http://dbpedia.org/resource/Tenor_saxophone,tenor,8787,129,0.8095399835870141,0.2350756014615175,"Along with Scott Hamilton, Allen was considered by British critic Dave Gelly in 2004 to be one of the ""finest exponents of swing tenor alive today"" in a review of their album Heavy Juice.",3,3,== Early life and career ==
http://dbpedia.org/class/yago/WindInstrument104586932,http://dbpedia.org/resource/Tenor_saxophone,tenor,8787,129,0.8095399835870141,0.2350756014615175,"Along with Scott Hamilton, Allen was considered by British critic Dave Gelly in 2004 to be one of the ""finest exponents of swing tenor alive today"" in a review of their album Heavy Juice.",3,3,== Early life and career ==
http://dbpedia.org/class/yago/Woodwind104598582,http://dbpedia.org/resource/Tenor_saxophone,tenor,8787,129,0.8095399835870141,0.2350756014615175,"Along with Scott Hamilton, Allen was considered by British critic Dave Gelly in 2004 to be one of the ""finest exponents of swing tenor alive today"" in a review of their album Heavy Juice.",3,3,== Early life and career ==
http://dbpedia.org/class/yago/WikicatSaxophones,http://dbpedia.org/resource/Tenor_saxophone,tenor,8787,129,0.8095399835870141,0.2350756014615175,"Along with Scott Hamilton, Allen was considered by British critic Dave Gelly in 2004 to be one of the ""finest exponents of swing tenor alive today"" in a review of their album Heavy Juice.",3,3,== Early life and career ==
http://dbpedia.org/class/yago/Artifact100021939,http://dbpedia.org/resource/Tenor_saxophone,tenor,8787,129,0.8095399835870141,0.2350756014615175,"Along with Scott Hamilton, Allen was considered by British critic Dave Gelly in 2004 to be one of the ""finest exponents of swing tenor alive today"" in a review of their album Heavy Juice.",3,3,== Early life and career ==
http://dbpedia.org/class/yago/Beating-reedInstrument102817799,http://dbpedia.org/resource/Tenor_saxophone,tenor,8787,129,0.8095399835870141,0.2350756014615175,"Along with Scott Hamilton, Allen was considered by British critic Dave Gelly in 2004 to be one of the ""finest exponents of swing tenor alive today"" in a review of their album Heavy Juice.",3,3,== Early life and career ==
http://dbpedia.org/class/yago/Device103183080,http://dbpedia.org/resource/Tenor_saxophone,tenor,8787,129,0.8095399835870141,0.2350756014615175,"Along with Scott Hamilton, Allen was considered by British critic Dave Gelly in 2004 to be one of the ""finest exponents of swing tenor alive today"" in a review of their album Heavy Juice.",3,3,== Early life and career ==
http://dbpedia.org/class/yago/Instrument103574816,http://dbpedia.org/resource/Tenor_saxophone,tenor,8787,129,0.8095399835870141,0.2350756014615175,"Along with Scott Hamilton, Allen was considered by British critic Dave Gelly in 2004 to be one of the ""finest exponents of swing tenor alive today"" in a review of their album Heavy Juice.",3,3,== Early life and career ==
http://dbpedia.org/class/yago/Instrumentality103575240,http://dbpedia.org/resource/Tenor_saxophone,tenor,8787,129,0.8095399835870141,0.2350756014615175,"Along with Scott Hamilton, Allen was considered by British critic Dave Gelly in 2004 to be one of the ""finest exponents of swing tenor alive today"" in a review of their album Heavy Juice.",3,3,== Early life and career ==
http://dbpedia.org/class/yago/MusicalInstrument103800933,http://dbpedia.org/resource/Tenor_saxophone,tenor,8787,129,0.8095399835870141,0.2350756014615175,"Along with Scott Hamilton, Allen was considered by British critic Dave Gelly in 2004 to be one of the ""finest exponents of swing tenor alive today"" in a review of their album Heavy Juice.",3,3,== Early life and career ==
http://dbpedia.org/class/yago/Object100002684,http://dbpedia.org/resource/Tenor_saxophone,tenor,8787,129,0.8095399835870141,0.2350756014615175,"Along with Scott Hamilton, Allen was considered by British critic Dave Gelly in 2004 to be one of the ""finest exponents of swing tenor alive today"" in a review of their album Heavy Juice.",3,3,== Early life and career ==
http://dbpedia.org/class/yago/PhysicalEntity100001930,http://dbpedia.org/resource/Tenor_saxophone,tenor,8787,129,0.8095399835870141,0.2350756014615175,"Along with Scott Hamilton, Allen was considered by British critic Dave Gelly in 2004 to be one of the ""finest exponents of swing tenor alive today"" in a review of their album Heavy Juice.",3,3,== Early life and career ==
http://dbpedia.org/class/yago/Sax104141076,http://dbpedia.org/resource/Tenor_saxophone,tenor,8787,129,0.8095399835870141,0.2350756014615175,"Along with Scott Hamilton, Allen was considered by British critic Dave Gelly in 2004 to be one of the ""finest exponents of swing tenor alive today"" in a review of their album Heavy Juice.",3,3,== Early life and career ==
http://dbpedia.org/class/yago/Single-reedInstrument104222847,http://dbpedia.org/resource/Tenor_saxophone,tenor,8787,129,0.8095399835870141,0.2350756014615175,"Along with Scott Hamilton, Allen was considered by British critic Dave Gelly in 2004 to be one of the ""finest exponents of swing tenor alive today"" in a review of their album Heavy Juice.",3,3,== Early life and career ==
http://dbpedia.org/class/yago/Whole100003553,http://dbpedia.org/resource/Tenor_saxophone,tenor,8787,129,0.8095399835870141,0.2350756014615175,"Along with Scott Hamilton, Allen was considered by British critic Dave Gelly in 2004 to be one of the ""finest exponents of swing tenor alive today"" in a review of their album Heavy Juice.",3,3,== Early life and career ==
http://dbpedia.org/class/yago/WikicatTransposingInstruments,http://dbpedia.org/resource/Tenor_saxophone,tenor,8787,129,0.8095399835870141,0.2350756014615175,"Along with Scott Hamilton, Allen was considered by British critic Dave Gelly in 2004 to be one of the ""finest exponents of swing tenor alive today"" in a review of their album Heavy Juice.",3,3,== Early life and career ==
http://www.w3.org/2002/07/owl#Thing,http://dbpedia.org/resource/King,King,3999,4,0.6442836297424557,0.307577576080869,"The King (Nagel Heyer, 1994)",0,7,== Discography == | === As leader/co-leaders ===
http://dbpedia.org/ontology/PersonFunction,http://dbpedia.org/resource/King,King,3999,4,0.6442836297424557,0.307577576080869,"The King (Nagel Heyer, 1994)",0,7,== Discography == | === As leader/co-leaders ===
http://www.w3.org/2002/07/owl#Thing,http://dbpedia.org/resource/John_D._Marks,John Marks,12,50,0.9707085648832362,0.0142212823854892,"Blue Skies: Jazz Ballads from the 1930s to Today (John Marks, 1994)",0,9,== Discography == | === As leader/co-leaders ===
http://dbpedia.org/ontology/Person,http://dbpedia.org/resource/John_D._Marks,John Marks,12,50,0.9707085648832362,0.0142212823854892,"Blue Skies: Jazz Ballads from the 1930s to Today (John Marks, 1994)",0,9,== Discography == | === As leader/co-leaders ===
http://dbpedia.org/class/yago/WikicatAmericanPoliticalWriters,http://dbpedia.org/resource/John_D._Marks,John Marks,12,50,0.9707085648832362,0.0142212823854892,"Blue Skies: Jazz Ballads from the 1930s to Today (John Marks, 1994)",0,9,== Discography == | === As leader/co-leaders ===
http://dbpedia.org/class/yago/WikicatHarvardFellows,http://dbpedia.org/resource/John_D._Marks,John Marks,12,50,0.9707085648832362,0.0142212823854892,"Blue Skies: Jazz Ballads from the 1930s to Today (John Marks, 1994)",0,9,== Discography == | === As leader/co-leaders ===
http://dbpedia.org/ontology/Writer,http://dbpedia.org/resource/John_D._Marks,John Marks,12,50,0.9707085648832362,0.0142212823854892,"Blue Skies: Jazz Ballads from the 1930s to Today (John Marks, 1994)",0,9,== Discography == | === As leader/co-leaders ===
http://dbpedia.org/class/yago/WikicatCornellUniversityAlumni,http://dbpedia.org/resource/John_D._Marks,John Marks,12,50,0.9707085648832362,0.0142212823854892,"Blue Skies: Jazz Ballads from the 1930s to Today (John Marks, 1994)",0,9,== Discography == | === As leader/co-leaders ===
http://dbpedia.org/class/yago/Writer110794014,http://dbpedia.org/resource/John_D._Marks,John Marks,12,50,0.9707085648832362,0.0142212823854892,"Blue Skies: Jazz Ballads from the 1930s to Today (John Marks, 1994)",0,9,== Discography == | === As leader/co-leaders ===
http://dbpedia.org/class/yago/YagoLegalActor,http://dbpedia.org/resource/John_D._Marks,John Marks,12,50,0.9707085648832362,0.0142212823854892,"Blue Skies: Jazz Ballads from the 1930s to Today (John Marks, 1994)",0,9,== Discography == | === As leader/co-leaders ===
http://dbpedia.org/class/yago/YagoLegalActorGeo,http://dbpedia.org/resource/John_D._Marks,John Marks,12,50,0.9707085648832362,0.0142212823854892,"Blue Skies: Jazz Ballads from the 1930s to Today (John Marks, 1994)",0,9,== Discography == | === As leader/co-leaders ===
http://dbpedia.org/class/yago/WikicatLivingPeople,http://dbpedia.org/resource/John_D._Marks,John Marks,12,50,0.9707085648832362,0.0142212823854892,"Blue Skies: Jazz Ballads from the 1930s to Today (John Marks, 1994)",0,9,== Discography == | === As leader/co-leaders ===
http://dbpedia.org/class/yago/Alumnus109786338,http://dbpedia.org/resource/John_D._Marks,John Marks,12,50,0.9707085648832362,0.0142212823854892,"Blue Skies: Jazz Ballads from the 1930s to Today (John Marks, 1994)",0,9,== Discography == | === As leader/co-leaders ===
http://dbpedia.org/class/yago/Associate109816771,http://dbpedia.org/resource/John_D._Marks,John Marks,12,50,0.9707085648832362,0.0142212823854892,"Blue Skies: Jazz Ballads from the 1930s to Today (John Marks, 1994)",0,9,== Discography == | === As leader/co-leaders ===
http://dbpedia.org/class/yago/CausalAgent100007347,http://dbpedia.org/resource/John_D._Marks,John Marks,12,50,0.9707085648832362,0.0142212823854892,"Blue Skies: Jazz Ballads from the 1930s to Today (John Marks, 1994)",0,9,== Discography == | === As leader/co-leaders ===
http://dbpedia.org/class/yago/Colleague109935990,http://dbpedia.org/resource/John_D._Marks,John Marks,12,50,0.9707085648832362,0.0142212823854892,"Blue Skies: Jazz Ballads from the 1930s to Today (John Marks, 1994)",0,9,== Discography == | === As leader/co-leaders ===
http://dbpedia.org/class/yago/Communicator109610660,http://dbpedia.org/resource/John_D._Marks,John Marks,12,50,0.9707085648832362,0.0142212823854892,"Blue Skies: Jazz Ballads from the 1930s to Today (John Marks, 1994)",0,9,== Discography == | === As leader/co-leaders ===
http://dbpedia.org/class/yago/Intellectual109621545,http://dbpedia.org/resource/John_D._Marks,John Marks,12,50,0.9707085648832362,0.0142212823854892,"Blue Skies: Jazz Ballads from the 1930s to Today (John Marks, 1994)",0,9,== Discography == | === As leader/co-leaders ===
http://dbpedia.org/class/yago/LivingThing100004258,http://dbpedia.org/resource/John_D._Marks,John Marks,12,50,0.9707085648832362,0.0142212823854892,"Blue Skies: Jazz Ballads from the 1930s to Today (John Marks, 1994)",0,9,== Discography == | === As leader/co-leaders ===
http://dbpedia.org/class/yago/Object100002684,http://dbpedia.org/resource/John_D._Marks,John Marks,12,50,0.9707085648832362,0.0142212823854892,"Blue Skies: Jazz Ballads from the 1930s to Today (John Marks, 1994)",0,9,== Discography == | === As leader/co-leaders ===
http://dbpedia.org/class/yago/Organism100004475,http://dbpedia.org/resource/John_D._Marks,John Marks,12,50,0.9707085648832362,0.0142212823854892,"Blue Skies: Jazz Ballads from the 1930s to Today (John Marks, 1994)",0,9,== Discography == | === As leader/co-leaders ===
http://dbpedia.org/class/yago/Peer109626238,http://dbpedia.org/resource/John_D._Marks,John Marks,12,50,0.9707085648832362,0.0142212823854892,"Blue Skies: Jazz Ballads from the 1930s to Today (John Marks, 1994)",0,9,== Discography == | === As leader/co-leaders ===
http://dbpedia.org/class/yago/Person100007846,http://dbpedia.org/resource/John_D._Marks,John Marks,12,50,0.9707085648832362,0.0142212823854892,"Blue Skies: Jazz Ballads from the 1930s to Today (John Marks, 1994)",0,9,== Discography == | === As leader/co-leaders ===
http://dbpedia.org/class/yago/PhysicalEntity100001930,http://dbpedia.org/resource/John_D._Marks,John Marks,12,50,0.9707085648832362,0.0142212823854892,"Blue Skies: Jazz Ballads from the 1930s to Today (John Marks, 1994)",0,9,== Discography == | === As leader/co-leaders ===
http://dbpedia.org/class/yago/Scholar110557854,http://dbpedia.org/resource/John_D._Marks,John Marks,12,50,0.9707085648832362,0.0142212823854892,"Blue Skies: Jazz Ballads from the 1930s to Today (John Marks, 1994)",0,9,== Discography == | === As leader/co-leaders ===
http://dbpedia.org/class/yago/Whole100003553,http://dbpedia.org/resource/John_D._Marks,John Marks,12,50,0.9707085648832362,0.0142212823854892,"Blue Skies: Jazz Ballads from the 1930s to Today (John Marks, 1994)",0,9,== Discography == | === As leader/co-leaders ===
http://www.w3.org/2002/07/owl#Thing,http://dbpedia.org/resource/Trumpet,Trumpet,15298,17,0.9999787979397547,1.4458372871790206e-05,"The Music of the Trumpet Kings with Randy Sandke (Nagel-Heyer, 1997)",0,13,== Discography == | === As leader/co-leaders ===
http://dbpedia.org/ontology/Agent,http://dbpedia.org/resource/Trumpet,Trumpet,15298,17,0.9999787979397547,1.4458372871790206e-05,"The Music of the Trumpet Kings with Randy Sandke (Nagel-Heyer, 1997)",0,13,== Discography == | === As leader/co-leaders ===
http://dbpedia.org/ontology/MusicalArtist,http://dbpedia.org/resource/Trumpet,Trumpet,15298,17,0.9999787979397547,1.4458372871790206e-05,"The Music of the Trumpet Kings with Randy Sandke (Nagel-Heyer, 1997)",0,13,== Discography == | === As leader/co-leaders ===
http://www.w3.org/2003/01/geo/wgs84_pos#SpatialThing,http://dbpedia.org/resource/Café_Society,Cafe Society,126,42,0.8491748754506386,0.0823754789272038,"When Larry Met Harry with Larry Goldings (Cafe Society, 2010)",0,30,== Discography == | === As leader/co-leaders ===
http://dbpedia.org/class/yago/WikicatJazzClubs,http://dbpedia.org/resource/Café_Society,Cafe Society,126,42,0.8491748754506386,0.0823754789272038,"When Larry Met Harry with Larry Goldings (Cafe Society, 2010)",0,30,== Discography == | === As leader/co-leaders ===
http://dbpedia.org/ontology/Venue,http://dbpedia.org/resource/Café_Society,Cafe Society,126,42,0.8491748754506386,0.0823754789272038,"When Larry Met Harry with Larry Goldings (Cafe Society, 2010)",0,30,== Discography == | === As leader/co-leaders ===
http://dbpedia.org/class/yago/YagoLegalActor,http://dbpedia.org/resource/Café_Society,Cafe Society,126,42,0.8491748754506386,0.0823754789272038,"When Larry Met Harry with Larry Goldings (Cafe Society, 2010)",0,30,== Discography == | === As leader/co-leaders ===
http://dbpedia.org/class/yago/YagoLegalActorGeo,http://dbpedia.org/resource/Café_Society,Cafe Society,126,42,0.8491748754506386,0.0823754789272038,"When Larry Met Harry with Larry Goldings (Cafe Society, 2010)",0,30,== Discography == | === As leader/co-leaders ===
http://dbpedia.org/class/yago/YagoPermanentlyLocatedEntity,http://dbpedia.org/resource/Café_Society,Cafe Society,126,42,0.8491748754506386,0.0823754789272038,"When Larry Met Harry with Larry Goldings (Cafe Society, 2010)",0,30,== Discography == | === As leader/co-leaders ===
http://dbpedia.org/class/yago/Abstraction100002137,http://dbpedia.org/resource/Café_Society,Cafe Society,126,42,0.8491748754506386,0.0823754789272038,"When Larry Met Harry with Larry Goldings (Cafe Society, 2010)",0,30,== Discography == | === As leader/co-leaders ===
http://dbpedia.org/class/yago/Association108049401,http://dbpedia.org/resource/Café_Society,Cafe Society,126,42,0.8491748754506386,0.0823754789272038,"When Larry Met Harry with Larry Goldings (Cafe Society, 2010)",0,30,== Discography == | === As leader/co-leaders ===
http://dbpedia.org/class/yago/Club108227214,http://dbpedia.org/resource/Café_Society,Cafe Society,126,42,0.8491748754506386,0.0823754789272038,"When Larry Met Harry with Larry Goldings (Cafe Society, 2010)",0,30,== Discography == | === As leader/co-leaders ===
http://dbpedia.org/class/yago/Group100031264,http://dbpedia.org/resource/Café_Society,Cafe Society,126,42,0.8491748754506386,0.0823754789272038,"When Larry Met Harry with Larry Goldings (Cafe Society, 2010)",0,30,== Discography == | === As leader/co-leaders ===
http://dbpedia.org/class/yago/Organization108008335,http://dbpedia.org/resource/Café_Society,Cafe Society,126,42,0.8491748754506386,0.0823754789272038,"When Larry Met Harry with Larry Goldings (Cafe Society, 2010)",0,30,== Discography == | === As leader/co-leaders ===
http://dbpedia.org/class/yago/SocialGroup107950920,http://dbpedia.org/resource/Café_Society,Cafe Society,126,42,0.8491748754506386,0.0823754789272038,"When Larry Met Harry with Larry Goldings (Cafe Society, 2010)",0,30,== Discography == | === As leader/co-leaders ===
http://dbpedia.org/class/yago/WikicatPlantsUsedInTraditionalChineseMedicine,http://dbpedia.org/resource/Gac,Gac,59,68,0.9999981820277,0.0,"The Hoagy Carmichael Songbook with Rossano Sportiello, Joel Forbes (Gac, 2013)",1,34,== Discography == | === As leader/co-leaders ===
http://dbpedia.org/ontology/Plant,http://dbpedia.org/resource/Gac,Gac,59,68,0.9999981820277,0.0,"The Hoagy Carmichael Songbook with Rossano Sportiello, Joel Forbes (Gac, 2013)",1,34,== Discography == | === As leader/co-leaders ===
http://dbpedia.org/class/yago/WikicatDietarySupplements,http://dbpedia.org/resource/Gac,Gac,59,68,0.9999981820277,0.0,"The Hoagy Carmichael Songbook with Rossano Sportiello, Joel Forbes (Gac, 2013)",1,34,== Discography == | === As leader/co-leaders ===
http://dbpedia.org/class/yago/WikicatDioeciousPlants,http://dbpedia.org/resource/Gac,Gac,59,68,0.9999981820277,0.0,"The Hoagy Carmichael Songbook with Rossano Sportiello, Joel Forbes (Gac, 2013)",1,34,== Discography == | === As leader/co-leaders ===
http://dbpedia.org/class/yago/WoodyPlant113103136,http://dbpedia.org/resource/Gac,Gac,59,68,0.9999981820277,0.0,"The Hoagy Carmichael Songbook with Rossano Sportiello, Joel Forbes (Gac, 2013)",1,34,== Discography == | === As leader/co-leaders ===
http://umbel.org/umbel/rc/FloweringPlant,http://dbpedia.org/resource/Gac,Gac,59,68,0.9999981820277,0.0,"The Hoagy Carmichael Songbook with Rossano Sportiello, Joel Forbes (Gac, 2013)",1,34,== Discography == | === As leader/co-leaders ===
http://umbel.org/umbel/rc/Plant,http://dbpedia.org/resource/Gac,Gac,59,68,0.9999981820277,0.0,"The Hoagy Carmichael Songbook with Rossano Sportiello, Joel Forbes (Gac, 2013)",1,34,== Discography == | === As leader/co-leaders ===
http://dbpedia.org/class/yago/WikicatMedicinalPlants,http://dbpedia.org/resource/Gac,Gac,59,68,0.9999981820277,0.0,"The Hoagy Carmichael Songbook with Rossano Sportiello, Joel Forbes (Gac, 2013)",1,34,== Discography == | === As leader/co-leaders ===
http://dbpedia.org/class/yago/WikicatMedicinalPlantsOfAsia,http://dbpedia.org/resource/Gac,Gac,59,68,0.9999981820277,0.0,"The Hoagy Carmichael Songbook with Rossano Sportiello, Joel Forbes (Gac, 2013)",1,34,== Discography == | === As leader/co-leaders ===
http://dbpedia.org/class/yago/WikicatMedicinalPlantsOfOceania,http://dbpedia.org/resource/Gac,Gac,59,68,0.9999981820277,0.0,"The Hoagy Carmichael Songbook with Rossano Sportiello, Joel Forbes (Gac, 2013)",1,34,== Discography == | === As leader/co-leaders ===
http://dbpedia.org/class/yago/Diet107561112,http://dbpedia.org/resource/Gac,Gac,59,68,0.9999981820277,0.0,"The Hoagy Carmichael Songbook with Rossano Sportiello, Joel Forbes (Gac, 2013)",1,34,== Discography == | === As leader/co-leaders ===
http://dbpedia.org/class/yago/DietarySupplement107562495,http://dbpedia.org/resource/Gac,Gac,59,68,0.9999981820277,0.0,"The Hoagy Carmichael Songbook with Rossano Sportiello, Joel Forbes (Gac, 2013)",1,34,== Discography == | === As leader/co-leaders ===
http://dbpedia.org/class/yago/Fare107560652,http://dbpedia.org/resource/Gac,Gac,59,68,0.9999981820277,0.0,"The Hoagy Carmichael Songbook with Rossano Sportiello, Joel Forbes (Gac, 2013)",1,34,== Discography == | === As leader/co-leaders ===
http://dbpedia.org/class/yago/Food100021265,http://dbpedia.org/resource/Gac,Gac,59,68,0.9999981820277,0.0,"The Hoagy Carmichael Songbook with Rossano Sportiello, Joel Forbes (Gac, 2013)",1,34,== Discography == | === As leader/co-leaders ===
http://dbpedia.org/class/yago/LivingThing100004258,http://dbpedia.org/resource/Gac,Gac,59,68,0.9999981820277,0.0,"The Hoagy Carmichael Songbook with Rossano Sportiello, Joel Forbes (Gac, 2013)",1,34,== Discography == | === As leader/co-leaders ===
http://dbpedia.org/class/yago/Matter100020827,http://dbpedia.org/resource/Gac,Gac,59,68,0.9999981820277,0.0,"The Hoagy Carmichael Songbook with Rossano Sportiello, Joel Forbes (Gac, 2013)",1,34,== Discography == | === As leader/co-leaders ===
http://dbpedia.org/class/yago/Object100002684,http://dbpedia.org/resource/Gac,Gac,59,68,0.9999981820277,0.0,"The Hoagy Carmichael Songbook with Rossano Sportiello, Joel Forbes (Gac, 2013)",1,34,== Discography == | === As leader/co-leaders ===
http://dbpedia.org/class/yago/Organism100004475,http://dbpedia.org/resource/Gac,Gac,59,68,0.9999981820277,0.0,"The Hoagy Carmichael Songbook with Rossano Sportiello, Joel Forbes (Gac, 2013)",1,34,== Discography == | === As leader/co-leaders ===
http://dbpedia.org/class/yago/PhysicalEntity100001930,http://dbpedia.org/resource/Gac,Gac,59,68,0.9999981820277,0.0,"The Hoagy Carmichael Songbook with Rossano Sportiello, Joel Forbes (Gac, 2013)",1,34,== Discography == | === As leader/co-leaders ===
http://dbpedia.org/class/yago/Plant100017222,http://dbpedia.org/resource/Gac,Gac,59,68,0.9999981820277,0.0,"The Hoagy Carmichael Songbook with Rossano Sportiello, Joel Forbes (Gac, 2013)",1,34,== Discography == | === As leader/co-leaders ===
http://dbpedia.org/class/yago/Substance100020090,http://dbpedia.org/resource/Gac,Gac,59,68,0.9999981820277,0.0,"The Hoagy Carmichael Songbook with Rossano Sportiello, Joel Forbes (Gac, 2013)",1,34,== Discography == | === As leader/co-leaders ===
http://dbpedia.org/class/yago/Tree113104059,http://dbpedia.org/resource/Gac,Gac,59,68,0.9999981820277,0.0,"The Hoagy Carmichael Songbook with Rossano Sportiello, Joel Forbes (Gac, 2013)",1,34,== Discography == | === As leader/co-leaders ===
http://dbpedia.org/class/yago/VascularPlant113083586,http://dbpedia.org/resource/Gac,Gac,59,68,0.9999981820277,0.0,"The Hoagy Carmichael Songbook with Rossano Sportiello, Joel Forbes (Gac, 2013)",1,34,== Discography == | === As leader/co-leaders ===
http://dbpedia.org/class/yago/Whole100003553,http://dbpedia.org/resource/Gac,Gac,59,68,0.9999981820277,0.0,"The Hoagy Carmichael Songbook with Rossano Sportiello, Joel Forbes (Gac, 2013)",1,34,== Discography == | === As leader/co-leaders ===
http://dbpedia.org/class/yago/WikicatTrees,http://dbpedia.org/resource/Gac,Gac,59,68,0.9999981820277,0.0,"The Hoagy Carmichael Songbook with Rossano Sportiello, Joel Forbes (Gac, 2013)",1,34,== Discography == | === As leader/co-leaders ===
http://dbpedia.org/class/yago/WikicatPlantsUsedInTraditionalChineseMedicine,http://dbpedia.org/resource/Gac,Gac,59,21,0.9999981820277,0.0,"with Scott Hamilton (Gac, 2016) – live",1,37,== Discography == | === As leader/co-leaders ===
http://dbpedia.org/ontology/Plant,http://dbpedia.org/resource/Gac,Gac,59,21,0.9999981820277,0.0,"with Scott Hamilton (Gac, 2016) – live",1,37,== Discography == | === As leader/co-leaders ===
http://dbpedia.org/class/yago/WikicatDietarySupplements,http://dbpedia.org/resource/Gac,Gac,59,21,0.9999981820277,0.0,"with Scott Hamilton (Gac, 2016) – live",1,37,== Discography == | === As leader/co-leaders ===
http://dbpedia.org/class/yago/WikicatDioeciousPlants,http://dbpedia.org/resource/Gac,Gac,59,21,0.9999981820277,0.0,"with Scott Hamilton (Gac, 2016) – live",1,37,== Discography == | === As leader/co-leaders ===
http://dbpedia.org/class/yago/WoodyPlant113103136,http://dbpedia.org/resource/Gac,Gac,59,21,0.9999981820277,0.0,"with Scott Hamilton (Gac, 2016) – live",1,37,== Discography == | === As leader/co-leaders ===
http://umbel.org/umbel/rc/FloweringPlant,http://dbpedia.org/resource/Gac,Gac,59,21,0.9999981820277,0.0,"with Scott Hamilton (Gac, 2016) – live",1,37,== Discography == | === As leader/co-leaders ===
http://umbel.org/umbel/rc/Plant,http://dbpedia.org/resource/Gac,Gac,59,21,0.9999981820277,0.0,"with Scott Hamilton (Gac, 2016) – live",1,37,== Discography == | === As leader/co-leaders ===
http://dbpedia.org/class/yago/WikicatMedicinalPlants,http://dbpedia.org/resource/Gac,Gac,59,21,0.9999981820277,0.0,"with Scott Hamilton (Gac, 2016) – live",1,37,== Discography == | === As leader/co-leaders ===
http://dbpedia.org/class/yago/WikicatMedicinalPlantsOfAsia,http://dbpedia.org/resource/Gac,Gac,59,21,0.9999981820277,0.0,"with Scott Hamilton (Gac, 2016) – live",1,37,== Discography == | === As leader/co-leaders ===
http://dbpedia.org/class/yago/WikicatMedicinalPlantsOfOceania,http://dbpedia.org/resource/Gac,Gac,59,21,0.9999981820277,0.0,"with Scott Hamilton (Gac, 2016) – live",1,37,== Discography == | === As leader/co-leaders ===
http://dbpedia.org/class/yago/Diet107561112,http://dbpedia.org/resource/Gac,Gac,59,21,0.9999981820277,0.0,"with Scott Hamilton (Gac, 2016) – live",1,37,== Discography == | === As leader/co-leaders ===
http://dbpedia.org/class/yago/DietarySupplement107562495,http://dbpedia.org/resource/Gac,Gac,59,21,0.9999981820277,0.0,"with Scott Hamilton (Gac, 2016) – live",1,37,== Discography == | === As leader/co-leaders ===
http://dbpedia.org/class/yago/Fare107560652,http://dbpedia.org/resource/Gac,Gac,59,21,0.9999981820277,0.0,"with Scott Hamilton (Gac, 2016) – live",1,37,== Discography == | === As leader/co-leaders ===
http://dbpedia.org/class/yago/Food100021265,http://dbpedia.org/resource/Gac,Gac,59,21,0.9999981820277,0.0,"with Scott Hamilton (Gac, 2016) – live",1,37,== Discography == | === As leader/co-leaders ===
http://dbpedia.org/class/yago/LivingThing100004258,http://dbpedia.org/resource/Gac,Gac,59,21,0.9999981820277,0.0,"with Scott Hamilton (Gac, 2016) – live",1,37,== Discography == | === As leader/co-leaders ===
http://dbpedia.org/class/yago/Matter100020827,http://dbpedia.org/resource/Gac,Gac,59,21,0.9999981820277,0.0,"with Scott Hamilton (Gac, 2016) – live",1,37,== Discography == | === As leader/co-leaders ===
http://dbpedia.org/class/yago/Object100002684,http://dbpedia.org/resource/Gac,Gac,59,21,0.9999981820277,0.0,"with Scott Hamilton (Gac, 2016) – live",1,37,== Discography == | === As leader/co-leaders ===
http://dbpedia.org/class/yago/Organism100004475,http://dbpedia.org/resource/Gac,Gac,59,21,0.9999981820277,0.0,"with Scott Hamilton (Gac, 2016) – live",1,37,== Discography == | === As leader/co-leaders ===
http://dbpedia.org/class/yago/PhysicalEntity100001930,http://dbpedia.org/resource/Gac,Gac,59,21,0.9999981820277,0.0,"with Scott Hamilton (Gac, 2016) – live",1,37,== Discography == | === As leader/co-leaders ===
http://dbpedia.org/class/yago/Plant100017222,http://dbpedia.org/resource/Gac,Gac,59,21,0.9999981820277,0.0,"with Scott Hamilton (Gac, 2016) – live",1,37,== Discography == | === As leader/co-leaders ===
http://dbpedia.org/class/yago/Substance100020090,http://dbpedia.org/resource/Gac,Gac,59,21,0.9999981820277,0.0,"with Scott Hamilton (Gac, 2016) – live",1,37,== Discography == | === As leader/co-leaders ===
http://dbpedia.org/class/yago/Tree113104059,http://dbpedia.org/resource/Gac,Gac,59,21,0.9999981820277,0.0,"with Scott Hamilton (Gac, 2016) – live",1,37,== Discography == | === As leader/co-leaders ===
http://dbpedia.org/class/yago/VascularPlant113083586,http://dbpedia.org/resource/Gac,Gac,59,21,0.9999981820277,0.0,"with Scott Hamilton (Gac, 2016) – live",1,37,== Discography == | === As leader/co-leaders ===
http://dbpedia.org/class/yago/Whole100003553,http://dbpedia.org/resource/Gac,Gac,59,21,0.9999981820277,0.0,"with Scott Hamilton (Gac, 2016) – live",1,37,== Discography == | === As leader/co-leaders ===
http://dbpedia.org/class/yago/WikicatTrees,http://dbpedia.org/resource/Gac,Gac,59,21,0.9999981820277,0.0,"with Scott Hamilton (Gac, 2016) – live",1,37,== Discography == | === As leader/co-leaders ===
http://dbpedia.org/class/yago/WikicatPlantsUsedInTraditionalChineseMedicine,http://dbpedia.org/resource/Gac,Gac,59,48,0.9999981820277,0.0,"Can You Love Me Once More with Judy Carmichael (Gac, 2016)",0,39,== Discography == | === As leader/co-leaders ===
http://dbpedia.org/ontology/Plant,http://dbpedia.org/resource/Gac,Gac,59,48,0.9999981820277,0.0,"Can You Love Me Once More with Judy Carmichael (Gac, 2016)",0,39,== Discography == | === As leader/co-leaders ===
http://dbpedia.org/class/yago/WikicatDietarySupplements,http://dbpedia.org/resource/Gac,Gac,59,48,0.9999981820277,0.0,"Can You Love Me Once More with Judy Carmichael (Gac, 2016)",0,39,== Discography == | === As leader/co-leaders ===
http://dbpedia.org/class/yago/WikicatDioeciousPlants,http://dbpedia.org/resource/Gac,Gac,59,48,0.9999981820277,0.0,"Can You Love Me Once More with Judy Carmichael (Gac, 2016)",0,39,== Discography == | === As leader/co-leaders ===
http://dbpedia.org/class/yago/WoodyPlant113103136,http://dbpedia.org/resource/Gac,Gac,59,48,0.9999981820277,0.0,"Can You Love Me Once More with Judy Carmichael (Gac, 2016)",0,39,== Discography == | === As leader/co-leaders ===
http://umbel.org/umbel/rc/FloweringPlant,http://dbpedia.org/resource/Gac,Gac,59,48,0.9999981820277,0.0,"Can You Love Me Once More with Judy Carmichael (Gac, 2016)",0,39,== Discography == | === As leader/co-leaders ===
http://umbel.org/umbel/rc/Plant,http://dbpedia.org/resource/Gac,Gac,59,48,0.9999981820277,0.0,"Can You Love Me Once More with Judy Carmichael (Gac, 2016)",0,39,== Discography == | === As leader/co-leaders ===
http://dbpedia.org/class/yago/WikicatMedicinalPlants,http://dbpedia.org/resource/Gac,Gac,59,48,0.9999981820277,0.0,"Can You Love Me Once More with Judy Carmichael (Gac, 2016)",0,39,== Discography == | === As leader/co-leaders ===
http://dbpedia.org/class/yago/WikicatMedicinalPlantsOfAsia,http://dbpedia.org/resource/Gac,Gac,59,48,0.9999981820277,0.0,"Can You Love Me Once More with Judy Carmichael (Gac, 2016)",0,39,== Discography == | === As leader/co-leaders ===
http://dbpedia.org/class/yago/WikicatMedicinalPlantsOfOceania,http://dbpedia.org/resource/Gac,Gac,59,48,0.9999981820277,0.0,"Can You Love Me Once More with Judy Carmichael (Gac, 2016)",0,39,== Discography == | === As leader/co-leaders ===
http://dbpedia.org/class/yago/Diet107561112,http://dbpedia.org/resource/Gac,Gac,59,48,0.9999981820277,0.0,"Can You Love Me Once More with Judy Carmichael (Gac, 2016)",0,39,== Discography == | === As leader/co-leaders ===
http://dbpedia.org/class/yago/DietarySupplement107562495,http://dbpedia.org/resource/Gac,Gac,59,48,0.9999981820277,0.0,"Can You Love Me Once More with Judy Carmichael (Gac, 2016)",0,39,== Discography == | === As leader/co-leaders ===
http://dbpedia.org/class/yago/Fare107560652,http://dbpedia.org/resource/Gac,Gac,59,48,0.9999981820277,0.0,"Can You Love Me Once More with Judy Carmichael (Gac, 2016)",0,39,== Discography == | === As leader/co-leaders ===
http://dbpedia.org/class/yago/Food100021265,http://dbpedia.org/resource/Gac,Gac,59,48,0.9999981820277,0.0,"Can You Love Me Once More with Judy Carmichael (Gac, 2016)",0,39,== Discography == | === As leader/co-leaders ===
http://dbpedia.org/class/yago/LivingThing100004258,http://dbpedia.org/resource/Gac,Gac,59,48,0.9999981820277,0.0,"Can You Love Me Once More with Judy Carmichael (Gac, 2016)",0,39,== Discography == | === As leader/co-leaders ===
http://dbpedia.org/class/yago/Matter100020827,http://dbpedia.org/resource/Gac,Gac,59,48,0.9999981820277,0.0,"Can You Love Me Once More with Judy Carmichael (Gac, 2016)",0,39,== Discography == | === As leader/co-leaders ===
http://dbpedia.org/class/yago/Object100002684,http://dbpedia.org/resource/Gac,Gac,59,48,0.9999981820277,0.0,"Can You Love Me Once More with Judy Carmichael (Gac, 2016)",0,39,== Discography == | === As leader/co-leaders ===
http://dbpedia.org/class/yago/Organism100004475,http://dbpedia.org/resource/Gac,Gac,59,48,0.9999981820277,0.0,"Can You Love Me Once More with Judy Carmichael (Gac, 2016)",0,39,== Discography == | === As leader/co-leaders ===
http://dbpedia.org/class/yago/PhysicalEntity100001930,http://dbpedia.org/resource/Gac,Gac,59,48,0.9999981820277,0.0,"Can You Love Me Once More with Judy Carmichael (Gac, 2016)",0,39,== Discography == | === As leader/co-leaders ===
http://dbpedia.org/class/yago/Plant100017222,http://dbpedia.org/resource/Gac,Gac,59,48,0.9999981820277,0.0,"Can You Love Me Once More with Judy Carmichael (Gac, 2016)",0,39,== Discography == | === As leader/co-leaders ===
http://dbpedia.org/class/yago/Substance100020090,http://dbpedia.org/resource/Gac,Gac,59,48,0.9999981820277,0.0,"Can You Love Me Once More with Judy Carmichael (Gac, 2016)",0,39,== Discography == | === As leader/co-leaders ===
http://dbpedia.org/class/yago/Tree113104059,http://dbpedia.org/resource/Gac,Gac,59,48,0.9999981820277,0.0,"Can You Love Me Once More with Judy Carmichael (Gac, 2016)",0,39,== Discography == | === As leader/co-leaders ===
http://dbpedia.org/class/yago/VascularPlant113083586,http://dbpedia.org/resource/Gac,Gac,59,48,0.9999981820277,0.0,"Can You Love Me Once More with Judy Carmichael (Gac, 2016)",0,39,== Discography == | === As leader/co-leaders ===
http://dbpedia.org/class/yago/Whole100003553,http://dbpedia.org/resource/Gac,Gac,59,48,0.9999981820277,0.0,"Can You Love Me Once More with Judy Carmichael (Gac, 2016)",0,39,== Discography == | === As leader/co-leaders ===
http://dbpedia.org/class/yago/WikicatTrees,http://dbpedia.org/resource/Gac,Gac,59,48,0.9999981820277,0.0,"Can You Love Me Once More with Judy Carmichael (Gac, 2016)",0,39,== Discography == | === As leader/co-leaders ===
http://www.w3.org/2002/07/owl#Thing,http://dbpedia.org/resource/Lullaby,Lullaby,537,7,0.9999999999292584,2.4881440952634847e-11,"French Lullaby (Venus, 2018) – recorded in 2017",0,40,== Discography == | === As leader/co-leaders ===
http://dbpedia.org/ontology/MusicGenre,http://dbpedia.org/resource/Lullaby,Lullaby,537,7,0.9999999999292584,2.4881440952634847e-11,"French Lullaby (Venus, 2018) – recorded in 2017",0,40,== Discography == | === As leader/co-leaders ===
http://dbpedia.org/ontology/Single,http://dbpedia.org/resource/Lullaby,Lullaby,537,7,0.9999999999292584,2.4881440952634847e-11,"French Lullaby (Venus, 2018) – recorded in 2017",0,40,== Discography == | === As leader/co-leaders ===
http://dbpedia.org/class/yago/WikicatCocteauTwinsAlbums,http://dbpedia.org/resource/Lullaby,Lullaby,537,7,0.9999999999292584,2.4881440952634847e-11,"French Lullaby (Venus, 2018) – recorded in 2017",0,40,== Discography == | === As leader/co-leaders ===
http://dbpedia.org/class/yago/Album106591815,http://dbpedia.org/resource/Lullaby,Lullaby,537,7,0.9999999999292584,2.4881440952634847e-11,"French Lullaby (Venus, 2018) – recorded in 2017",0,40,== Discography == | === As leader/co-leaders ===
http://dbpedia.org/class/yago/Artifact100021939,http://dbpedia.org/resource/Lullaby,Lullaby,537,7,0.9999999999292584,2.4881440952634847e-11,"French Lullaby (Venus, 2018) – recorded in 2017",0,40,== Discography == | === As leader/co-leaders ===
http://dbpedia.org/class/yago/Instrumentality103575240,http://dbpedia.org/resource/Lullaby,Lullaby,537,7,0.9999999999292584,2.4881440952634847e-11,"French Lullaby (Venus, 2018) – recorded in 2017",0,40,== Discography == | === As leader/co-leaders ===
http://dbpedia.org/class/yago/Medium106254669,http://dbpedia.org/resource/Lullaby,Lullaby,537,7,0.9999999999292584,2.4881440952634847e-11,"French Lullaby (Venus, 2018) – recorded in 2017",0,40,== Discography == | === As leader/co-leaders ===
http://dbpedia.org/class/yago/Object100002684,http://dbpedia.org/resource/Lullaby,Lullaby,537,7,0.9999999999292584,2.4881440952634847e-11,"French Lullaby (Venus, 2018) – recorded in 2017",0,40,== Discography == | === As leader/co-leaders ===
http://dbpedia.org/class/yago/PhysicalEntity100001930,http://dbpedia.org/resource/Lullaby,Lullaby,537,7,0.9999999999292584,2.4881440952634847e-11,"French Lullaby (Venus, 2018) – recorded in 2017",0,40,== Discography == | === As leader/co-leaders ===
http://dbpedia.org/class/yago/Whole100003553,http://dbpedia.org/resource/Lullaby,Lullaby,537,7,0.9999999999292584,2.4881440952634847e-11,"French Lullaby (Venus, 2018) – recorded in 2017",0,40,== Discography == | === As leader/co-leaders ===
http://www.w3.org/2002/07/owl#Thing,http://dbpedia.org/resource/The_Three_Tenors,Three Tenors,156,0,0.9999999999848512,0.0,"Three Tenors, Like The Brightest Star with Ken Peplowski, Scott Hamilton (Venus, 2019)",0,41,== Discography == | === As leader/co-leaders ===
http://dbpedia.org/class/yago/WikicatItalianSingers,http://dbpedia.org/resource/The_Three_Tenors,Three Tenors,156,0,0.9999999999848512,0.0,"Three Tenors, Like The Brightest Star with Ken Peplowski, Scott Hamilton (Venus, 2019)",0,41,== Discography == | === As leader/co-leaders ===
http://dbpedia.org/ontology/Band,http://dbpedia.org/resource/The_Three_Tenors,Three Tenors,156,0,0.9999999999848512,0.0,"Three Tenors, Like The Brightest Star with Ken Peplowski, Scott Hamilton (Venus, 2019)",0,41,== Discography == | === As leader/co-leaders ===
http://dbpedia.org/class/yago/YagoLegalActor,http://dbpedia.org/resource/The_Three_Tenors,Three Tenors,156,0,0.9999999999848512,0.0,"Three Tenors, Like The Brightest Star with Ken Peplowski, Scott Hamilton (Venus, 2019)",0,41,== Discography == | === As leader/co-leaders ===
http://dbpedia.org/class/yago/YagoLegalActorGeo,http://dbpedia.org/resource/The_Three_Tenors,Three Tenors,156,0,0.9999999999848512,0.0,"Three Tenors, Like The Brightest Star with Ken Peplowski, Scott Hamilton (Venus, 2019)",0,41,== Discography == | === As leader/co-leaders ===
http://dbpedia.org/class/yago/Artist109812338,http://dbpedia.org/resource/The_Three_Tenors,Three Tenors,156,0,0.9999999999848512,0.0,"Three Tenors, Like The Brightest Star with Ken Peplowski, Scott Hamilton (Venus, 2019)",0,41,== Discography == | === As leader/co-leaders ===
http://dbpedia.org/class/yago/CausalAgent100007347,http://dbpedia.org/resource/The_Three_Tenors,Three Tenors,156,0,0.9999999999848512,0.0,"Three Tenors, Like The Brightest Star with Ken Peplowski, Scott Hamilton (Venus, 2019)",0,41,== Discography == | === As leader/co-leaders ===
http://dbpedia.org/class/yago/Creator109614315,http://dbpedia.org/resource/The_Three_Tenors,Three Tenors,156,0,0.9999999999848512,0.0,"Three Tenors, Like The Brightest Star with Ken Peplowski, Scott Hamilton (Venus, 2019)",0,41,== Discography == | === As leader/co-leaders ===
http://dbpedia.org/class/yago/Entertainer109616922,http://dbpedia.org/resource/The_Three_Tenors,Three Tenors,156,0,0.9999999999848512,0.0,"Three Tenors, Like The Brightest Star with Ken Peplowski, Scott Hamilton (Venus, 2019)",0,41,== Discography == | === As leader/co-leaders ===
http://dbpedia.org/class/yago/LivingThing100004258,http://dbpedia.org/resource/The_Three_Tenors,Three Tenors,156,0,0.9999999999848512,0.0,"Three Tenors, Like The Brightest Star with Ken Peplowski, Scott Hamilton (Venus, 2019)",0,41,== Discography == | === As leader/co-leaders ===
http://dbpedia.org/class/yago/Musician110339966,http://dbpedia.org/resource/The_Three_Tenors,Three Tenors,156,0,0.9999999999848512,0.0,"Three Tenors, Like The Brightest Star with Ken Peplowski, Scott Hamilton (Venus, 2019)",0,41,== Discography == | === As leader/co-leaders ===
http://dbpedia.org/class/yago/Musician110340312,http://dbpedia.org/resource/The_Three_Tenors,Three Tenors,156,0,0.9999999999848512,0.0,"Three Tenors, Like The Brightest Star with Ken Peplowski, Scott Hamilton (Venus, 2019)",0,41,== Discography == | === As leader/co-leaders ===
http://dbpedia.org/class/yago/Object100002684,http://dbpedia.org/resource/The_Three_Tenors,Three Tenors,156,0,0.9999999999848512,0.0,"Three Tenors, Like The Brightest Star with Ken Peplowski, Scott Hamilton (Venus, 2019)",0,41,== Discography == | === As leader/co-leaders ===
http://dbpedia.org/class/yago/Organism100004475,http://dbpedia.org/resource/The_Three_Tenors,Three Tenors,156,0,0.9999999999848512,0.0,"Three Tenors, Like The Brightest Star with Ken Peplowski, Scott Hamilton (Venus, 2019)",0,41,== Discography == | === As leader/co-leaders ===
http://dbpedia.org/class/yago/Performer110415638,http://dbpedia.org/resource/The_Three_Tenors,Three Tenors,156,0,0.9999999999848512,0.0,"Three Tenors, Like The Brightest Star with Ken Peplowski, Scott Hamilton (Venus, 2019)",0,41,== Discography == | === As leader/co-leaders ===
http://dbpedia.org/class/yago/Person100007846,http://dbpedia.org/resource/The_Three_Tenors,Three Tenors,156,0,0.9999999999848512,0.0,"Three Tenors, Like The Brightest Star with Ken Peplowski, Scott Hamilton (Venus, 2019)",0,41,== Discography == | === As leader/co-leaders ===
http://dbpedia.org/class/yago/PhysicalEntity100001930,http://dbpedia.org/resource/The_Three_Tenors,Three Tenors,156,0,0.9999999999848512,0.0,"Three Tenors, Like The Brightest Star with Ken Peplowski, Scott Hamilton (Venus, 2019)",0,41,== Discography == | === As leader/co-leaders ===
http://dbpedia.org/class/yago/Singer110599806,http://dbpedia.org/resource/The_Three_Tenors,Three Tenors,156,0,0.9999999999848512,0.0,"Three Tenors, Like The Brightest Star with Ken Peplowski, Scott Hamilton (Venus, 2019)",0,41,== Discography == | === As leader/co-leaders ===
http://dbpedia.org/class/yago/Whole100003553,http://dbpedia.org/resource/The_Three_Tenors,Three Tenors,156,0,0.9999999999848512,0.0,"Three Tenors, Like The Brightest Star with Ken Peplowski, Scott Hamilton (Venus, 2019)",0,41,== Discography == | === As leader/co-leaders ===
http://dbpedia.org/class/yago/WikicatOperaSingers,http://dbpedia.org/resource/The_Three_Tenors,Three Tenors,156,0,0.9999999999848512,0.0,"Three Tenors, Like The Brightest Star with Ken Peplowski, Scott Hamilton (Venus, 2019)",0,41,== Discography == | === As leader/co-leaders ===
http://dbpedia.org/class/yago/WikicatSpanishSingers,http://dbpedia.org/resource/The_Three_Tenors,Three Tenors,156,0,0.9999999999848512,0.0,"Three Tenors, Like The Brightest Star with Ken Peplowski, Scott Hamilton (Venus, 2019)",0,41,== Discography == | === As leader/co-leaders ===
