types,URI,entity,support,offset,similarityScore,percentageOfSecondRank,sentence,sentenceIndex,paragraphIndex,section
http://www.w3.org/2002/07/owl#Thing,http://dbpedia.org/resource/Music_industry,music industry,2340,31,0.9999990144421556,8.105282164405216e-07,Neil R. Portnow is an American music industry executive who served as the chairman and CEO of The Recording Academy and MusiCares from 2002 to 2019.,0,0,
http://dbpedia.org/ontology/PersonFunction,http://dbpedia.org/resource/Music_industry,music industry,2340,31,0.9999990144421556,8.105282164405216e-07,Neil R. Portnow is an American music industry executive who served as the chairman and CEO of The Recording Academy and MusiCares from 2002 to 2019.,0,0,
http://dbpedia.org/class/yago/YagoLegalActor,http://dbpedia.org/resource/Music_industry,music industry,2340,31,0.9999990144421556,8.105282164405216e-07,Neil R. Portnow is an American music industry executive who served as the chairman and CEO of The Recording Academy and MusiCares from 2002 to 2019.,0,0,
http://dbpedia.org/class/yago/YagoLegalActorGeo,http://dbpedia.org/resource/Music_industry,music industry,2340,31,0.9999990144421556,8.105282164405216e-07,Neil R. Portnow is an American music industry executive who served as the chairman and CEO of The Recording Academy and MusiCares from 2002 to 2019.,0,0,
http://dbpedia.org/class/yago/WikicatRecordLabelDistributors,http://dbpedia.org/resource/Music_industry,music industry,2340,31,0.9999990144421556,8.105282164405216e-07,Neil R. Portnow is an American music industry executive who served as the chairman and CEO of The Recording Academy and MusiCares from 2002 to 2019.,0,0,
http://dbpedia.org/class/yago/Businessperson109882716,http://dbpedia.org/resource/Music_industry,music industry,2340,31,0.9999990144421556,8.105282164405216e-07,Neil R. Portnow is an American music industry executive who served as the chairman and CEO of The Recording Academy and MusiCares from 2002 to 2019.,0,0,
http://dbpedia.org/class/yago/Capitalist109609232,http://dbpedia.org/resource/Music_industry,music industry,2340,31,0.9999990144421556,8.105282164405216e-07,Neil R. Portnow is an American music industry executive who served as the chairman and CEO of The Recording Academy and MusiCares from 2002 to 2019.,0,0,
http://dbpedia.org/class/yago/CausalAgent100007347,http://dbpedia.org/resource/Music_industry,music industry,2340,31,0.9999990144421556,8.105282164405216e-07,Neil R. Portnow is an American music industry executive who served as the chairman and CEO of The Recording Academy and MusiCares from 2002 to 2019.,0,0,
http://dbpedia.org/class/yago/Distributor110018861,http://dbpedia.org/resource/Music_industry,music industry,2340,31,0.9999990144421556,8.105282164405216e-07,Neil R. Portnow is an American music industry executive who served as the chairman and CEO of The Recording Academy and MusiCares from 2002 to 2019.,0,0,
http://dbpedia.org/class/yago/LivingThing100004258,http://dbpedia.org/resource/Music_industry,music industry,2340,31,0.9999990144421556,8.105282164405216e-07,Neil R. Portnow is an American music industry executive who served as the chairman and CEO of The Recording Academy and MusiCares from 2002 to 2019.,0,0,
http://dbpedia.org/class/yago/Object100002684,http://dbpedia.org/resource/Music_industry,music industry,2340,31,0.9999990144421556,8.105282164405216e-07,Neil R. Portnow is an American music industry executive who served as the chairman and CEO of The Recording Academy and MusiCares from 2002 to 2019.,0,0,
http://dbpedia.org/class/yago/Organism100004475,http://dbpedia.org/resource/Music_industry,music industry,2340,31,0.9999990144421556,8.105282164405216e-07,Neil R. Portnow is an American music industry executive who served as the chairman and CEO of The Recording Academy and MusiCares from 2002 to 2019.,0,0,
http://dbpedia.org/class/yago/Person100007846,http://dbpedia.org/resource/Music_industry,music industry,2340,31,0.9999990144421556,8.105282164405216e-07,Neil R. Portnow is an American music industry executive who served as the chairman and CEO of The Recording Academy and MusiCares from 2002 to 2019.,0,0,
http://dbpedia.org/class/yago/PhysicalEntity100001930,http://dbpedia.org/resource/Music_industry,music industry,2340,31,0.9999990144421556,8.105282164405216e-07,Neil R. Portnow is an American music industry executive who served as the chairman and CEO of The Recording Academy and MusiCares from 2002 to 2019.,0,0,
http://dbpedia.org/class/yago/Supplier110677271,http://dbpedia.org/resource/Music_industry,music industry,2340,31,0.9999990144421556,8.105282164405216e-07,Neil R. Portnow is an American music industry executive who served as the chairman and CEO of The Recording Academy and MusiCares from 2002 to 2019.,0,0,
http://dbpedia.org/class/yago/Whole100003553,http://dbpedia.org/resource/Music_industry,music industry,2340,31,0.9999990144421556,8.105282164405216e-07,Neil R. Portnow is an American music industry executive who served as the chairman and CEO of The Recording Academy and MusiCares from 2002 to 2019.,0,0,
http://www.w3.org/2002/07/owl#Thing,http://dbpedia.org/resource/Chief_executive_officer,CEO,22426,87,0.9999986954699392,1.1135795466702823e-06,Neil R. Portnow is an American music industry executive who served as the chairman and CEO of The Recording Academy and MusiCares from 2002 to 2019.,0,0,
http://dbpedia.org/ontology/PersonFunction,http://dbpedia.org/resource/Chief_executive_officer,CEO,22426,87,0.9999986954699392,1.1135795466702823e-06,Neil R. Portnow is an American music industry executive who served as the chairman and CEO of The Recording Academy and MusiCares from 2002 to 2019.,0,0,
http://www.w3.org/2003/01/geo/wgs84_pos#SpatialThing,http://dbpedia.org/resource/West_Coast_Division,West Coast division,84,53,0.9999807391308608,1.9261237597610454e-05,"Prior to that, Portnow was the vice-president of the West Coast division of Jive Records and Arista Records.",1,0,
http://dbpedia.org/ontology/Organisation,http://dbpedia.org/resource/West_Coast_Division,West Coast division,84,53,0.9999807391308608,1.9261237597610454e-05,"Prior to that, Portnow was the vice-president of the West Coast division of Jive Records and Arista Records.",1,0,
http://dbpedia.org/ontology/Settlement,http://dbpedia.org/resource/West_Coast_Division,West Coast division,84,53,0.9999807391308608,1.9261237597610454e-05,"Prior to that, Portnow was the vice-president of the West Coast division of Jive Records and Arista Records.",1,0,
http://dbpedia.org/class/yago/WikicatDivisionsOfSabah,http://dbpedia.org/resource/West_Coast_Division,West Coast division,84,53,0.9999807391308608,1.9261237597610454e-05,"Prior to that, Portnow was the vice-president of the West Coast division of Jive Records and Arista Records.",1,0,
http://dbpedia.org/class/yago/YagoLegalActor,http://dbpedia.org/resource/West_Coast_Division,West Coast division,84,53,0.9999807391308608,1.9261237597610454e-05,"Prior to that, Portnow was the vice-president of the West Coast division of Jive Records and Arista Records.",1,0,
http://dbpedia.org/class/yago/YagoLegalActorGeo,http://dbpedia.org/resource/West_Coast_Division,West Coast division,84,53,0.9999807391308608,1.9261237597610454e-05,"Prior to that, Portnow was the vice-president of the West Coast division of Jive Records and Arista Records.",1,0,
http://dbpedia.org/class/yago/YagoPermanentlyLocatedEntity,http://dbpedia.org/resource/West_Coast_Division,West Coast division,84,53,0.9999807391308608,1.9261237597610454e-05,"Prior to that, Portnow was the vice-president of the West Coast division of Jive Records and Arista Records.",1,0,
http://dbpedia.org/class/yago/Abstraction100002137,http://dbpedia.org/resource/West_Coast_Division,West Coast division,84,53,0.9999807391308608,1.9261237597610454e-05,"Prior to that, Portnow was the vice-president of the West Coast division of Jive Records and Arista Records.",1,0,
http://dbpedia.org/class/yago/ArmyUnit108190754,http://dbpedia.org/resource/West_Coast_Division,West Coast division,84,53,0.9999807391308608,1.9261237597610454e-05,"Prior to that, Portnow was the vice-president of the West Coast division of Jive Records and Arista Records.",1,0,
http://dbpedia.org/class/yago/Division108213205,http://dbpedia.org/resource/West_Coast_Division,West Coast division,84,53,0.9999807391308608,1.9261237597610454e-05,"Prior to that, Portnow was the vice-president of the West Coast division of Jive Records and Arista Records.",1,0,
http://dbpedia.org/class/yago/Group100031264,http://dbpedia.org/resource/West_Coast_Division,West Coast division,84,53,0.9999807391308608,1.9261237597610454e-05,"Prior to that, Portnow was the vice-president of the West Coast division of Jive Records and Arista Records.",1,0,
http://dbpedia.org/class/yago/MilitaryUnit108198398,http://dbpedia.org/resource/West_Coast_Division,West Coast division,84,53,0.9999807391308608,1.9261237597610454e-05,"Prior to that, Portnow was the vice-president of the West Coast division of Jive Records and Arista Records.",1,0,
http://dbpedia.org/class/yago/Organization108008335,http://dbpedia.org/resource/West_Coast_Division,West Coast division,84,53,0.9999807391308608,1.9261237597610454e-05,"Prior to that, Portnow was the vice-president of the West Coast division of Jive Records and Arista Records.",1,0,
http://dbpedia.org/class/yago/SocialGroup107950920,http://dbpedia.org/resource/West_Coast_Division,West Coast division,84,53,0.9999807391308608,1.9261237597610454e-05,"Prior to that, Portnow was the vice-president of the West Coast division of Jive Records and Arista Records.",1,0,
http://dbpedia.org/class/yago/Unit108189659,http://dbpedia.org/resource/West_Coast_Division,West Coast division,84,53,0.9999807391308608,1.9261237597610454e-05,"Prior to that, Portnow was the vice-president of the West Coast division of Jive Records and Arista Records.",1,0,
http://www.w3.org/2002/07/owl#Thing,http://dbpedia.org/resource/Bass_guitar,bass guitar,47268,14,0.9999442871359128,4.996406901910417e-05,"He played the bass guitar in a high school rock band, The Savages, who released a 45 rpm record ""Cheating on me""/""Best thing you ever had"" on Red Fox Records.",1,2,== Early career and education ==
http://dbpedia.org/ontology/Agent,http://dbpedia.org/resource/Bass_guitar,bass guitar,47268,14,0.9999442871359128,4.996406901910417e-05,"He played the bass guitar in a high school rock band, The Savages, who released a 45 rpm record ""Cheating on me""/""Best thing you ever had"" on Red Fox Records.",1,2,== Early career and education ==
http://dbpedia.org/ontology/MusicalArtist,http://dbpedia.org/resource/Bass_guitar,bass guitar,47268,14,0.9999442871359128,4.996406901910417e-05,"He played the bass guitar in a high school rock band, The Savages, who released a 45 rpm record ""Cheating on me""/""Best thing you ever had"" on Red Fox Records.",1,2,== Early career and education ==
http://www.w3.org/2002/07/owl#Thing,http://dbpedia.org/resource/Phonograph_record,45 rpm record,10559,82,0.9999532627106223,4.673947384175534e-05,"He played the bass guitar in a high school rock band, The Savages, who released a 45 rpm record ""Cheating on me""/""Best thing you ever had"" on Red Fox Records.",1,2,== Early career and education ==
http://www.w3.org/2002/07/owl#Thing,http://dbpedia.org/resource/Cheating,Cheating,297,97,0.9245958284151908,0.0815518552574807,"He played the bass guitar in a high school rock band, The Savages, who released a 45 rpm record ""Cheating on me""/""Best thing you ever had"" on Red Fox Records.",1,2,== Early career and education ==
http://dbpedia.org/ontology/Organisation,http://dbpedia.org/resource/George_Washington_University_Student_Association,GW Student Association,4,101,1.0,0.0,"Portnow graduated from The George Washington University in 1971, where he served as president of the GW Student Association.",3,2,== Early career and education ==
http://dbpedia.org/class/yago/YagoLegalActor,http://dbpedia.org/resource/George_Washington_University_Student_Association,GW Student Association,4,101,1.0,0.0,"Portnow graduated from The George Washington University in 1971, where he served as president of the GW Student Association.",3,2,== Early career and education ==
http://dbpedia.org/class/yago/YagoLegalActorGeo,http://dbpedia.org/resource/George_Washington_University_Student_Association,GW Student Association,4,101,1.0,0.0,"Portnow graduated from The George Washington University in 1971, where he served as president of the GW Student Association.",3,2,== Early career and education ==
http://dbpedia.org/class/yago/YagoPermanentlyLocatedEntity,http://dbpedia.org/resource/George_Washington_University_Student_Association,GW Student Association,4,101,1.0,0.0,"Portnow graduated from The George Washington University in 1971, where he served as president of the GW Student Association.",3,2,== Early career and education ==
http://dbpedia.org/class/yago/Abstraction100002137,http://dbpedia.org/resource/George_Washington_University_Student_Association,GW Student Association,4,101,1.0,0.0,"Portnow graduated from The George Washington University in 1971, where he served as president of the GW Student Association.",3,2,== Early career and education ==
http://dbpedia.org/class/yago/Government108050678,http://dbpedia.org/resource/George_Washington_University_Student_Association,GW Student Association,4,101,1.0,0.0,"Portnow graduated from The George Washington University in 1971, where he served as president of the GW Student Association.",3,2,== Early career and education ==
http://dbpedia.org/class/yago/Group100031264,http://dbpedia.org/resource/George_Washington_University_Student_Association,GW Student Association,4,101,1.0,0.0,"Portnow graduated from The George Washington University in 1971, where he served as president of the GW Student Association.",3,2,== Early career and education ==
http://dbpedia.org/class/yago/Organization108008335,http://dbpedia.org/resource/George_Washington_University_Student_Association,GW Student Association,4,101,1.0,0.0,"Portnow graduated from The George Washington University in 1971, where he served as president of the GW Student Association.",3,2,== Early career and education ==
http://dbpedia.org/class/yago/Polity108050385,http://dbpedia.org/resource/George_Washington_University_Student_Association,GW Student Association,4,101,1.0,0.0,"Portnow graduated from The George Washington University in 1971, where he served as president of the GW Student Association.",3,2,== Early career and education ==
http://dbpedia.org/class/yago/SocialGroup107950920,http://dbpedia.org/resource/George_Washington_University_Student_Association,GW Student Association,4,101,1.0,0.0,"Portnow graduated from The George Washington University in 1971, where he served as president of the GW Student Association.",3,2,== Early career and education ==
http://dbpedia.org/class/yago/Union108233056,http://dbpedia.org/resource/George_Washington_University_Student_Association,GW Student Association,4,101,1.0,0.0,"Portnow graduated from The George Washington University in 1971, where he served as president of the GW Student Association.",3,2,== Early career and education ==
http://dbpedia.org/class/yago/WikicatStudentGovernmentsInTheUnitedStates,http://dbpedia.org/resource/George_Washington_University_Student_Association,GW Student Association,4,101,1.0,0.0,"Portnow graduated from The George Washington University in 1971, where he served as president of the GW Student Association.",3,2,== Early career and education ==
http://dbpedia.org/class/yago/WikicatStudentPoliticalOrganizationsInTheUnitedStates,http://dbpedia.org/resource/George_Washington_University_Student_Association,GW Student Association,4,101,1.0,0.0,"Portnow graduated from The George Washington University in 1971, where he served as president of the GW Student Association.",3,2,== Early career and education ==
http://www.w3.org/2002/07/owl#Thing,http://dbpedia.org/resource/Babylon,Babylon,4703,65,0.9950551704238688,0.0021653974122457,"His client list included RCA Records, The Entertainment Company, Babylon Records, and Playboy Records.",5,2,== Early career and education ==
http://dbpedia.org/class/yago/WikicatAmoriteCities,http://dbpedia.org/resource/Babylon,Babylon,4703,65,0.9950551704238688,0.0021653974122457,"His client list included RCA Records, The Entertainment Company, Babylon Records, and Playboy Records.",5,2,== Early career and education ==
http://dbpedia.org/class/yago/WikicatAncientCities,http://dbpedia.org/resource/Babylon,Babylon,4703,65,0.9950551704238688,0.0021653974122457,"His client list included RCA Records, The Entertainment Company, Babylon Records, and Playboy Records.",5,2,== Early career and education ==
http://dbpedia.org/class/yago/WikicatArchaeologicalSitesInIraq,http://dbpedia.org/resource/Babylon,Babylon,4703,65,0.9950551704238688,0.0021653974122457,"His client list included RCA Records, The Entertainment Company, Babylon Records, and Playboy Records.",5,2,== Early career and education ==
http://dbpedia.org/class/yago/WikicatBabylonianCities,http://dbpedia.org/resource/Babylon,Babylon,4703,65,0.9950551704238688,0.0021653974122457,"His client list included RCA Records, The Entertainment Company, Babylon Records, and Playboy Records.",5,2,== Early career and education ==
http://www.w3.org/2003/01/geo/wgs84_pos#SpatialThing,http://dbpedia.org/resource/Babylon,Babylon,4703,65,0.9950551704238688,0.0021653974122457,"His client list included RCA Records, The Entertainment Company, Babylon Records, and Playboy Records.",5,2,== Early career and education ==
http://dbpedia.org/class/yago/WikicatHebrewBiblePlaces,http://dbpedia.org/resource/Babylon,Babylon,4703,65,0.9950551704238688,0.0021653974122457,"His client list included RCA Records, The Entertainment Company, Babylon Records, and Playboy Records.",5,2,== Early career and education ==
http://dbpedia.org/class/yago/WikicatPopulatedPlacesOnTheEuphratesRiver,http://dbpedia.org/resource/Babylon,Babylon,4703,65,0.9950551704238688,0.0021653974122457,"His client list included RCA Records, The Entertainment Company, Babylon Records, and Playboy Records.",5,2,== Early career and education ==
http://dbpedia.org/ontology/City,http://dbpedia.org/resource/Babylon,Babylon,4703,65,0.9950551704238688,0.0021653974122457,"His client list included RCA Records, The Entertainment Company, Babylon Records, and Playboy Records.",5,2,== Early career and education ==
http://dbpedia.org/class/yago/WikicatBiblicalPlaces,http://dbpedia.org/resource/Babylon,Babylon,4703,65,0.9950551704238688,0.0021653974122457,"His client list included RCA Records, The Entertainment Company, Babylon Records, and Playboy Records.",5,2,== Early career and education ==
http://dbpedia.org/class/yago/WikicatDestroyedCities,http://dbpedia.org/resource/Babylon,Babylon,4703,65,0.9950551704238688,0.0021653974122457,"His client list included RCA Records, The Entertainment Company, Babylon Records, and Playboy Records.",5,2,== Early career and education ==
http://dbpedia.org/class/yago/YagoGeoEntity,http://dbpedia.org/resource/Babylon,Babylon,4703,65,0.9950551704238688,0.0021653974122457,"His client list included RCA Records, The Entertainment Company, Babylon Records, and Playboy Records.",5,2,== Early career and education ==
http://dbpedia.org/class/yago/YagoLegalActorGeo,http://dbpedia.org/resource/Babylon,Babylon,4703,65,0.9950551704238688,0.0021653974122457,"His client list included RCA Records, The Entertainment Company, Babylon Records, and Playboy Records.",5,2,== Early career and education ==
http://dbpedia.org/class/yago/YagoPermanentlyLocatedEntity,http://dbpedia.org/resource/Babylon,Babylon,4703,65,0.9950551704238688,0.0021653974122457,"His client list included RCA Records, The Entertainment Company, Babylon Records, and Playboy Records.",5,2,== Early career and education ==
http://dbpedia.org/class/yago/AdministrativeDistrict108491826,http://dbpedia.org/resource/Babylon,Babylon,4703,65,0.9950551704238688,0.0021653974122457,"His client list included RCA Records, The Entertainment Company, Babylon Records, and Playboy Records.",5,2,== Early career and education ==
http://dbpedia.org/class/yago/City108524735,http://dbpedia.org/resource/Babylon,Babylon,4703,65,0.9950551704238688,0.0021653974122457,"His client list included RCA Records, The Entertainment Company, Babylon Records, and Playboy Records.",5,2,== Early career and education ==
http://dbpedia.org/class/yago/District108552138,http://dbpedia.org/resource/Babylon,Babylon,4703,65,0.9950551704238688,0.0021653974122457,"His client list included RCA Records, The Entertainment Company, Babylon Records, and Playboy Records.",5,2,== Early career and education ==
http://dbpedia.org/class/yago/GeographicalArea108574314,http://dbpedia.org/resource/Babylon,Babylon,4703,65,0.9950551704238688,0.0021653974122457,"His client list included RCA Records, The Entertainment Company, Babylon Records, and Playboy Records.",5,2,== Early career and education ==
http://dbpedia.org/class/yago/Location100027167,http://dbpedia.org/resource/Babylon,Babylon,4703,65,0.9950551704238688,0.0021653974122457,"His client list included RCA Records, The Entertainment Company, Babylon Records, and Playboy Records.",5,2,== Early career and education ==
http://dbpedia.org/class/yago/Municipality108626283,http://dbpedia.org/resource/Babylon,Babylon,4703,65,0.9950551704238688,0.0021653974122457,"His client list included RCA Records, The Entertainment Company, Babylon Records, and Playboy Records.",5,2,== Early career and education ==
http://dbpedia.org/class/yago/Object100002684,http://dbpedia.org/resource/Babylon,Babylon,4703,65,0.9950551704238688,0.0021653974122457,"His client list included RCA Records, The Entertainment Company, Babylon Records, and Playboy Records.",5,2,== Early career and education ==
http://dbpedia.org/class/yago/PhysicalEntity100001930,http://dbpedia.org/resource/Babylon,Babylon,4703,65,0.9950551704238688,0.0021653974122457,"His client list included RCA Records, The Entertainment Company, Babylon Records, and Playboy Records.",5,2,== Early career and education ==
http://dbpedia.org/class/yago/Region108630985,http://dbpedia.org/resource/Babylon,Babylon,4703,65,0.9950551704238688,0.0021653974122457,"His client list included RCA Records, The Entertainment Company, Babylon Records, and Playboy Records.",5,2,== Early career and education ==
http://dbpedia.org/class/yago/Site108651247,http://dbpedia.org/resource/Babylon,Babylon,4703,65,0.9950551704238688,0.0021653974122457,"His client list included RCA Records, The Entertainment Company, Babylon Records, and Playboy Records.",5,2,== Early career and education ==
http://dbpedia.org/class/yago/Tract108673395,http://dbpedia.org/resource/Babylon,Babylon,4703,65,0.9950551704238688,0.0021653974122457,"His client list included RCA Records, The Entertainment Company, Babylon Records, and Playboy Records.",5,2,== Early career and education ==
http://dbpedia.org/class/yago/UrbanArea108675967,http://dbpedia.org/resource/Babylon,Babylon,4703,65,0.9950551704238688,0.0021653974122457,"His client list included RCA Records, The Entertainment Company, Babylon Records, and Playboy Records.",5,2,== Early career and education ==
http://dbpedia.org/class/yago/WikicatFormerPopulatedPlacesInIraq,http://dbpedia.org/resource/Babylon,Babylon,4703,65,0.9950551704238688,0.0021653974122457,"His client list included RCA Records, The Entertainment Company, Babylon Records, and Playboy Records.",5,2,== Early career and education ==
http://www.w3.org/2002/07/owl#Thing,http://dbpedia.org/resource/Radio,radio,20231,32,0.8940327639945196,0.1135737478059349,"Portnow's services incorporated radio promotion, marketing and creative services, music publishing, and record production.",6,2,== Early career and education ==
http://dbpedia.org/ontology/PersonFunction,http://dbpedia.org/resource/Radio,radio,20231,32,0.8940327639945196,0.1135737478059349,"Portnow's services incorporated radio promotion, marketing and creative services, music publishing, and record production.",6,2,== Early career and education ==
http://www.w3.org/2002/07/owl#Thing,http://dbpedia.org/resource/Marketing,marketing,11320,49,0.9997221217522444,0.00025632294684649066,"Portnow's services incorporated radio promotion, marketing and creative services, music publishing, and record production.",6,2,== Early career and education ==
http://dbpedia.org/ontology/PersonFunction,http://dbpedia.org/resource/Marketing,marketing,11320,49,0.9997221217522444,0.00025632294684649066,"Portnow's services incorporated radio promotion, marketing and creative services, music publishing, and record production.",6,2,== Early career and education ==
http://www.w3.org/2002/07/owl#Thing,http://dbpedia.org/resource/Music_publisher,music publishing,767,82,0.9999904824120616,9.51756981541987e-06,"Portnow's services incorporated radio promotion, marketing and creative services, music publishing, and record production.",6,2,== Early career and education ==
http://dbpedia.org/class/yago/YagoPermanentlyLocatedEntity,http://dbpedia.org/resource/Music_publisher,music publishing,767,82,0.9999904824120616,9.51756981541987e-06,"Portnow's services incorporated radio promotion, marketing and creative services, music publishing, and record production.",6,2,== Early career and education ==
http://dbpedia.org/class/yago/Abstraction100002137,http://dbpedia.org/resource/Music_publisher,music publishing,767,82,0.9999904824120616,9.51756981541987e-06,"Portnow's services incorporated radio promotion, marketing and creative services, music publishing, and record production.",6,2,== Early career and education ==
http://dbpedia.org/class/yago/Act100030358,http://dbpedia.org/resource/Music_publisher,music publishing,767,82,0.9999904824120616,9.51756981541987e-06,"Portnow's services incorporated radio promotion, marketing and creative services, music publishing, and record production.",6,2,== Early career and education ==
http://dbpedia.org/class/yago/Activity100407535,http://dbpedia.org/resource/Music_publisher,music publishing,767,82,0.9999904824120616,9.51756981541987e-06,"Portnow's services incorporated radio promotion, marketing and creative services, music publishing, and record production.",6,2,== Early career and education ==
http://dbpedia.org/class/yago/Event100029378,http://dbpedia.org/resource/Music_publisher,music publishing,767,82,0.9999904824120616,9.51756981541987e-06,"Portnow's services incorporated radio promotion, marketing and creative services, music publishing, and record production.",6,2,== Early career and education ==
http://dbpedia.org/class/yago/Occupation100582388,http://dbpedia.org/resource/Music_publisher,music publishing,767,82,0.9999904824120616,9.51756981541987e-06,"Portnow's services incorporated radio promotion, marketing and creative services, music publishing, and record production.",6,2,== Early career and education ==
http://dbpedia.org/class/yago/PsychologicalFeature100023100,http://dbpedia.org/resource/Music_publisher,music publishing,767,82,0.9999904824120616,9.51756981541987e-06,"Portnow's services incorporated radio promotion, marketing and creative services, music publishing, and record production.",6,2,== Early career and education ==
http://dbpedia.org/class/yago/WikicatOccupationsInMusic,http://dbpedia.org/resource/Music_publisher,music publishing,767,82,0.9999904824120616,9.51756981541987e-06,"Portnow's services incorporated radio promotion, marketing and creative services, music publishing, and record production.",6,2,== Early career and education ==
http://dbpedia.org/ontology/PersonFunction,http://dbpedia.org/resource/Record_producer,record production,39381,104,0.9989278891633468,0.0010732613961485,"Portnow's services incorporated radio promotion, marketing and creative services, music publishing, and record production.",6,2,== Early career and education ==
http://dbpedia.org/class/yago/YagoPermanentlyLocatedEntity,http://dbpedia.org/resource/Record_producer,record production,39381,104,0.9989278891633468,0.0010732613961485,"Portnow's services incorporated radio promotion, marketing and creative services, music publishing, and record production.",6,2,== Early career and education ==
http://dbpedia.org/class/yago/Abstraction100002137,http://dbpedia.org/resource/Record_producer,record production,39381,104,0.9989278891633468,0.0010732613961485,"Portnow's services incorporated radio promotion, marketing and creative services, music publishing, and record production.",6,2,== Early career and education ==
http://dbpedia.org/class/yago/Act100030358,http://dbpedia.org/resource/Record_producer,record production,39381,104,0.9989278891633468,0.0010732613961485,"Portnow's services incorporated radio promotion, marketing and creative services, music publishing, and record production.",6,2,== Early career and education ==
http://dbpedia.org/class/yago/Activity100407535,http://dbpedia.org/resource/Record_producer,record production,39381,104,0.9989278891633468,0.0010732613961485,"Portnow's services incorporated radio promotion, marketing and creative services, music publishing, and record production.",6,2,== Early career and education ==
http://dbpedia.org/class/yago/Event100029378,http://dbpedia.org/resource/Record_producer,record production,39381,104,0.9989278891633468,0.0010732613961485,"Portnow's services incorporated radio promotion, marketing and creative services, music publishing, and record production.",6,2,== Early career and education ==
http://dbpedia.org/class/yago/Occupation100582388,http://dbpedia.org/resource/Record_producer,record production,39381,104,0.9989278891633468,0.0010732613961485,"Portnow's services incorporated radio promotion, marketing and creative services, music publishing, and record production.",6,2,== Early career and education ==
http://dbpedia.org/class/yago/PsychologicalFeature100023100,http://dbpedia.org/resource/Record_producer,record production,39381,104,0.9989278891633468,0.0010732613961485,"Portnow's services incorporated radio promotion, marketing and creative services, music publishing, and record production.",6,2,== Early career and education ==
http://dbpedia.org/class/yago/WikicatOccupations,http://dbpedia.org/resource/Record_producer,record production,39381,104,0.9989278891633468,0.0010732613961485,"Portnow's services incorporated radio promotion, marketing and creative services, music publishing, and record production.",6,2,== Early career and education ==
http://dbpedia.org/class/yago/WikicatOccupationsInMusic,http://dbpedia.org/resource/Record_producer,record production,39381,104,0.9989278891633468,0.0010732613961485,"Portnow's services incorporated radio promotion, marketing and creative services, music publishing, and record production.",6,2,== Early career and education ==
http://www.w3.org/2002/07/owl#Thing,http://dbpedia.org/resource/Talent_manager,manager,1167,67,0.7736416885461113,0.2586867873983389,"The Screen Gems Publishing Group, later acquired by EMI, named him manager of talent acquisitions and development in 1972.",0,3,== Early career and education ==
http://dbpedia.org/ontology/Person,http://dbpedia.org/resource/Talent_manager,manager,1167,67,0.7736416885461113,0.2586867873983389,"The Screen Gems Publishing Group, later acquired by EMI, named him manager of talent acquisitions and development in 1972.",0,3,== Early career and education ==
http://dbpedia.org/class/yago/WikicatArtsOccupations,http://dbpedia.org/resource/Talent_manager,manager,1167,67,0.7736416885461113,0.2586867873983389,"The Screen Gems Publishing Group, later acquired by EMI, named him manager of talent acquisitions and development in 1972.",0,3,== Early career and education ==
http://dbpedia.org/ontology/PersonFunction,http://dbpedia.org/resource/Talent_manager,manager,1167,67,0.7736416885461113,0.2586867873983389,"The Screen Gems Publishing Group, later acquired by EMI, named him manager of talent acquisitions and development in 1972.",0,3,== Early career and education ==
http://dbpedia.org/class/yago/YagoPermanentlyLocatedEntity,http://dbpedia.org/resource/Talent_manager,manager,1167,67,0.7736416885461113,0.2586867873983389,"The Screen Gems Publishing Group, later acquired by EMI, named him manager of talent acquisitions and development in 1972.",0,3,== Early career and education ==
http://dbpedia.org/class/yago/Abstraction100002137,http://dbpedia.org/resource/Talent_manager,manager,1167,67,0.7736416885461113,0.2586867873983389,"The Screen Gems Publishing Group, later acquired by EMI, named him manager of talent acquisitions and development in 1972.",0,3,== Early career and education ==
http://dbpedia.org/class/yago/Act100030358,http://dbpedia.org/resource/Talent_manager,manager,1167,67,0.7736416885461113,0.2586867873983389,"The Screen Gems Publishing Group, later acquired by EMI, named him manager of talent acquisitions and development in 1972.",0,3,== Early career and education ==
http://dbpedia.org/class/yago/Activity100407535,http://dbpedia.org/resource/Talent_manager,manager,1167,67,0.7736416885461113,0.2586867873983389,"The Screen Gems Publishing Group, later acquired by EMI, named him manager of talent acquisitions and development in 1972.",0,3,== Early career and education ==
http://dbpedia.org/class/yago/Body107965085,http://dbpedia.org/resource/Talent_manager,manager,1167,67,0.7736416885461113,0.2586867873983389,"The Screen Gems Publishing Group, later acquired by EMI, named him manager of talent acquisitions and development in 1972.",0,3,== Early career and education ==
http://dbpedia.org/class/yago/Event100029378,http://dbpedia.org/resource/Talent_manager,manager,1167,67,0.7736416885461113,0.2586867873983389,"The Screen Gems Publishing Group, later acquired by EMI, named him manager of talent acquisitions and development in 1972.",0,3,== Early career and education ==
http://dbpedia.org/class/yago/Group100031264,http://dbpedia.org/resource/Talent_manager,manager,1167,67,0.7736416885461113,0.2586867873983389,"The Screen Gems Publishing Group, later acquired by EMI, named him manager of talent acquisitions and development in 1972.",0,3,== Early career and education ==
http://dbpedia.org/class/yago/Occupation100582388,http://dbpedia.org/resource/Talent_manager,manager,1167,67,0.7736416885461113,0.2586867873983389,"The Screen Gems Publishing Group, later acquired by EMI, named him manager of talent acquisitions and development in 1972.",0,3,== Early career and education ==
http://dbpedia.org/class/yago/OccupationalGroup108403631,http://dbpedia.org/resource/Talent_manager,manager,1167,67,0.7736416885461113,0.2586867873983389,"The Screen Gems Publishing Group, later acquired by EMI, named him manager of talent acquisitions and development in 1972.",0,3,== Early career and education ==
http://dbpedia.org/class/yago/Profession108112096,http://dbpedia.org/resource/Talent_manager,manager,1167,67,0.7736416885461113,0.2586867873983389,"The Screen Gems Publishing Group, later acquired by EMI, named him manager of talent acquisitions and development in 1972.",0,3,== Early career and education ==
http://dbpedia.org/class/yago/PsychologicalFeature100023100,http://dbpedia.org/resource/Talent_manager,manager,1167,67,0.7736416885461113,0.2586867873983389,"The Screen Gems Publishing Group, later acquired by EMI, named him manager of talent acquisitions and development in 1972.",0,3,== Early career and education ==
http://dbpedia.org/class/yago/SocialGroup107950920,http://dbpedia.org/resource/Talent_manager,manager,1167,67,0.7736416885461113,0.2586867873983389,"The Screen Gems Publishing Group, later acquired by EMI, named him manager of talent acquisitions and development in 1972.",0,3,== Early career and education ==
http://dbpedia.org/class/yago/WikicatEntertainmentOccupations,http://dbpedia.org/resource/Talent_manager,manager,1167,67,0.7736416885461113,0.2586867873983389,"The Screen Gems Publishing Group, later acquired by EMI, named him manager of talent acquisitions and development in 1972.",0,3,== Early career and education ==
http://dbpedia.org/class/yago/WikicatOccupationsInMusic,http://dbpedia.org/resource/Talent_manager,manager,1167,67,0.7736416885461113,0.2586867873983389,"The Screen Gems Publishing Group, later acquired by EMI, named him manager of talent acquisitions and development in 1972.",0,3,== Early career and education ==
http://dbpedia.org/class/yago/WikicatTheatricalProfessions,http://dbpedia.org/resource/Talent_manager,manager,1167,67,0.7736416885461113,0.2586867873983389,"The Screen Gems Publishing Group, later acquired by EMI, named him manager of talent acquisitions and development in 1972.",0,3,== Early career and education ==
http://dbpedia.org/ontology/Election,http://dbpedia.org/resource/Acqui-hiring,talent acquisitions,22,78,0.9999999999997442,0.0,"The Screen Gems Publishing Group, later acquired by EMI, named him manager of talent acquisitions and development in 1972.",0,3,== Early career and education ==
http://dbpedia.org/ontology/PersonFunction,http://dbpedia.org/resource/Record_producer,record production,39381,19,0.9999486657728928,5.133686240931218e-05,"He established the record production division for the company, working with producers, arrangers, musicians, and songs from writer/artists including Fleetwood Mac, Carole King, Melissa Manchester, and Cat Stevens.",1,3,== Early career and education ==
http://dbpedia.org/class/yago/YagoPermanentlyLocatedEntity,http://dbpedia.org/resource/Record_producer,record production,39381,19,0.9999486657728928,5.133686240931218e-05,"He established the record production division for the company, working with producers, arrangers, musicians, and songs from writer/artists including Fleetwood Mac, Carole King, Melissa Manchester, and Cat Stevens.",1,3,== Early career and education ==
http://dbpedia.org/class/yago/Abstraction100002137,http://dbpedia.org/resource/Record_producer,record production,39381,19,0.9999486657728928,5.133686240931218e-05,"He established the record production division for the company, working with producers, arrangers, musicians, and songs from writer/artists including Fleetwood Mac, Carole King, Melissa Manchester, and Cat Stevens.",1,3,== Early career and education ==
http://dbpedia.org/class/yago/Act100030358,http://dbpedia.org/resource/Record_producer,record production,39381,19,0.9999486657728928,5.133686240931218e-05,"He established the record production division for the company, working with producers, arrangers, musicians, and songs from writer/artists including Fleetwood Mac, Carole King, Melissa Manchester, and Cat Stevens.",1,3,== Early career and education ==
http://dbpedia.org/class/yago/Activity100407535,http://dbpedia.org/resource/Record_producer,record production,39381,19,0.9999486657728928,5.133686240931218e-05,"He established the record production division for the company, working with producers, arrangers, musicians, and songs from writer/artists including Fleetwood Mac, Carole King, Melissa Manchester, and Cat Stevens.",1,3,== Early career and education ==
http://dbpedia.org/class/yago/Event100029378,http://dbpedia.org/resource/Record_producer,record production,39381,19,0.9999486657728928,5.133686240931218e-05,"He established the record production division for the company, working with producers, arrangers, musicians, and songs from writer/artists including Fleetwood Mac, Carole King, Melissa Manchester, and Cat Stevens.",1,3,== Early career and education ==
http://dbpedia.org/class/yago/Occupation100582388,http://dbpedia.org/resource/Record_producer,record production,39381,19,0.9999486657728928,5.133686240931218e-05,"He established the record production division for the company, working with producers, arrangers, musicians, and songs from writer/artists including Fleetwood Mac, Carole King, Melissa Manchester, and Cat Stevens.",1,3,== Early career and education ==
http://dbpedia.org/class/yago/PsychologicalFeature100023100,http://dbpedia.org/resource/Record_producer,record production,39381,19,0.9999486657728928,5.133686240931218e-05,"He established the record production division for the company, working with producers, arrangers, musicians, and songs from writer/artists including Fleetwood Mac, Carole King, Melissa Manchester, and Cat Stevens.",1,3,== Early career and education ==
http://dbpedia.org/class/yago/WikicatOccupations,http://dbpedia.org/resource/Record_producer,record production,39381,19,0.9999486657728928,5.133686240931218e-05,"He established the record production division for the company, working with producers, arrangers, musicians, and songs from writer/artists including Fleetwood Mac, Carole King, Melissa Manchester, and Cat Stevens.",1,3,== Early career and education ==
http://dbpedia.org/class/yago/WikicatOccupationsInMusic,http://dbpedia.org/resource/Record_producer,record production,39381,19,0.9999486657728928,5.133686240931218e-05,"He established the record production division for the company, working with producers, arrangers, musicians, and songs from writer/artists including Fleetwood Mac, Carole King, Melissa Manchester, and Cat Stevens.",1,3,== Early career and education ==
http://www.w3.org/2002/07/owl#Thing,http://dbpedia.org/resource/Music_publisher,music publishing,767,88,0.9999808507113116,1.9149243111533267e-05,Portnow also negotiated domestic and international agreements in both the recording and music publishing areas.,2,3,== Early career and education ==
http://dbpedia.org/class/yago/YagoPermanentlyLocatedEntity,http://dbpedia.org/resource/Music_publisher,music publishing,767,88,0.9999808507113116,1.9149243111533267e-05,Portnow also negotiated domestic and international agreements in both the recording and music publishing areas.,2,3,== Early career and education ==
http://dbpedia.org/class/yago/Abstraction100002137,http://dbpedia.org/resource/Music_publisher,music publishing,767,88,0.9999808507113116,1.9149243111533267e-05,Portnow also negotiated domestic and international agreements in both the recording and music publishing areas.,2,3,== Early career and education ==
http://dbpedia.org/class/yago/Act100030358,http://dbpedia.org/resource/Music_publisher,music publishing,767,88,0.9999808507113116,1.9149243111533267e-05,Portnow also negotiated domestic and international agreements in both the recording and music publishing areas.,2,3,== Early career and education ==
http://dbpedia.org/class/yago/Activity100407535,http://dbpedia.org/resource/Music_publisher,music publishing,767,88,0.9999808507113116,1.9149243111533267e-05,Portnow also negotiated domestic and international agreements in both the recording and music publishing areas.,2,3,== Early career and education ==
http://dbpedia.org/class/yago/Event100029378,http://dbpedia.org/resource/Music_publisher,music publishing,767,88,0.9999808507113116,1.9149243111533267e-05,Portnow also negotiated domestic and international agreements in both the recording and music publishing areas.,2,3,== Early career and education ==
http://dbpedia.org/class/yago/Occupation100582388,http://dbpedia.org/resource/Music_publisher,music publishing,767,88,0.9999808507113116,1.9149243111533267e-05,Portnow also negotiated domestic and international agreements in both the recording and music publishing areas.,2,3,== Early career and education ==
http://dbpedia.org/class/yago/PsychologicalFeature100023100,http://dbpedia.org/resource/Music_publisher,music publishing,767,88,0.9999808507113116,1.9149243111533267e-05,Portnow also negotiated domestic and international agreements in both the recording and music publishing areas.,2,3,== Early career and education ==
http://dbpedia.org/class/yago/WikicatOccupationsInMusic,http://dbpedia.org/resource/Music_publisher,music publishing,767,88,0.9999808507113116,1.9149243111533267e-05,Portnow also negotiated domestic and international agreements in both the recording and music publishing areas.,2,3,== Early career and education ==
http://dbpedia.org/ontology/PersonFunction,http://dbpedia.org/resource/Record_producer,producer,39381,8,0.9601231367871094,0.0275221170886229,"A staff producer for RCA Records, Portnow was promoted to the post of executive producer in 1977.",0,4,== Early career and education ==
http://dbpedia.org/class/yago/YagoPermanentlyLocatedEntity,http://dbpedia.org/resource/Record_producer,producer,39381,8,0.9601231367871094,0.0275221170886229,"A staff producer for RCA Records, Portnow was promoted to the post of executive producer in 1977.",0,4,== Early career and education ==
http://dbpedia.org/class/yago/Abstraction100002137,http://dbpedia.org/resource/Record_producer,producer,39381,8,0.9601231367871094,0.0275221170886229,"A staff producer for RCA Records, Portnow was promoted to the post of executive producer in 1977.",0,4,== Early career and education ==
http://dbpedia.org/class/yago/Act100030358,http://dbpedia.org/resource/Record_producer,producer,39381,8,0.9601231367871094,0.0275221170886229,"A staff producer for RCA Records, Portnow was promoted to the post of executive producer in 1977.",0,4,== Early career and education ==
http://dbpedia.org/class/yago/Activity100407535,http://dbpedia.org/resource/Record_producer,producer,39381,8,0.9601231367871094,0.0275221170886229,"A staff producer for RCA Records, Portnow was promoted to the post of executive producer in 1977.",0,4,== Early career and education ==
http://dbpedia.org/class/yago/Event100029378,http://dbpedia.org/resource/Record_producer,producer,39381,8,0.9601231367871094,0.0275221170886229,"A staff producer for RCA Records, Portnow was promoted to the post of executive producer in 1977.",0,4,== Early career and education ==
http://dbpedia.org/class/yago/Occupation100582388,http://dbpedia.org/resource/Record_producer,producer,39381,8,0.9601231367871094,0.0275221170886229,"A staff producer for RCA Records, Portnow was promoted to the post of executive producer in 1977.",0,4,== Early career and education ==
http://dbpedia.org/class/yago/PsychologicalFeature100023100,http://dbpedia.org/resource/Record_producer,producer,39381,8,0.9601231367871094,0.0275221170886229,"A staff producer for RCA Records, Portnow was promoted to the post of executive producer in 1977.",0,4,== Early career and education ==
http://dbpedia.org/class/yago/WikicatOccupations,http://dbpedia.org/resource/Record_producer,producer,39381,8,0.9601231367871094,0.0275221170886229,"A staff producer for RCA Records, Portnow was promoted to the post of executive producer in 1977.",0,4,== Early career and education ==
http://dbpedia.org/class/yago/WikicatOccupationsInMusic,http://dbpedia.org/resource/Record_producer,producer,39381,8,0.9601231367871094,0.0275221170886229,"A staff producer for RCA Records, Portnow was promoted to the post of executive producer in 1977.",0,4,== Early career and education ==
http://www.w3.org/2002/07/owl#Thing,http://dbpedia.org/resource/Executive_producer,executive producer,5096,70,0.9775921738292768,0.0167073133415517,"A staff producer for RCA Records, Portnow was promoted to the post of executive producer in 1977.",0,4,== Early career and education ==
http://dbpedia.org/class/yago/WikicatBroadcastingOccupations,http://dbpedia.org/resource/Executive_producer,executive producer,5096,70,0.9775921738292768,0.0167073133415517,"A staff producer for RCA Records, Portnow was promoted to the post of executive producer in 1977.",0,4,== Early career and education ==
http://dbpedia.org/class/yago/YagoPermanentlyLocatedEntity,http://dbpedia.org/resource/Executive_producer,executive producer,5096,70,0.9775921738292768,0.0167073133415517,"A staff producer for RCA Records, Portnow was promoted to the post of executive producer in 1977.",0,4,== Early career and education ==
http://dbpedia.org/class/yago/WikicatMediaOccupations,http://dbpedia.org/resource/Executive_producer,executive producer,5096,70,0.9775921738292768,0.0167073133415517,"A staff producer for RCA Records, Portnow was promoted to the post of executive producer in 1977.",0,4,== Early career and education ==
http://dbpedia.org/class/yago/Abstraction100002137,http://dbpedia.org/resource/Executive_producer,executive producer,5096,70,0.9775921738292768,0.0167073133415517,"A staff producer for RCA Records, Portnow was promoted to the post of executive producer in 1977.",0,4,== Early career and education ==
http://dbpedia.org/class/yago/Act100030358,http://dbpedia.org/resource/Executive_producer,executive producer,5096,70,0.9775921738292768,0.0167073133415517,"A staff producer for RCA Records, Portnow was promoted to the post of executive producer in 1977.",0,4,== Early career and education ==
http://dbpedia.org/class/yago/Activity100407535,http://dbpedia.org/resource/Executive_producer,executive producer,5096,70,0.9775921738292768,0.0167073133415517,"A staff producer for RCA Records, Portnow was promoted to the post of executive producer in 1977.",0,4,== Early career and education ==
http://dbpedia.org/class/yago/Event100029378,http://dbpedia.org/resource/Executive_producer,executive producer,5096,70,0.9775921738292768,0.0167073133415517,"A staff producer for RCA Records, Portnow was promoted to the post of executive producer in 1977.",0,4,== Early career and education ==
http://dbpedia.org/class/yago/Occupation100582388,http://dbpedia.org/resource/Executive_producer,executive producer,5096,70,0.9775921738292768,0.0167073133415517,"A staff producer for RCA Records, Portnow was promoted to the post of executive producer in 1977.",0,4,== Early career and education ==
http://dbpedia.org/class/yago/PsychologicalFeature100023100,http://dbpedia.org/resource/Executive_producer,executive producer,5096,70,0.9775921738292768,0.0167073133415517,"A staff producer for RCA Records, Portnow was promoted to the post of executive producer in 1977.",0,4,== Early career and education ==
http://dbpedia.org/class/yago/WikicatEntertainmentOccupations,http://dbpedia.org/resource/Executive_producer,executive producer,5096,70,0.9775921738292768,0.0167073133415517,"A staff producer for RCA Records, Portnow was promoted to the post of executive producer in 1977.",0,4,== Early career and education ==
http://dbpedia.org/class/yago/WikicatFilmmakingOccupations,http://dbpedia.org/resource/Executive_producer,executive producer,5096,70,0.9775921738292768,0.0167073133415517,"A staff producer for RCA Records, Portnow was promoted to the post of executive producer in 1977.",0,4,== Early career and education ==
http://dbpedia.org/class/yago/WikicatOccupations,http://dbpedia.org/resource/Executive_producer,executive producer,5096,70,0.9775921738292768,0.0167073133415517,"A staff producer for RCA Records, Portnow was promoted to the post of executive producer in 1977.",0,4,== Early career and education ==
http://www.w3.org/2002/07/owl#Thing,http://dbpedia.org/resource/Vice_President_of_the_United_States,vice president,10486,100,0.8681600405822988,0.1488748600026266,"He was transferred from New York to West Coast operations in the newly created position of division vice president, artist and repertoire.",1,4,== Early career and education ==
http://dbpedia.org/ontology/PersonFunction,http://dbpedia.org/resource/Vice_President_of_the_United_States,vice president,10486,100,0.8681600405822988,0.1488748600026266,"He was transferred from New York to West Coast operations in the newly created position of division vice president, artist and repertoire.",1,4,== Early career and education ==
http://dbpedia.org/ontology/RugbyPlayer,http://dbpedia.org/resource/Vice_President_of_the_United_States,vice president,10486,100,0.8681600405822988,0.1488748600026266,"He was transferred from New York to West Coast operations in the newly created position of division vice president, artist and repertoire.",1,4,== Early career and education ==
http://www.w3.org/2002/07/owl#Thing,http://dbpedia.org/resource/Vice_President_of_the_United_States,vice president,10486,36,0.6495326608928413,0.5365337714258184,"In April 1979, he became the senior vice president for 20th Century Fox Records, and was promoted to president the following January.",0,5,== Early career and education ==
http://dbpedia.org/ontology/PersonFunction,http://dbpedia.org/resource/Vice_President_of_the_United_States,vice president,10486,36,0.6495326608928413,0.5365337714258184,"In April 1979, he became the senior vice president for 20th Century Fox Records, and was promoted to president the following January.",0,5,== Early career and education ==
http://dbpedia.org/ontology/RugbyPlayer,http://dbpedia.org/resource/Vice_President_of_the_United_States,vice president,10486,36,0.6495326608928413,0.5365337714258184,"In April 1979, he became the senior vice president for 20th Century Fox Records, and was promoted to president the following January.",0,5,== Early career and education ==
http://www.w3.org/2002/07/owl#Thing,http://dbpedia.org/resource/Music_recording_certification,gold,9608,57,0.591441487949633,0.4434987682089846,During Portnow's tenure the organization delivered three gold albums and a gold single from Grammy Stephanie Mills.,1,5,== Early career and education ==
http://www.w3.org/2002/07/owl#Thing,http://dbpedia.org/resource/Music_recording_certification,gold single,9608,75,0.888386275373564,0.1256364801183064,During Portnow's tenure the organization delivered three gold albums and a gold single from Grammy Stephanie Mills.,1,5,== Early career and education ==
http://www.w3.org/2002/07/owl#Thing,http://dbpedia.org/resource/Vice_President_of_the_United_States,vice president,10486,33,0.9284479521390148,0.0737826769055507,"In March 1982, Portnow was named vice president, artists and repertoire, West Coast for Arista Records by Clive Davis.",0,6,== Early career and education ==
http://dbpedia.org/ontology/PersonFunction,http://dbpedia.org/resource/Vice_President_of_the_United_States,vice president,10486,33,0.9284479521390148,0.0737826769055507,"In March 1982, Portnow was named vice president, artists and repertoire, West Coast for Arista Records by Clive Davis.",0,6,== Early career and education ==
http://dbpedia.org/ontology/RugbyPlayer,http://dbpedia.org/resource/Vice_President_of_the_United_States,vice president,10486,33,0.9284479521390148,0.0737826769055507,"In March 1982, Portnow was named vice president, artists and repertoire, West Coast for Arista Records by Clive Davis.",0,6,== Early career and education ==
http://www.w3.org/2002/07/owl#Thing,http://dbpedia.org/resource/General_manager,general manager,2862,107,0.998954824277218,0.00041825102710388274,"As the principal West Coast executive, he was responsible for all West Coast activity and he functioned as general manager for the company.",1,6,== Early career and education ==
http://dbpedia.org/ontology/PersonFunction,http://dbpedia.org/resource/General_manager,general manager,2862,107,0.998954824277218,0.00041825102710388274,"As the principal West Coast executive, he was responsible for all West Coast activity and he functioned as general manager for the company.",1,6,== Early career and education ==
http://dbpedia.org/class/yago/YagoLegalActor,http://dbpedia.org/resource/General_manager,general manager,2862,107,0.998954824277218,0.00041825102710388274,"As the principal West Coast executive, he was responsible for all West Coast activity and he functioned as general manager for the company.",1,6,== Early career and education ==
http://dbpedia.org/class/yago/YagoLegalActorGeo,http://dbpedia.org/resource/General_manager,general manager,2862,107,0.998954824277218,0.00041825102710388274,"As the principal West Coast executive, he was responsible for all West Coast activity and he functioned as general manager for the company.",1,6,== Early career and education ==
http://dbpedia.org/class/yago/Administrator109770949,http://dbpedia.org/resource/General_manager,general manager,2862,107,0.998954824277218,0.00041825102710388274,"As the principal West Coast executive, he was responsible for all West Coast activity and he functioned as general manager for the company.",1,6,== Early career and education ==
http://dbpedia.org/class/yago/CausalAgent100007347,http://dbpedia.org/resource/General_manager,general manager,2862,107,0.998954824277218,0.00041825102710388274,"As the principal West Coast executive, he was responsible for all West Coast activity and he functioned as general manager for the company.",1,6,== Early career and education ==
http://dbpedia.org/class/yago/Executive110069645,http://dbpedia.org/resource/General_manager,general manager,2862,107,0.998954824277218,0.00041825102710388274,"As the principal West Coast executive, he was responsible for all West Coast activity and he functioned as general manager for the company.",1,6,== Early career and education ==
http://dbpedia.org/class/yago/Head110162991,http://dbpedia.org/resource/General_manager,general manager,2862,107,0.998954824277218,0.00041825102710388274,"As the principal West Coast executive, he was responsible for all West Coast activity and he functioned as general manager for the company.",1,6,== Early career and education ==
http://dbpedia.org/class/yago/Leader109623038,http://dbpedia.org/resource/General_manager,general manager,2862,107,0.998954824277218,0.00041825102710388274,"As the principal West Coast executive, he was responsible for all West Coast activity and he functioned as general manager for the company.",1,6,== Early career and education ==
http://dbpedia.org/class/yago/LivingThing100004258,http://dbpedia.org/resource/General_manager,general manager,2862,107,0.998954824277218,0.00041825102710388274,"As the principal West Coast executive, he was responsible for all West Coast activity and he functioned as general manager for the company.",1,6,== Early career and education ==
http://dbpedia.org/class/yago/Object100002684,http://dbpedia.org/resource/General_manager,general manager,2862,107,0.998954824277218,0.00041825102710388274,"As the principal West Coast executive, he was responsible for all West Coast activity and he functioned as general manager for the company.",1,6,== Early career and education ==
http://dbpedia.org/class/yago/Organism100004475,http://dbpedia.org/resource/General_manager,general manager,2862,107,0.998954824277218,0.00041825102710388274,"As the principal West Coast executive, he was responsible for all West Coast activity and he functioned as general manager for the company.",1,6,== Early career and education ==
http://dbpedia.org/class/yago/Person100007846,http://dbpedia.org/resource/General_manager,general manager,2862,107,0.998954824277218,0.00041825102710388274,"As the principal West Coast executive, he was responsible for all West Coast activity and he functioned as general manager for the company.",1,6,== Early career and education ==
http://dbpedia.org/class/yago/PhysicalEntity100001930,http://dbpedia.org/resource/General_manager,general manager,2862,107,0.998954824277218,0.00041825102710388274,"As the principal West Coast executive, he was responsible for all West Coast activity and he functioned as general manager for the company.",1,6,== Early career and education ==
http://dbpedia.org/class/yago/Whole100003553,http://dbpedia.org/resource/General_manager,general manager,2862,107,0.998954824277218,0.00041825102710388274,"As the principal West Coast executive, he was responsible for all West Coast activity and he functioned as general manager for the company.",1,6,== Early career and education ==
http://dbpedia.org/class/yago/WikicatSportsExecutivesAndAdministrators,http://dbpedia.org/resource/General_manager,general manager,2862,107,0.998954824277218,0.00041825102710388274,"As the principal West Coast executive, he was responsible for all West Coast activity and he functioned as general manager for the company.",1,6,== Early career and education ==
http://www.w3.org/2002/07/owl#Thing,http://dbpedia.org/resource/Vice_President_of_the_United_States,vice president,10486,40,0.6356172998329772,0.5687196880689575,"In February 1985, Portnow was appointed vice president, artists and repertoire, for EMI America Records where he was responsible for all A&R activity worldwide.",0,7,== Early career and education ==
http://dbpedia.org/ontology/PersonFunction,http://dbpedia.org/resource/Vice_President_of_the_United_States,vice president,10486,40,0.6356172998329772,0.5687196880689575,"In February 1985, Portnow was appointed vice president, artists and repertoire, for EMI America Records where he was responsible for all A&R activity worldwide.",0,7,== Early career and education ==
http://dbpedia.org/ontology/RugbyPlayer,http://dbpedia.org/resource/Vice_President_of_the_United_States,vice president,10486,40,0.6356172998329772,0.5687196880689575,"In February 1985, Portnow was appointed vice president, artists and repertoire, for EMI America Records where he was responsible for all A&R activity worldwide.",0,7,== Early career and education ==
http://www.w3.org/2002/07/owl#Thing,http://dbpedia.org/resource/Artists_and_repertoire,A&R,3008,137,0.9999999999675708,3.242185009592052e-11,"In February 1985, Portnow was appointed vice president, artists and repertoire, for EMI America Records where he was responsible for all A&R activity worldwide.",0,7,== Early career and education ==
http://dbpedia.org/ontology/Organisation,http://dbpedia.org/resource/Artists_and_repertoire,A&R,3008,137,0.9999999999675708,3.242185009592052e-11,"In February 1985, Portnow was appointed vice president, artists and repertoire, for EMI America Records where he was responsible for all A&R activity worldwide.",0,7,== Early career and education ==
http://dbpedia.org/ontology/PersonFunction,http://dbpedia.org/resource/Artists_and_repertoire,A&R,3008,137,0.9999999999675708,3.242185009592052e-11,"In February 1985, Portnow was appointed vice president, artists and repertoire, for EMI America Records where he was responsible for all A&R activity worldwide.",0,7,== Early career and education ==
http://www.w3.org/2002/07/owl#Thing,http://dbpedia.org/resource/African-American_music,black music,646,22,0.6272439433164062,0.5942760557293103,"He helped establish a black music department, played a role in the signing of superstar Robert Palmer, and brought platinum and gold album recording artists Pet Shop Boys and Najee to the company.",2,7,== Early career and education ==
http://dbpedia.org/class/yago/WikicatAfrican-AmericanMusicians,http://dbpedia.org/resource/African-American_music,black music,646,22,0.6272439433164062,0.5942760557293103,"He helped establish a black music department, played a role in the signing of superstar Robert Palmer, and brought platinum and gold album recording artists Pet Shop Boys and Najee to the company.",2,7,== Early career and education ==
http://dbpedia.org/ontology/MusicGenre,http://dbpedia.org/resource/African-American_music,black music,646,22,0.6272439433164062,0.5942760557293103,"He helped establish a black music department, played a role in the signing of superstar Robert Palmer, and brought platinum and gold album recording artists Pet Shop Boys and Najee to the company.",2,7,== Early career and education ==
http://dbpedia.org/class/yago/YagoLegalActor,http://dbpedia.org/resource/African-American_music,black music,646,22,0.6272439433164062,0.5942760557293103,"He helped establish a black music department, played a role in the signing of superstar Robert Palmer, and brought platinum and gold album recording artists Pet Shop Boys and Najee to the company.",2,7,== Early career and education ==
http://dbpedia.org/class/yago/YagoLegalActorGeo,http://dbpedia.org/resource/African-American_music,black music,646,22,0.6272439433164062,0.5942760557293103,"He helped establish a black music department, played a role in the signing of superstar Robert Palmer, and brought platinum and gold album recording artists Pet Shop Boys and Najee to the company.",2,7,== Early career and education ==
http://dbpedia.org/class/yago/Artist109812338,http://dbpedia.org/resource/African-American_music,black music,646,22,0.6272439433164062,0.5942760557293103,"He helped establish a black music department, played a role in the signing of superstar Robert Palmer, and brought platinum and gold album recording artists Pet Shop Boys and Najee to the company.",2,7,== Early career and education ==
http://dbpedia.org/class/yago/CausalAgent100007347,http://dbpedia.org/resource/African-American_music,black music,646,22,0.6272439433164062,0.5942760557293103,"He helped establish a black music department, played a role in the signing of superstar Robert Palmer, and brought platinum and gold album recording artists Pet Shop Boys and Najee to the company.",2,7,== Early career and education ==
http://dbpedia.org/class/yago/Creator109614315,http://dbpedia.org/resource/African-American_music,black music,646,22,0.6272439433164062,0.5942760557293103,"He helped establish a black music department, played a role in the signing of superstar Robert Palmer, and brought platinum and gold album recording artists Pet Shop Boys and Najee to the company.",2,7,== Early career and education ==
http://dbpedia.org/class/yago/LivingThing100004258,http://dbpedia.org/resource/African-American_music,black music,646,22,0.6272439433164062,0.5942760557293103,"He helped establish a black music department, played a role in the signing of superstar Robert Palmer, and brought platinum and gold album recording artists Pet Shop Boys and Najee to the company.",2,7,== Early career and education ==
http://dbpedia.org/class/yago/Musician110339966,http://dbpedia.org/resource/African-American_music,black music,646,22,0.6272439433164062,0.5942760557293103,"He helped establish a black music department, played a role in the signing of superstar Robert Palmer, and brought platinum and gold album recording artists Pet Shop Boys and Najee to the company.",2,7,== Early career and education ==
http://dbpedia.org/class/yago/Object100002684,http://dbpedia.org/resource/African-American_music,black music,646,22,0.6272439433164062,0.5942760557293103,"He helped establish a black music department, played a role in the signing of superstar Robert Palmer, and brought platinum and gold album recording artists Pet Shop Boys and Najee to the company.",2,7,== Early career and education ==
http://dbpedia.org/class/yago/Organism100004475,http://dbpedia.org/resource/African-American_music,black music,646,22,0.6272439433164062,0.5942760557293103,"He helped establish a black music department, played a role in the signing of superstar Robert Palmer, and brought platinum and gold album recording artists Pet Shop Boys and Najee to the company.",2,7,== Early career and education ==
http://dbpedia.org/class/yago/Person100007846,http://dbpedia.org/resource/African-American_music,black music,646,22,0.6272439433164062,0.5942760557293103,"He helped establish a black music department, played a role in the signing of superstar Robert Palmer, and brought platinum and gold album recording artists Pet Shop Boys and Najee to the company.",2,7,== Early career and education ==
http://dbpedia.org/class/yago/PhysicalEntity100001930,http://dbpedia.org/resource/African-American_music,black music,646,22,0.6272439433164062,0.5942760557293103,"He helped establish a black music department, played a role in the signing of superstar Robert Palmer, and brought platinum and gold album recording artists Pet Shop Boys and Najee to the company.",2,7,== Early career and education ==
http://dbpedia.org/class/yago/Whole100003553,http://dbpedia.org/resource/African-American_music,black music,646,22,0.6272439433164062,0.5942760557293103,"He helped establish a black music department, played a role in the signing of superstar Robert Palmer, and brought platinum and gold album recording artists Pet Shop Boys and Najee to the company.",2,7,== Early career and education ==
http://www.w3.org/2002/07/owl#Thing,http://dbpedia.org/resource/Robert_Moffat_Palmer,Robert Palmer,13,88,0.9542792922364146,0.0446073067037074,"He helped establish a black music department, played a role in the signing of superstar Robert Palmer, and brought platinum and gold album recording artists Pet Shop Boys and Najee to the company.",2,7,== Early career and education ==
http://dbpedia.org/ontology/Person,http://dbpedia.org/resource/Robert_Moffat_Palmer,Robert Palmer,13,88,0.9542792922364146,0.0446073067037074,"He helped establish a black music department, played a role in the signing of superstar Robert Palmer, and brought platinum and gold album recording artists Pet Shop Boys and Najee to the company.",2,7,== Early career and education ==
http://dbpedia.org/class/yago/WikicatAmericanComposers,http://dbpedia.org/resource/Robert_Moffat_Palmer,Robert Palmer,13,88,0.9542792922364146,0.0446073067037074,"He helped establish a black music department, played a role in the signing of superstar Robert Palmer, and brought platinum and gold album recording artists Pet Shop Boys and Najee to the company.",2,7,== Early career and education ==
http://dbpedia.org/class/yago/WikicatAmericanMusicEducators,http://dbpedia.org/resource/Robert_Moffat_Palmer,Robert Palmer,13,88,0.9542792922364146,0.0446073067037074,"He helped establish a black music department, played a role in the signing of superstar Robert Palmer, and brought platinum and gold album recording artists Pet Shop Boys and Najee to the company.",2,7,== Early career and education ==
http://dbpedia.org/class/yago/WikicatAmericanPianists,http://dbpedia.org/resource/Robert_Moffat_Palmer,Robert Palmer,13,88,0.9542792922364146,0.0446073067037074,"He helped establish a black music department, played a role in the signing of superstar Robert Palmer, and brought platinum and gold album recording artists Pet Shop Boys and Najee to the company.",2,7,== Early career and education ==
http://dbpedia.org/class/yago/WikicatAmericanViolinists,http://dbpedia.org/resource/Robert_Moffat_Palmer,Robert Palmer,13,88,0.9542792922364146,0.0446073067037074,"He helped establish a black music department, played a role in the signing of superstar Robert Palmer, and brought platinum and gold album recording artists Pet Shop Boys and Najee to the company.",2,7,== Early career and education ==
http://dbpedia.org/class/yago/WikicatGuggenheimFellows,http://dbpedia.org/resource/Robert_Moffat_Palmer,Robert Palmer,13,88,0.9542792922364146,0.0446073067037074,"He helped establish a black music department, played a role in the signing of superstar Robert Palmer, and brought platinum and gold album recording artists Pet Shop Boys and Najee to the company.",2,7,== Early career and education ==
"http://dbpedia.org/class/yago/WikicatPeopleFromSyracuse,NewYork",http://dbpedia.org/resource/Robert_Moffat_Palmer,Robert Palmer,13,88,0.9542792922364146,0.0446073067037074,"He helped establish a black music department, played a role in the signing of superstar Robert Palmer, and brought platinum and gold album recording artists Pet Shop Boys and Najee to the company.",2,7,== Early career and education ==
http://dbpedia.org/class/yago/YagoLegalActor,http://dbpedia.org/resource/Robert_Moffat_Palmer,Robert Palmer,13,88,0.9542792922364146,0.0446073067037074,"He helped establish a black music department, played a role in the signing of superstar Robert Palmer, and brought platinum and gold album recording artists Pet Shop Boys and Najee to the company.",2,7,== Early career and education ==
http://dbpedia.org/class/yago/YagoLegalActorGeo,http://dbpedia.org/resource/Robert_Moffat_Palmer,Robert Palmer,13,88,0.9542792922364146,0.0446073067037074,"He helped establish a black music department, played a role in the signing of superstar Robert Palmer, and brought platinum and gold album recording artists Pet Shop Boys and Najee to the company.",2,7,== Early career and education ==
http://dbpedia.org/class/yago/WikicatMusiciansFromNewYork,http://dbpedia.org/resource/Robert_Moffat_Palmer,Robert Palmer,13,88,0.9542792922364146,0.0446073067037074,"He helped establish a black music department, played a role in the signing of superstar Robert Palmer, and brought platinum and gold album recording artists Pet Shop Boys and Najee to the company.",2,7,== Early career and education ==
http://dbpedia.org/class/yago/WikicatPupilsOfHowardHanson,http://dbpedia.org/resource/Robert_Moffat_Palmer,Robert Palmer,13,88,0.9542792922364146,0.0446073067037074,"He helped establish a black music department, played a role in the signing of superstar Robert Palmer, and brought platinum and gold album recording artists Pet Shop Boys and Najee to the company.",2,7,== Early career and education ==
http://dbpedia.org/class/yago/Adult109605289,http://dbpedia.org/resource/Robert_Moffat_Palmer,Robert Palmer,13,88,0.9542792922364146,0.0446073067037074,"He helped establish a black music department, played a role in the signing of superstar Robert Palmer, and brought platinum and gold album recording artists Pet Shop Boys and Najee to the company.",2,7,== Early career and education ==
http://dbpedia.org/class/yago/Artist109812338,http://dbpedia.org/resource/Robert_Moffat_Palmer,Robert Palmer,13,88,0.9542792922364146,0.0446073067037074,"He helped establish a black music department, played a role in the signing of superstar Robert Palmer, and brought platinum and gold album recording artists Pet Shop Boys and Najee to the company.",2,7,== Early career and education ==
http://dbpedia.org/class/yago/Associate109816771,http://dbpedia.org/resource/Robert_Moffat_Palmer,Robert Palmer,13,88,0.9542792922364146,0.0446073067037074,"He helped establish a black music department, played a role in the signing of superstar Robert Palmer, and brought platinum and gold album recording artists Pet Shop Boys and Najee to the company.",2,7,== Early career and education ==
http://dbpedia.org/class/yago/CausalAgent100007347,http://dbpedia.org/resource/Robert_Moffat_Palmer,Robert Palmer,13,88,0.9542792922364146,0.0446073067037074,"He helped establish a black music department, played a role in the signing of superstar Robert Palmer, and brought platinum and gold album recording artists Pet Shop Boys and Najee to the company.",2,7,== Early career and education ==
http://dbpedia.org/class/yago/Colleague109935990,http://dbpedia.org/resource/Robert_Moffat_Palmer,Robert Palmer,13,88,0.9542792922364146,0.0446073067037074,"He helped establish a black music department, played a role in the signing of superstar Robert Palmer, and brought platinum and gold album recording artists Pet Shop Boys and Najee to the company.",2,7,== Early career and education ==
http://dbpedia.org/class/yago/Composer109947232,http://dbpedia.org/resource/Robert_Moffat_Palmer,Robert Palmer,13,88,0.9542792922364146,0.0446073067037074,"He helped establish a black music department, played a role in the signing of superstar Robert Palmer, and brought platinum and gold album recording artists Pet Shop Boys and Najee to the company.",2,7,== Early career and education ==
http://dbpedia.org/class/yago/Creator109614315,http://dbpedia.org/resource/Robert_Moffat_Palmer,Robert Palmer,13,88,0.9542792922364146,0.0446073067037074,"He helped establish a black music department, played a role in the signing of superstar Robert Palmer, and brought platinum and gold album recording artists Pet Shop Boys and Najee to the company.",2,7,== Early career and education ==
http://dbpedia.org/class/yago/Educator110045713,http://dbpedia.org/resource/Robert_Moffat_Palmer,Robert Palmer,13,88,0.9542792922364146,0.0446073067037074,"He helped establish a black music department, played a role in the signing of superstar Robert Palmer, and brought platinum and gold album recording artists Pet Shop Boys and Najee to the company.",2,7,== Early career and education ==
http://dbpedia.org/class/yago/Enrollee110059162,http://dbpedia.org/resource/Robert_Moffat_Palmer,Robert Palmer,13,88,0.9542792922364146,0.0446073067037074,"He helped establish a black music department, played a role in the signing of superstar Robert Palmer, and brought platinum and gold album recording artists Pet Shop Boys and Najee to the company.",2,7,== Early career and education ==
http://dbpedia.org/class/yago/Entertainer109616922,http://dbpedia.org/resource/Robert_Moffat_Palmer,Robert Palmer,13,88,0.9542792922364146,0.0446073067037074,"He helped establish a black music department, played a role in the signing of superstar Robert Palmer, and brought platinum and gold album recording artists Pet Shop Boys and Najee to the company.",2,7,== Early career and education ==
http://dbpedia.org/class/yago/Intellectual109621545,http://dbpedia.org/resource/Robert_Moffat_Palmer,Robert Palmer,13,88,0.9542792922364146,0.0446073067037074,"He helped establish a black music department, played a role in the signing of superstar Robert Palmer, and brought platinum and gold album recording artists Pet Shop Boys and Najee to the company.",2,7,== Early career and education ==
http://dbpedia.org/class/yago/LivingThing100004258,http://dbpedia.org/resource/Robert_Moffat_Palmer,Robert Palmer,13,88,0.9542792922364146,0.0446073067037074,"He helped establish a black music department, played a role in the signing of superstar Robert Palmer, and brought platinum and gold album recording artists Pet Shop Boys and Najee to the company.",2,7,== Early career and education ==
http://dbpedia.org/class/yago/Musician110339966,http://dbpedia.org/resource/Robert_Moffat_Palmer,Robert Palmer,13,88,0.9542792922364146,0.0446073067037074,"He helped establish a black music department, played a role in the signing of superstar Robert Palmer, and brought platinum and gold album recording artists Pet Shop Boys and Najee to the company.",2,7,== Early career and education ==
http://dbpedia.org/class/yago/Musician110340312,http://dbpedia.org/resource/Robert_Moffat_Palmer,Robert Palmer,13,88,0.9542792922364146,0.0446073067037074,"He helped establish a black music department, played a role in the signing of superstar Robert Palmer, and brought platinum and gold album recording artists Pet Shop Boys and Najee to the company.",2,7,== Early career and education ==
http://dbpedia.org/class/yago/Object100002684,http://dbpedia.org/resource/Robert_Moffat_Palmer,Robert Palmer,13,88,0.9542792922364146,0.0446073067037074,"He helped establish a black music department, played a role in the signing of superstar Robert Palmer, and brought platinum and gold album recording artists Pet Shop Boys and Najee to the company.",2,7,== Early career and education ==
http://dbpedia.org/class/yago/Organism100004475,http://dbpedia.org/resource/Robert_Moffat_Palmer,Robert Palmer,13,88,0.9542792922364146,0.0446073067037074,"He helped establish a black music department, played a role in the signing of superstar Robert Palmer, and brought platinum and gold album recording artists Pet Shop Boys and Najee to the company.",2,7,== Early career and education ==
http://dbpedia.org/class/yago/Peer109626238,http://dbpedia.org/resource/Robert_Moffat_Palmer,Robert Palmer,13,88,0.9542792922364146,0.0446073067037074,"He helped establish a black music department, played a role in the signing of superstar Robert Palmer, and brought platinum and gold album recording artists Pet Shop Boys and Najee to the company.",2,7,== Early career and education ==
http://dbpedia.org/class/yago/Performer110415638,http://dbpedia.org/resource/Robert_Moffat_Palmer,Robert Palmer,13,88,0.9542792922364146,0.0446073067037074,"He helped establish a black music department, played a role in the signing of superstar Robert Palmer, and brought platinum and gold album recording artists Pet Shop Boys and Najee to the company.",2,7,== Early career and education ==
http://dbpedia.org/class/yago/Person100007846,http://dbpedia.org/resource/Robert_Moffat_Palmer,Robert Palmer,13,88,0.9542792922364146,0.0446073067037074,"He helped establish a black music department, played a role in the signing of superstar Robert Palmer, and brought platinum and gold album recording artists Pet Shop Boys and Najee to the company.",2,7,== Early career and education ==
http://dbpedia.org/class/yago/PhysicalEntity100001930,http://dbpedia.org/resource/Robert_Moffat_Palmer,Robert Palmer,13,88,0.9542792922364146,0.0446073067037074,"He helped establish a black music department, played a role in the signing of superstar Robert Palmer, and brought platinum and gold album recording artists Pet Shop Boys and Najee to the company.",2,7,== Early career and education ==
http://dbpedia.org/class/yago/Pianist110430665,http://dbpedia.org/resource/Robert_Moffat_Palmer,Robert Palmer,13,88,0.9542792922364146,0.0446073067037074,"He helped establish a black music department, played a role in the signing of superstar Robert Palmer, and brought platinum and gold album recording artists Pet Shop Boys and Najee to the company.",2,7,== Early career and education ==
http://dbpedia.org/class/yago/Professional110480253,http://dbpedia.org/resource/Robert_Moffat_Palmer,Robert Palmer,13,88,0.9542792922364146,0.0446073067037074,"He helped establish a black music department, played a role in the signing of superstar Robert Palmer, and brought platinum and gold album recording artists Pet Shop Boys and Najee to the company.",2,7,== Early career and education ==
http://dbpedia.org/class/yago/Scholar110557854,http://dbpedia.org/resource/Robert_Moffat_Palmer,Robert Palmer,13,88,0.9542792922364146,0.0446073067037074,"He helped establish a black music department, played a role in the signing of superstar Robert Palmer, and brought platinum and gold album recording artists Pet Shop Boys and Najee to the company.",2,7,== Early career and education ==
http://dbpedia.org/class/yago/Student110665698,http://dbpedia.org/resource/Robert_Moffat_Palmer,Robert Palmer,13,88,0.9542792922364146,0.0446073067037074,"He helped establish a black music department, played a role in the signing of superstar Robert Palmer, and brought platinum and gold album recording artists Pet Shop Boys and Najee to the company.",2,7,== Early career and education ==
http://dbpedia.org/class/yago/Violinist110754578,http://dbpedia.org/resource/Robert_Moffat_Palmer,Robert Palmer,13,88,0.9542792922364146,0.0446073067037074,"He helped establish a black music department, played a role in the signing of superstar Robert Palmer, and brought platinum and gold album recording artists Pet Shop Boys and Najee to the company.",2,7,== Early career and education ==
http://dbpedia.org/class/yago/Whole100003553,http://dbpedia.org/resource/Robert_Moffat_Palmer,Robert Palmer,13,88,0.9542792922364146,0.0446073067037074,"He helped establish a black music department, played a role in the signing of superstar Robert Palmer, and brought platinum and gold album recording artists Pet Shop Boys and Najee to the company.",2,7,== Early career and education ==
http://dbpedia.org/class/yago/Wikicat20th-centuryClassicalComposers,http://dbpedia.org/resource/Robert_Moffat_Palmer,Robert Palmer,13,88,0.9542792922364146,0.0446073067037074,"He helped establish a black music department, played a role in the signing of superstar Robert Palmer, and brought platinum and gold album recording artists Pet Shop Boys and Najee to the company.",2,7,== Early career and education ==
http://dbpedia.org/class/yago/Wikicat20th-centuryComposers,http://dbpedia.org/resource/Robert_Moffat_Palmer,Robert Palmer,13,88,0.9542792922364146,0.0446073067037074,"He helped establish a black music department, played a role in the signing of superstar Robert Palmer, and brought platinum and gold album recording artists Pet Shop Boys and Najee to the company.",2,7,== Early career and education ==
http://dbpedia.org/class/yago/WikicatFulbrightScholars,http://dbpedia.org/resource/Robert_Moffat_Palmer,Robert Palmer,13,88,0.9542792922364146,0.0446073067037074,"He helped establish a black music department, played a role in the signing of superstar Robert Palmer, and brought platinum and gold album recording artists Pet Shop Boys and Najee to the company.",2,7,== Early career and education ==
http://www.w3.org/2002/07/owl#Thing,http://dbpedia.org/resource/Music_recording_certification,platinum,9608,115,0.8707358937967937,0.1068751352644671,"He helped establish a black music department, played a role in the signing of superstar Robert Palmer, and brought platinum and gold album recording artists Pet Shop Boys and Najee to the company.",2,7,== Early career and education ==
http://www.w3.org/2002/07/owl#Thing,http://dbpedia.org/resource/Music_recording_certification,gold album,9608,128,0.99480162415023,0.005225540171594,"He helped establish a black music department, played a role in the signing of superstar Robert Palmer, and brought platinum and gold album recording artists Pet Shop Boys and Najee to the company.",2,7,== Early career and education ==
http://dbpedia.org/ontology/Person,http://dbpedia.org/resource/Music_supervisor,music supervisor,191,22,0.9999999999882334,0.0,"In 1987, he was named music supervisor for Frank Mancuso Jr.'s production of Permanent Record for Paramount Pictures.",0,8,== Early career and education ==
http://dbpedia.org/ontology/PersonFunction,http://dbpedia.org/resource/Music_supervisor,music supervisor,191,22,0.9999999999882334,0.0,"In 1987, he was named music supervisor for Frank Mancuso Jr.'s production of Permanent Record for Paramount Pictures.",0,8,== Early career and education ==
http://dbpedia.org/class/yago/YagoPermanentlyLocatedEntity,http://dbpedia.org/resource/Music_supervisor,music supervisor,191,22,0.9999999999882334,0.0,"In 1987, he was named music supervisor for Frank Mancuso Jr.'s production of Permanent Record for Paramount Pictures.",0,8,== Early career and education ==
http://dbpedia.org/class/yago/Abstraction100002137,http://dbpedia.org/resource/Music_supervisor,music supervisor,191,22,0.9999999999882334,0.0,"In 1987, he was named music supervisor for Frank Mancuso Jr.'s production of Permanent Record for Paramount Pictures.",0,8,== Early career and education ==
http://dbpedia.org/class/yago/Act100030358,http://dbpedia.org/resource/Music_supervisor,music supervisor,191,22,0.9999999999882334,0.0,"In 1987, he was named music supervisor for Frank Mancuso Jr.'s production of Permanent Record for Paramount Pictures.",0,8,== Early career and education ==
http://dbpedia.org/class/yago/Activity100407535,http://dbpedia.org/resource/Music_supervisor,music supervisor,191,22,0.9999999999882334,0.0,"In 1987, he was named music supervisor for Frank Mancuso Jr.'s production of Permanent Record for Paramount Pictures.",0,8,== Early career and education ==
http://dbpedia.org/class/yago/Event100029378,http://dbpedia.org/resource/Music_supervisor,music supervisor,191,22,0.9999999999882334,0.0,"In 1987, he was named music supervisor for Frank Mancuso Jr.'s production of Permanent Record for Paramount Pictures.",0,8,== Early career and education ==
http://dbpedia.org/class/yago/Occupation100582388,http://dbpedia.org/resource/Music_supervisor,music supervisor,191,22,0.9999999999882334,0.0,"In 1987, he was named music supervisor for Frank Mancuso Jr.'s production of Permanent Record for Paramount Pictures.",0,8,== Early career and education ==
http://dbpedia.org/class/yago/PsychologicalFeature100023100,http://dbpedia.org/resource/Music_supervisor,music supervisor,191,22,0.9999999999882334,0.0,"In 1987, he was named music supervisor for Frank Mancuso Jr.'s production of Permanent Record for Paramount Pictures.",0,8,== Early career and education ==
http://dbpedia.org/class/yago/WikicatOccupationsInMusic,http://dbpedia.org/resource/Music_supervisor,music supervisor,191,22,0.9999999999882334,0.0,"In 1987, he was named music supervisor for Frank Mancuso Jr.'s production of Permanent Record for Paramount Pictures.",0,8,== Early career and education ==
http://dbpedia.org/ontology/MusicGenre,http://dbpedia.org/resource/Soundtrack_album,soundtrack album,2013,44,0.980923159175622,0.0194468362108785,"Music from the film was on the Epic Records soundtrack album, which included the first film underscore as well as songs by Joe Strummer.",1,8,== Early career and education ==
http://dbpedia.org/class/yago/Artifact100021939,http://dbpedia.org/resource/Soundtrack_album,soundtrack album,2013,44,0.980923159175622,0.0194468362108785,"Music from the film was on the Epic Records soundtrack album, which included the first film underscore as well as songs by Joe Strummer.",1,8,== Early career and education ==
http://dbpedia.org/class/yago/Device103183080,http://dbpedia.org/resource/Soundtrack_album,soundtrack album,2013,44,0.980923159175622,0.0194468362108785,"Music from the film was on the Epic Records soundtrack album, which included the first film underscore as well as songs by Joe Strummer.",1,8,== Early career and education ==
http://dbpedia.org/class/yago/Instrumentality103575240,http://dbpedia.org/resource/Soundtrack_album,soundtrack album,2013,44,0.980923159175622,0.0194468362108785,"Music from the film was on the Epic Records soundtrack album, which included the first film underscore as well as songs by Joe Strummer.",1,8,== Early career and education ==
http://dbpedia.org/class/yago/MemoryDevice103744840,http://dbpedia.org/resource/Soundtrack_album,soundtrack album,2013,44,0.980923159175622,0.0194468362108785,"Music from the film was on the Epic Records soundtrack album, which included the first film underscore as well as songs by Joe Strummer.",1,8,== Early career and education ==
http://dbpedia.org/class/yago/Object100002684,http://dbpedia.org/resource/Soundtrack_album,soundtrack album,2013,44,0.980923159175622,0.0194468362108785,"Music from the film was on the Epic Records soundtrack album, which included the first film underscore as well as songs by Joe Strummer.",1,8,== Early career and education ==
http://dbpedia.org/class/yago/PhysicalEntity100001930,http://dbpedia.org/resource/Soundtrack_album,soundtrack album,2013,44,0.980923159175622,0.0194468362108785,"Music from the film was on the Epic Records soundtrack album, which included the first film underscore as well as songs by Joe Strummer.",1,8,== Early career and education ==
http://dbpedia.org/class/yago/Recording104063868,http://dbpedia.org/resource/Soundtrack_album,soundtrack album,2013,44,0.980923159175622,0.0194468362108785,"Music from the film was on the Epic Records soundtrack album, which included the first film underscore as well as songs by Joe Strummer.",1,8,== Early career and education ==
http://dbpedia.org/class/yago/SoundRecording104262678,http://dbpedia.org/resource/Soundtrack_album,soundtrack album,2013,44,0.980923159175622,0.0194468362108785,"Music from the film was on the Epic Records soundtrack album, which included the first film underscore as well as songs by Joe Strummer.",1,8,== Early career and education ==
http://dbpedia.org/class/yago/Soundtrack104262969,http://dbpedia.org/resource/Soundtrack_album,soundtrack album,2013,44,0.980923159175622,0.0194468362108785,"Music from the film was on the Epic Records soundtrack album, which included the first film underscore as well as songs by Joe Strummer.",1,8,== Early career and education ==
http://dbpedia.org/class/yago/Whole100003553,http://dbpedia.org/resource/Soundtrack_album,soundtrack album,2013,44,0.980923159175622,0.0194468362108785,"Music from the film was on the Epic Records soundtrack album, which included the first film underscore as well as songs by Joe Strummer.",1,8,== Early career and education ==
http://dbpedia.org/class/yago/WikicatSoundtracks,http://dbpedia.org/resource/Soundtrack_album,soundtrack album,2013,44,0.980923159175622,0.0194468362108785,"Music from the film was on the Epic Records soundtrack album, which included the first film underscore as well as songs by Joe Strummer.",1,8,== Early career and education ==
http://www.w3.org/2002/07/owl#Thing,http://dbpedia.org/resource/Soundtrack,soundtrack,6322,57,0.999817144044054,0.0001799805360026694,"Throughout his career, Portnow has been involved in many soundtrack projects, including Ghostbusters, 9 To 5, The Stunt Man, The World's Greatest Lover, and the 1986 hit About Last Night.",2,8,== Early career and education ==
http://dbpedia.org/ontology/MusicGenre,http://dbpedia.org/resource/Soundtrack,soundtrack,6322,57,0.999817144044054,0.0001799805360026694,"Throughout his career, Portnow has been involved in many soundtrack projects, including Ghostbusters, 9 To 5, The Stunt Man, The World's Greatest Lover, and the 1986 hit About Last Night.",2,8,== Early career and education ==
http://www.w3.org/2002/07/owl#Thing,http://dbpedia.org/resource/President_of_the_United_States,President,56186,0,0.8450112089495406,0.1385923378313246,President of the Recording Academy ==,1,11,== President of the Recording Academy ==
http://dbpedia.org/ontology/Person,http://dbpedia.org/resource/President_of_the_United_States,President,56186,0,0.8450112089495406,0.1385923378313246,President of the Recording Academy ==,1,11,== President of the Recording Academy ==
http://dbpedia.org/ontology/PersonFunction,http://dbpedia.org/resource/President_of_the_United_States,President,56186,0,0.8450112089495406,0.1385923378313246,President of the Recording Academy ==,1,11,== President of the Recording Academy ==
http://www.w3.org/2002/07/owl#Thing,http://dbpedia.org/resource/President_of_the_United_States,President,56186,13,0.8404554409061391,0.1427090257015029,He was named President/CEO in September 2007.,2,12,== President of the Recording Academy ==
http://dbpedia.org/ontology/Person,http://dbpedia.org/resource/President_of_the_United_States,President,56186,13,0.8404554409061391,0.1427090257015029,He was named President/CEO in September 2007.,2,12,== President of the Recording Academy ==
http://dbpedia.org/ontology/PersonFunction,http://dbpedia.org/resource/President_of_the_United_States,President,56186,13,0.8404554409061391,0.1427090257015029,He was named President/CEO in September 2007.,2,12,== President of the Recording Academy ==
http://www.w3.org/2002/07/owl#Thing,http://dbpedia.org/resource/Chief_executive_officer,CEO,22426,23,0.9999397656022276,5.3405140906875626e-05,He was named President/CEO in September 2007.,2,12,== President of the Recording Academy ==
http://dbpedia.org/ontology/PersonFunction,http://dbpedia.org/resource/Chief_executive_officer,CEO,22426,23,0.9999397656022276,5.3405140906875626e-05,He was named President/CEO in September 2007.,2,12,== President of the Recording Academy ==
http://www.w3.org/2002/07/owl#Thing,http://dbpedia.org/resource/Hurricane_Katrina,Katrina,6929,60,0.9999999872758992,1.1593535676361025e-08,Portnow led efforts to help musicians affected by Hurricane Katrina through the academy's MusiCares Foundation.,0,13,== President of the Recording Academy ==
http://dbpedia.org/class/yago/WikicatAtlanticHurricanes,http://dbpedia.org/resource/Hurricane_Katrina,Katrina,6929,60,0.9999999872758992,1.1593535676361025e-08,Portnow led efforts to help musicians affected by Hurricane Katrina through the academy's MusiCares Foundation.,0,13,== President of the Recording Academy ==
http://dbpedia.org/ontology/Single,http://dbpedia.org/resource/Hurricane_Katrina,Katrina,6929,60,0.9999999872758992,1.1593535676361025e-08,Portnow led efforts to help musicians affected by Hurricane Katrina through the academy's MusiCares Foundation.,0,13,== President of the Recording Academy ==
http://dbpedia.org/class/yago/WikicatHurricanesInTheBahamas,http://dbpedia.org/resource/Hurricane_Katrina,Katrina,6929,60,0.9999999872758992,1.1593535676361025e-08,Portnow led efforts to help musicians affected by Hurricane Katrina through the academy's MusiCares Foundation.,0,13,== President of the Recording Academy ==
http://dbpedia.org/class/yago/WikicatHurricanesInTheUnitedStates,http://dbpedia.org/resource/Hurricane_Katrina,Katrina,6929,60,0.9999999872758992,1.1593535676361025e-08,Portnow led efforts to help musicians affected by Hurricane Katrina through the academy's MusiCares Foundation.,0,13,== President of the Recording Academy ==
http://dbpedia.org/ontology/MilitaryConflict,http://dbpedia.org/resource/Hurricane_Katrina,Katrina,6929,60,0.9999999872758992,1.1593535676361025e-08,Portnow led efforts to help musicians affected by Hurricane Katrina through the academy's MusiCares Foundation.,0,13,== President of the Recording Academy ==
http://dbpedia.org/class/yago/WikicatCategory5AtlanticHurricanes,http://dbpedia.org/resource/Hurricane_Katrina,Katrina,6929,60,0.9999999872758992,1.1593535676361025e-08,Portnow led efforts to help musicians affected by Hurricane Katrina through the academy's MusiCares Foundation.,0,13,== President of the Recording Academy ==
http://dbpedia.org/class/yago/Windstorm111527014,http://dbpedia.org/resource/Hurricane_Katrina,Katrina,6929,60,0.9999999872758992,1.1593535676361025e-08,Portnow led efforts to help musicians affected by Hurricane Katrina through the academy's MusiCares Foundation.,0,13,== President of the Recording Academy ==
http://dbpedia.org/class/yago/WikicatRetiredAtlanticHurricanes,http://dbpedia.org/resource/Hurricane_Katrina,Katrina,6929,60,0.9999999872758992,1.1593535676361025e-08,Portnow led efforts to help musicians affected by Hurricane Katrina through the academy's MusiCares Foundation.,0,13,== President of the Recording Academy ==
http://dbpedia.org/class/yago/Atmosphere114520278,http://dbpedia.org/resource/Hurricane_Katrina,Katrina,6929,60,0.9999999872758992,1.1593535676361025e-08,Portnow led efforts to help musicians affected by Hurricane Katrina through the academy's MusiCares Foundation.,0,13,== President of the Recording Academy ==
http://dbpedia.org/class/yago/AtmosphericPhenomenon111425580,http://dbpedia.org/resource/Hurricane_Katrina,Katrina,6929,60,0.9999999872758992,1.1593535676361025e-08,Portnow led efforts to help musicians affected by Hurricane Katrina through the academy's MusiCares Foundation.,0,13,== President of the Recording Academy ==
http://dbpedia.org/class/yago/Cyclone111443721,http://dbpedia.org/resource/Hurricane_Katrina,Katrina,6929,60,0.9999999872758992,1.1593535676361025e-08,Portnow led efforts to help musicians affected by Hurricane Katrina through the academy's MusiCares Foundation.,0,13,== President of the Recording Academy ==
http://dbpedia.org/class/yago/Cyclone114521302,http://dbpedia.org/resource/Hurricane_Katrina,Katrina,6929,60,0.9999999872758992,1.1593535676361025e-08,Portnow led efforts to help musicians affected by Hurricane Katrina through the academy's MusiCares Foundation.,0,13,== President of the Recording Academy ==
http://dbpedia.org/class/yago/Flood111454591,http://dbpedia.org/resource/Hurricane_Katrina,Katrina,6929,60,0.9999999872758992,1.1593535676361025e-08,Portnow led efforts to help musicians affected by Hurricane Katrina through the academy's MusiCares Foundation.,0,13,== President of the Recording Academy ==
http://dbpedia.org/class/yago/GeologicalPhenomenon111417672,http://dbpedia.org/resource/Hurricane_Katrina,Katrina,6929,60,0.9999999872758992,1.1593535676361025e-08,Portnow led efforts to help musicians affected by Hurricane Katrina through the academy's MusiCares Foundation.,0,13,== President of the Recording Academy ==
http://dbpedia.org/class/yago/Hurricane111467018,http://dbpedia.org/resource/Hurricane_Katrina,Katrina,6929,60,0.9999999872758992,1.1593535676361025e-08,Portnow led efforts to help musicians affected by Hurricane Katrina through the academy's MusiCares Foundation.,0,13,== President of the Recording Academy ==
http://dbpedia.org/class/yago/NaturalPhenomenon111408559,http://dbpedia.org/resource/Hurricane_Katrina,Katrina,6929,60,0.9999999872758992,1.1593535676361025e-08,Portnow led efforts to help musicians affected by Hurricane Katrina through the academy's MusiCares Foundation.,0,13,== President of the Recording Academy ==
http://dbpedia.org/class/yago/Phenomenon100034213,http://dbpedia.org/resource/Hurricane_Katrina,Katrina,6929,60,0.9999999872758992,1.1593535676361025e-08,Portnow led efforts to help musicians affected by Hurricane Katrina through the academy's MusiCares Foundation.,0,13,== President of the Recording Academy ==
http://dbpedia.org/class/yago/PhysicalEntity100001930,http://dbpedia.org/resource/Hurricane_Katrina,Katrina,6929,60,0.9999999872758992,1.1593535676361025e-08,Portnow led efforts to help musicians affected by Hurricane Katrina through the academy's MusiCares Foundation.,0,13,== President of the Recording Academy ==
http://dbpedia.org/class/yago/PhysicalPhenomenon111419404,http://dbpedia.org/resource/Hurricane_Katrina,Katrina,6929,60,0.9999999872758992,1.1593535676361025e-08,Portnow led efforts to help musicians affected by Hurricane Katrina through the academy's MusiCares Foundation.,0,13,== President of the Recording Academy ==
http://dbpedia.org/class/yago/Process100029677,http://dbpedia.org/resource/Hurricane_Katrina,Katrina,6929,60,0.9999999872758992,1.1593535676361025e-08,Portnow led efforts to help musicians affected by Hurricane Katrina through the academy's MusiCares Foundation.,0,13,== President of the Recording Academy ==
http://dbpedia.org/class/yago/Storm111462526,http://dbpedia.org/resource/Hurricane_Katrina,Katrina,6929,60,0.9999999872758992,1.1593535676361025e-08,Portnow led efforts to help musicians affected by Hurricane Katrina through the academy's MusiCares Foundation.,0,13,== President of the Recording Academy ==
http://dbpedia.org/class/yago/Tornado111519450,http://dbpedia.org/resource/Hurricane_Katrina,Katrina,6929,60,0.9999999872758992,1.1593535676361025e-08,Portnow led efforts to help musicians affected by Hurricane Katrina through the academy's MusiCares Foundation.,0,13,== President of the Recording Academy ==
http://dbpedia.org/class/yago/Weather111524662,http://dbpedia.org/resource/Hurricane_Katrina,Katrina,6929,60,0.9999999872758992,1.1593535676361025e-08,Portnow led efforts to help musicians affected by Hurricane Katrina through the academy's MusiCares Foundation.,0,13,== President of the Recording Academy ==
http://dbpedia.org/class/yago/WikicatEuropeanWindstorms,http://dbpedia.org/resource/Hurricane_Katrina,Katrina,6929,60,0.9999999872758992,1.1593535676361025e-08,Portnow led efforts to help musicians affected by Hurricane Katrina through the academy's MusiCares Foundation.,0,13,== President of the Recording Academy ==
http://dbpedia.org/class/yago/WikicatFloods,http://dbpedia.org/resource/Hurricane_Katrina,Katrina,6929,60,0.9999999872758992,1.1593535676361025e-08,Portnow led efforts to help musicians affected by Hurricane Katrina through the academy's MusiCares Foundation.,0,13,== President of the Recording Academy ==
http://dbpedia.org/class/yago/WikicatTornadoesOf2005,http://dbpedia.org/resource/Hurricane_Katrina,Katrina,6929,60,0.9999999872758992,1.1593535676361025e-08,Portnow led efforts to help musicians affected by Hurricane Katrina through the academy's MusiCares Foundation.,0,13,== President of the Recording Academy ==
http://dbpedia.org/class/yago/WikicatTropicalCyclones,http://dbpedia.org/resource/Hurricane_Katrina,Katrina,6929,60,0.9999999872758992,1.1593535676361025e-08,Portnow led efforts to help musicians affected by Hurricane Katrina through the academy's MusiCares Foundation.,0,13,== President of the Recording Academy ==
http://dbpedia.org/class/yago/WikicatAlbums,http://dbpedia.org/resource/Music_download,digital music,6467,45,0.5559670006711006,0.7986679043728552,"He has also played a significant role in the digital music revolution, lobbying on Capitol Hill regarding artist compensation rights, particularly with regard to the Performance Rights Act, which requires artists to be paid for airplay on the radio.",1,13,== President of the Recording Academy ==
http://dbpedia.org/ontology/MusicGenre,http://dbpedia.org/resource/Music_download,digital music,6467,45,0.5559670006711006,0.7986679043728552,"He has also played a significant role in the digital music revolution, lobbying on Capitol Hill regarding artist compensation rights, particularly with regard to the Performance Rights Act, which requires artists to be paid for airplay on the radio.",1,13,== President of the Recording Academy ==
http://dbpedia.org/ontology/University,http://dbpedia.org/resource/Music_download,digital music,6467,45,0.5559670006711006,0.7986679043728552,"He has also played a significant role in the digital music revolution, lobbying on Capitol Hill regarding artist compensation rights, particularly with regard to the Performance Rights Act, which requires artists to be paid for airplay on the radio.",1,13,== President of the Recording Academy ==
http://dbpedia.org/class/yago/WikicatMusicWebsites,http://dbpedia.org/resource/Music_download,digital music,6467,45,0.5559670006711006,0.7986679043728552,"He has also played a significant role in the digital music revolution, lobbying on Capitol Hill regarding artist compensation rights, particularly with regard to the Performance Rights Act, which requires artists to be paid for airplay on the radio.",1,13,== President of the Recording Academy ==
http://dbpedia.org/class/yago/Album106591815,http://dbpedia.org/resource/Music_download,digital music,6467,45,0.5559670006711006,0.7986679043728552,"He has also played a significant role in the digital music revolution, lobbying on Capitol Hill regarding artist compensation rights, particularly with regard to the Performance Rights Act, which requires artists to be paid for airplay on the radio.",1,13,== President of the Recording Academy ==
http://dbpedia.org/class/yago/Artifact100021939,http://dbpedia.org/resource/Music_download,digital music,6467,45,0.5559670006711006,0.7986679043728552,"He has also played a significant role in the digital music revolution, lobbying on Capitol Hill regarding artist compensation rights, particularly with regard to the Performance Rights Act, which requires artists to be paid for airplay on the radio.",1,13,== President of the Recording Academy ==
http://dbpedia.org/class/yago/Computer103082979,http://dbpedia.org/resource/Music_download,digital music,6467,45,0.5559670006711006,0.7986679043728552,"He has also played a significant role in the digital music revolution, lobbying on Capitol Hill regarding artist compensation rights, particularly with regard to the Performance Rights Act, which requires artists to be paid for airplay on the radio.",1,13,== President of the Recording Academy ==
http://dbpedia.org/class/yago/Device103183080,http://dbpedia.org/resource/Music_download,digital music,6467,45,0.5559670006711006,0.7986679043728552,"He has also played a significant role in the digital music revolution, lobbying on Capitol Hill regarding artist compensation rights, particularly with regard to the Performance Rights Act, which requires artists to be paid for airplay on the radio.",1,13,== President of the Recording Academy ==
http://dbpedia.org/class/yago/Instrumentality103575240,http://dbpedia.org/resource/Music_download,digital music,6467,45,0.5559670006711006,0.7986679043728552,"He has also played a significant role in the digital music revolution, lobbying on Capitol Hill regarding artist compensation rights, particularly with regard to the Performance Rights Act, which requires artists to be paid for airplay on the radio.",1,13,== President of the Recording Academy ==
http://dbpedia.org/class/yago/Machine103699975,http://dbpedia.org/resource/Music_download,digital music,6467,45,0.5559670006711006,0.7986679043728552,"He has also played a significant role in the digital music revolution, lobbying on Capitol Hill regarding artist compensation rights, particularly with regard to the Performance Rights Act, which requires artists to be paid for airplay on the radio.",1,13,== President of the Recording Academy ==
http://dbpedia.org/class/yago/Medium106254669,http://dbpedia.org/resource/Music_download,digital music,6467,45,0.5559670006711006,0.7986679043728552,"He has also played a significant role in the digital music revolution, lobbying on Capitol Hill regarding artist compensation rights, particularly with regard to the Performance Rights Act, which requires artists to be paid for airplay on the radio.",1,13,== President of the Recording Academy ==
http://dbpedia.org/class/yago/Object100002684,http://dbpedia.org/resource/Music_download,digital music,6467,45,0.5559670006711006,0.7986679043728552,"He has also played a significant role in the digital music revolution, lobbying on Capitol Hill regarding artist compensation rights, particularly with regard to the Performance Rights Act, which requires artists to be paid for airplay on the radio.",1,13,== President of the Recording Academy ==
http://dbpedia.org/class/yago/PhysicalEntity100001930,http://dbpedia.org/resource/Music_download,digital music,6467,45,0.5559670006711006,0.7986679043728552,"He has also played a significant role in the digital music revolution, lobbying on Capitol Hill regarding artist compensation rights, particularly with regard to the Performance Rights Act, which requires artists to be paid for airplay on the radio.",1,13,== President of the Recording Academy ==
http://dbpedia.org/class/yago/WebSite106359193,http://dbpedia.org/resource/Music_download,digital music,6467,45,0.5559670006711006,0.7986679043728552,"He has also played a significant role in the digital music revolution, lobbying on Capitol Hill regarding artist compensation rights, particularly with regard to the Performance Rights Act, which requires artists to be paid for airplay on the radio.",1,13,== President of the Recording Academy ==
http://dbpedia.org/class/yago/Whole100003553,http://dbpedia.org/resource/Music_download,digital music,6467,45,0.5559670006711006,0.7986679043728552,"He has also played a significant role in the digital music revolution, lobbying on Capitol Hill regarding artist compensation rights, particularly with regard to the Performance Rights Act, which requires artists to be paid for airplay on the radio.",1,13,== President of the Recording Academy ==
http://www.w3.org/2002/07/owl#Thing,http://dbpedia.org/resource/Lobbying,lobbying,3411,71,0.9987755667870634,0.0012066538622495,"He has also played a significant role in the digital music revolution, lobbying on Capitol Hill regarding artist compensation rights, particularly with regard to the Performance Rights Act, which requires artists to be paid for airplay on the radio.",1,13,== President of the Recording Academy ==
http://dbpedia.org/ontology/Band,http://dbpedia.org/resource/Lobbying,lobbying,3411,71,0.9987755667870634,0.0012066538622495,"He has also played a significant role in the digital music revolution, lobbying on Capitol Hill regarding artist compensation rights, particularly with regard to the Performance Rights Act, which requires artists to be paid for airplay on the radio.",1,13,== President of the Recording Academy ==
http://dbpedia.org/ontology/PersonFunction,http://dbpedia.org/resource/Lobbying,lobbying,3411,71,0.9987755667870634,0.0012066538622495,"He has also played a significant role in the digital music revolution, lobbying on Capitol Hill regarding artist compensation rights, particularly with regard to the Performance Rights Act, which requires artists to be paid for airplay on the radio.",1,13,== President of the Recording Academy ==
http://dbpedia.org/class/yago/YagoLegalActor,http://dbpedia.org/resource/Lobbying,lobbying,3411,71,0.9987755667870634,0.0012066538622495,"He has also played a significant role in the digital music revolution, lobbying on Capitol Hill regarding artist compensation rights, particularly with regard to the Performance Rights Act, which requires artists to be paid for airplay on the radio.",1,13,== President of the Recording Academy ==
http://dbpedia.org/class/yago/YagoLegalActorGeo,http://dbpedia.org/resource/Lobbying,lobbying,3411,71,0.9987755667870634,0.0012066538622495,"He has also played a significant role in the digital music revolution, lobbying on Capitol Hill regarding artist compensation rights, particularly with regard to the Performance Rights Act, which requires artists to be paid for airplay on the radio.",1,13,== President of the Recording Academy ==
http://dbpedia.org/class/yago/WikicatLobbyists,http://dbpedia.org/resource/Lobbying,lobbying,3411,71,0.9987755667870634,0.0012066538622495,"He has also played a significant role in the digital music revolution, lobbying on Capitol Hill regarding artist compensation rights, particularly with regard to the Performance Rights Act, which requires artists to be paid for airplay on the radio.",1,13,== President of the Recording Academy ==
http://dbpedia.org/class/yago/CausalAgent100007347,http://dbpedia.org/resource/Lobbying,lobbying,3411,71,0.9987755667870634,0.0012066538622495,"He has also played a significant role in the digital music revolution, lobbying on Capitol Hill regarding artist compensation rights, particularly with regard to the Performance Rights Act, which requires artists to be paid for airplay on the radio.",1,13,== President of the Recording Academy ==
http://dbpedia.org/class/yago/Communicator109610660,http://dbpedia.org/resource/Lobbying,lobbying,3411,71,0.9987755667870634,0.0012066538622495,"He has also played a significant role in the digital music revolution, lobbying on Capitol Hill regarding artist compensation rights, particularly with regard to the Performance Rights Act, which requires artists to be paid for airplay on the radio.",1,13,== President of the Recording Academy ==
http://dbpedia.org/class/yago/LivingThing100004258,http://dbpedia.org/resource/Lobbying,lobbying,3411,71,0.9987755667870634,0.0012066538622495,"He has also played a significant role in the digital music revolution, lobbying on Capitol Hill regarding artist compensation rights, particularly with regard to the Performance Rights Act, which requires artists to be paid for airplay on the radio.",1,13,== President of the Recording Academy ==
http://dbpedia.org/class/yago/Lobbyist110268629,http://dbpedia.org/resource/Lobbying,lobbying,3411,71,0.9987755667870634,0.0012066538622495,"He has also played a significant role in the digital music revolution, lobbying on Capitol Hill regarding artist compensation rights, particularly with regard to the Performance Rights Act, which requires artists to be paid for airplay on the radio.",1,13,== President of the Recording Academy ==
http://dbpedia.org/class/yago/Object100002684,http://dbpedia.org/resource/Lobbying,lobbying,3411,71,0.9987755667870634,0.0012066538622495,"He has also played a significant role in the digital music revolution, lobbying on Capitol Hill regarding artist compensation rights, particularly with regard to the Performance Rights Act, which requires artists to be paid for airplay on the radio.",1,13,== President of the Recording Academy ==
http://dbpedia.org/class/yago/Organism100004475,http://dbpedia.org/resource/Lobbying,lobbying,3411,71,0.9987755667870634,0.0012066538622495,"He has also played a significant role in the digital music revolution, lobbying on Capitol Hill regarding artist compensation rights, particularly with regard to the Performance Rights Act, which requires artists to be paid for airplay on the radio.",1,13,== President of the Recording Academy ==
http://dbpedia.org/class/yago/Person100007846,http://dbpedia.org/resource/Lobbying,lobbying,3411,71,0.9987755667870634,0.0012066538622495,"He has also played a significant role in the digital music revolution, lobbying on Capitol Hill regarding artist compensation rights, particularly with regard to the Performance Rights Act, which requires artists to be paid for airplay on the radio.",1,13,== President of the Recording Academy ==
http://dbpedia.org/class/yago/Persuader110418841,http://dbpedia.org/resource/Lobbying,lobbying,3411,71,0.9987755667870634,0.0012066538622495,"He has also played a significant role in the digital music revolution, lobbying on Capitol Hill regarding artist compensation rights, particularly with regard to the Performance Rights Act, which requires artists to be paid for airplay on the radio.",1,13,== President of the Recording Academy ==
http://dbpedia.org/class/yago/PhysicalEntity100001930,http://dbpedia.org/resource/Lobbying,lobbying,3411,71,0.9987755667870634,0.0012066538622495,"He has also played a significant role in the digital music revolution, lobbying on Capitol Hill regarding artist compensation rights, particularly with regard to the Performance Rights Act, which requires artists to be paid for airplay on the radio.",1,13,== President of the Recording Academy ==
http://dbpedia.org/class/yago/Whole100003553,http://dbpedia.org/resource/Lobbying,lobbying,3411,71,0.9987755667870634,0.0012066538622495,"He has also played a significant role in the digital music revolution, lobbying on Capitol Hill regarding artist compensation rights, particularly with regard to the Performance Rights Act, which requires artists to be paid for airplay on the radio.",1,13,== President of the Recording Academy ==
http://dbpedia.org/class/yago/Abstraction100002137,http://dbpedia.org/resource/Performance_Rights_Act,Performance Rights Act,5,166,1.0,0.0,"He has also played a significant role in the digital music revolution, lobbying on Capitol Hill regarding artist compensation rights, particularly with regard to the Performance Rights Act, which requires artists to be paid for airplay on the radio.",1,13,== President of the Recording Academy ==
http://dbpedia.org/class/yago/CivilLaw108453464,http://dbpedia.org/resource/Performance_Rights_Act,Performance Rights Act,5,166,1.0,0.0,"He has also played a significant role in the digital music revolution, lobbying on Capitol Hill regarding artist compensation rights, particularly with regard to the Performance Rights Act, which requires artists to be paid for airplay on the radio.",1,13,== President of the Recording Academy ==
http://dbpedia.org/class/yago/Collection107951464,http://dbpedia.org/resource/Performance_Rights_Act,Performance Rights Act,5,166,1.0,0.0,"He has also played a significant role in the digital music revolution, lobbying on Capitol Hill regarding artist compensation rights, particularly with regard to the Performance Rights Act, which requires artists to be paid for airplay on the radio.",1,13,== President of the Recording Academy ==
http://dbpedia.org/class/yago/Group100031264,http://dbpedia.org/resource/Performance_Rights_Act,Performance Rights Act,5,166,1.0,0.0,"He has also played a significant role in the digital music revolution, lobbying on Capitol Hill regarding artist compensation rights, particularly with regard to the Performance Rights Act, which requires artists to be paid for airplay on the radio.",1,13,== President of the Recording Academy ==
http://dbpedia.org/class/yago/Law108441203,http://dbpedia.org/resource/Performance_Rights_Act,Performance Rights Act,5,166,1.0,0.0,"He has also played a significant role in the digital music revolution, lobbying on Capitol Hill regarding artist compensation rights, particularly with regard to the Performance Rights Act, which requires artists to be paid for airplay on the radio.",1,13,== President of the Recording Academy ==
http://dbpedia.org/class/yago/Legislation106535222,http://dbpedia.org/resource/Performance_Rights_Act,Performance Rights Act,5,166,1.0,0.0,"He has also played a significant role in the digital music revolution, lobbying on Capitol Hill regarding artist compensation rights, particularly with regard to the Performance Rights Act, which requires artists to be paid for airplay on the radio.",1,13,== President of the Recording Academy ==
http://www.w3.org/2002/07/owl#Thing,http://dbpedia.org/resource/Airplay,airplay,1143,228,0.999804532940652,0.00018619272707906144,"He has also played a significant role in the digital music revolution, lobbying on Capitol Hill regarding artist compensation rights, particularly with regard to the Performance Rights Act, which requires artists to be paid for airplay on the radio.",1,13,== President of the Recording Academy ==
http://www.w3.org/2002/07/owl#Thing,http://dbpedia.org/resource/Radio,radio,20231,243,0.9685743604715632,0.0297602677180959,"He has also played a significant role in the digital music revolution, lobbying on Capitol Hill regarding artist compensation rights, particularly with regard to the Performance Rights Act, which requires artists to be paid for airplay on the radio.",1,13,== President of the Recording Academy ==
http://dbpedia.org/ontology/PersonFunction,http://dbpedia.org/resource/Radio,radio,20231,243,0.9685743604715632,0.0297602677180959,"He has also played a significant role in the digital music revolution, lobbying on Capitol Hill regarding artist compensation rights, particularly with regard to the Performance Rights Act, which requires artists to be paid for airplay on the radio.",1,13,== President of the Recording Academy ==
http://www.w3.org/2002/07/owl#Thing,http://dbpedia.org/resource/President_of_the_United_States,President,56186,82,0.9990136379770876,0.000546609013694183,"During the 51st Annual Grammy Awards in 2009, Portnow spoke about the election of President Barack Obama and encouraged his administration to add a cabinet-level position for Secretary of the Arts.",2,13,== President of the Recording Academy ==
http://dbpedia.org/ontology/Person,http://dbpedia.org/resource/President_of_the_United_States,President,56186,82,0.9990136379770876,0.000546609013694183,"During the 51st Annual Grammy Awards in 2009, Portnow spoke about the election of President Barack Obama and encouraged his administration to add a cabinet-level position for Secretary of the Arts.",2,13,== President of the Recording Academy ==
http://dbpedia.org/ontology/PersonFunction,http://dbpedia.org/resource/President_of_the_United_States,President,56186,82,0.9990136379770876,0.000546609013694183,"During the 51st Annual Grammy Awards in 2009, Portnow spoke about the election of President Barack Obama and encouraged his administration to add a cabinet-level position for Secretary of the Arts.",2,13,== President of the Recording Academy ==
http://www.w3.org/2002/07/owl#Thing,http://dbpedia.org/resource/President_of_the_United_States,President,56186,3,0.8882097678680713,0.1010282685652719,"As President/CEO, Portnow oversaw the 2008 opening of the Grammy Museum at L.A. Live in Los Angeles, as well as its three branches.",0,16,== President of the Recording Academy == | === Grammy Museum and Foundation ===
http://dbpedia.org/ontology/Person,http://dbpedia.org/resource/President_of_the_United_States,President,56186,3,0.8882097678680713,0.1010282685652719,"As President/CEO, Portnow oversaw the 2008 opening of the Grammy Museum at L.A. Live in Los Angeles, as well as its three branches.",0,16,== President of the Recording Academy == | === Grammy Museum and Foundation ===
http://dbpedia.org/ontology/PersonFunction,http://dbpedia.org/resource/President_of_the_United_States,President,56186,3,0.8882097678680713,0.1010282685652719,"As President/CEO, Portnow oversaw the 2008 opening of the Grammy Museum at L.A. Live in Los Angeles, as well as its three branches.",0,16,== President of the Recording Academy == | === Grammy Museum and Foundation ===
http://www.w3.org/2002/07/owl#Thing,http://dbpedia.org/resource/Chief_executive_officer,CEO,22426,13,0.999997840385619,1.811026801023784e-06,"As President/CEO, Portnow oversaw the 2008 opening of the Grammy Museum at L.A. Live in Los Angeles, as well as its three branches.",0,16,== President of the Recording Academy == | === Grammy Museum and Foundation ===
http://dbpedia.org/ontology/PersonFunction,http://dbpedia.org/resource/Chief_executive_officer,CEO,22426,13,0.999997840385619,1.811026801023784e-06,"As President/CEO, Portnow oversaw the 2008 opening of the Grammy Museum at L.A. Live in Los Angeles, as well as its three branches.",0,16,== President of the Recording Academy == | === Grammy Museum and Foundation ===
http://www.w3.org/2002/07/owl#Thing,http://dbpedia.org/resource/Computer_programming,programming,2467,236,0.6724766307289183,0.1786521365285618,"He also led the merger of the Grammy Museum and Grammy Foundation into the newly expanded Grammy Museum, which positions itself as offering the best of each organization's initiatives in preservation, education, exhibitions, and public programming.",1,16,== President of the Recording Academy == | === Grammy Museum and Foundation ===
http://dbpedia.org/ontology/MusicGenre,http://dbpedia.org/resource/Computer_programming,programming,2467,236,0.6724766307289183,0.1786521365285618,"He also led the merger of the Grammy Museum and Grammy Foundation into the newly expanded Grammy Museum, which positions itself as offering the best of each organization's initiatives in preservation, education, exhibitions, and public programming.",1,16,== President of the Recording Academy == | === Grammy Museum and Foundation ===
http://dbpedia.org/ontology/Election,http://dbpedia.org/resource/Computer_programming,programming,2467,236,0.6724766307289183,0.1786521365285618,"He also led the merger of the Grammy Museum and Grammy Foundation into the newly expanded Grammy Museum, which positions itself as offering the best of each organization's initiatives in preservation, education, exhibitions, and public programming.",1,16,== President of the Recording Academy == | === Grammy Museum and Foundation ===
http://www.w3.org/2002/07/owl#Thing,http://dbpedia.org/resource/President_of_the_United_States,President,56186,27,0.8401598157067691,0.1551395868037524,Portnow has also served as President/CEO of MusiCares.,0,18,== President of the Recording Academy == | === MusiCares ===
http://dbpedia.org/ontology/Person,http://dbpedia.org/resource/President_of_the_United_States,President,56186,27,0.8401598157067691,0.1551395868037524,Portnow has also served as President/CEO of MusiCares.,0,18,== President of the Recording Academy == | === MusiCares ===
http://dbpedia.org/ontology/PersonFunction,http://dbpedia.org/resource/President_of_the_United_States,President,56186,27,0.8401598157067691,0.1551395868037524,Portnow has also served as President/CEO of MusiCares.,0,18,== President of the Recording Academy == | === MusiCares ===
http://www.w3.org/2002/07/owl#Thing,http://dbpedia.org/resource/Chief_executive_officer,CEO,22426,37,0.9999963198659076,3.2237891379806573e-06,Portnow has also served as President/CEO of MusiCares.,0,18,== President of the Recording Academy == | === MusiCares ===
http://dbpedia.org/ontology/PersonFunction,http://dbpedia.org/resource/Chief_executive_officer,CEO,22426,37,0.9999963198659076,3.2237891379806573e-06,Portnow has also served as President/CEO of MusiCares.,0,18,== President of the Recording Academy == | === MusiCares ===
http://www.w3.org/2002/07/owl#Thing,http://dbpedia.org/resource/Nonprofit_organization,nonprofit organization,15660,56,0.999824944178027,0.0001750862588060809,"The campaign helped raise more than $12 million for the nonprofit organization, with the stated purpose of ensuring music people have a place to turn in times of financial, medical, and personal need.",2,18,== President of the Recording Academy == | === MusiCares ===
http://dbpedia.org/ontology/MusicGenre,http://dbpedia.org/resource/Nonprofit_organization,nonprofit organization,15660,56,0.999824944178027,0.0001750862588060809,"The campaign helped raise more than $12 million for the nonprofit organization, with the stated purpose of ensuring music people have a place to turn in times of financial, medical, and personal need.",2,18,== President of the Recording Academy == | === MusiCares ===
http://dbpedia.org/ontology/Organisation,http://dbpedia.org/resource/Nonprofit_organization,nonprofit organization,15660,56,0.999824944178027,0.0001750862588060809,"The campaign helped raise more than $12 million for the nonprofit organization, with the stated purpose of ensuring music people have a place to turn in times of financial, medical, and personal need.",2,18,== President of the Recording Academy == | === MusiCares ===
http://dbpedia.org/class/yago/YagoLegalActor,http://dbpedia.org/resource/Nonprofit_organization,nonprofit organization,15660,56,0.999824944178027,0.0001750862588060809,"The campaign helped raise more than $12 million for the nonprofit organization, with the stated purpose of ensuring music people have a place to turn in times of financial, medical, and personal need.",2,18,== President of the Recording Academy == | === MusiCares ===
http://dbpedia.org/class/yago/YagoLegalActorGeo,http://dbpedia.org/resource/Nonprofit_organization,nonprofit organization,15660,56,0.999824944178027,0.0001750862588060809,"The campaign helped raise more than $12 million for the nonprofit organization, with the stated purpose of ensuring music people have a place to turn in times of financial, medical, and personal need.",2,18,== President of the Recording Academy == | === MusiCares ===
http://dbpedia.org/class/yago/YagoPermanentlyLocatedEntity,http://dbpedia.org/resource/Nonprofit_organization,nonprofit organization,15660,56,0.999824944178027,0.0001750862588060809,"The campaign helped raise more than $12 million for the nonprofit organization, with the stated purpose of ensuring music people have a place to turn in times of financial, medical, and personal need.",2,18,== President of the Recording Academy == | === MusiCares ===
http://dbpedia.org/class/yago/Abstraction100002137,http://dbpedia.org/resource/Nonprofit_organization,nonprofit organization,15660,56,0.999824944178027,0.0001750862588060809,"The campaign helped raise more than $12 million for the nonprofit organization, with the stated purpose of ensuring music people have a place to turn in times of financial, medical, and personal need.",2,18,== President of the Recording Academy == | === MusiCares ===
http://dbpedia.org/class/yago/Group100031264,http://dbpedia.org/resource/Nonprofit_organization,nonprofit organization,15660,56,0.999824944178027,0.0001750862588060809,"The campaign helped raise more than $12 million for the nonprofit organization, with the stated purpose of ensuring music people have a place to turn in times of financial, medical, and personal need.",2,18,== President of the Recording Academy == | === MusiCares ===
http://dbpedia.org/class/yago/Organization108008335,http://dbpedia.org/resource/Nonprofit_organization,nonprofit organization,15660,56,0.999824944178027,0.0001750862588060809,"The campaign helped raise more than $12 million for the nonprofit organization, with the stated purpose of ensuring music people have a place to turn in times of financial, medical, and personal need.",2,18,== President of the Recording Academy == | === MusiCares ===
http://dbpedia.org/class/yago/SocialGroup107950920,http://dbpedia.org/resource/Nonprofit_organization,nonprofit organization,15660,56,0.999824944178027,0.0001750862588060809,"The campaign helped raise more than $12 million for the nonprofit organization, with the stated purpose of ensuring music people have a place to turn in times of financial, medical, and personal need.",2,18,== President of the Recording Academy == | === MusiCares ===
http://dbpedia.org/class/yago/WikicatNon-profitOrganizations,http://dbpedia.org/resource/Nonprofit_organization,nonprofit organization,15660,56,0.999824944178027,0.0001750862588060809,"The campaign helped raise more than $12 million for the nonprofit organization, with the stated purpose of ensuring music people have a place to turn in times of financial, medical, and personal need.",2,18,== President of the Recording Academy == | === MusiCares ===
http://dbpedia.org/class/yago/WikicatOrganizations,http://dbpedia.org/resource/Nonprofit_organization,nonprofit organization,15660,56,0.999824944178027,0.0001750862588060809,"The campaign helped raise more than $12 million for the nonprofit organization, with the stated purpose of ensuring music people have a place to turn in times of financial, medical, and personal need.",2,18,== President of the Recording Academy == | === MusiCares ===
http://dbpedia.org/class/yago/WikicatPoliticalMetaphors,http://dbpedia.org/resource/Grassroots,grassroots,1880,87,0.9990928391574422,0.0005400031174708278,"Furthermore, in 2017, the Recording Academy's District Advocate day became the largest grassroots initiative for music in the nation under Portnow's direction.",3,20,== President of the Recording Academy == | === Advocacy ===
http://dbpedia.org/class/yago/WikicatPoliticalMovements,http://dbpedia.org/resource/Grassroots,grassroots,1880,87,0.9990928391574422,0.0005400031174708278,"Furthermore, in 2017, the Recording Academy's District Advocate day became the largest grassroots initiative for music in the nation under Portnow's direction.",3,20,== President of the Recording Academy == | === Advocacy ===
http://dbpedia.org/class/yago/WikicatSocialMovements,http://dbpedia.org/resource/Grassroots,grassroots,1880,87,0.9990928391574422,0.0005400031174708278,"Furthermore, in 2017, the Recording Academy's District Advocate day became the largest grassroots initiative for music in the nation under Portnow's direction.",3,20,== President of the Recording Academy == | === Advocacy ===
http://dbpedia.org/class/yago/Abstraction100002137,http://dbpedia.org/resource/Grassroots,grassroots,1880,87,0.9990928391574422,0.0005400031174708278,"Furthermore, in 2017, the Recording Academy's District Advocate day became the largest grassroots initiative for music in the nation under Portnow's direction.",3,20,== President of the Recording Academy == | === Advocacy ===
http://dbpedia.org/class/yago/Communication100033020,http://dbpedia.org/resource/Grassroots,grassroots,1880,87,0.9990928391574422,0.0005400031174708278,"Furthermore, in 2017, the Recording Academy's District Advocate day became the largest grassroots initiative for music in the nation under Portnow's direction.",3,20,== President of the Recording Academy == | === Advocacy ===
http://dbpedia.org/class/yago/Device107068844,http://dbpedia.org/resource/Grassroots,grassroots,1880,87,0.9990928391574422,0.0005400031174708278,"Furthermore, in 2017, the Recording Academy's District Advocate day became the largest grassroots initiative for music in the nation under Portnow's direction.",3,20,== President of the Recording Academy == | === Advocacy ===
http://dbpedia.org/class/yago/ExpressiveStyle107066659,http://dbpedia.org/resource/Grassroots,grassroots,1880,87,0.9990928391574422,0.0005400031174708278,"Furthermore, in 2017, the Recording Academy's District Advocate day became the largest grassroots initiative for music in the nation under Portnow's direction.",3,20,== President of the Recording Academy == | === Advocacy ===
http://dbpedia.org/class/yago/Group100031264,http://dbpedia.org/resource/Grassroots,grassroots,1880,87,0.9990928391574422,0.0005400031174708278,"Furthermore, in 2017, the Recording Academy's District Advocate day became the largest grassroots initiative for music in the nation under Portnow's direction.",3,20,== President of the Recording Academy == | === Advocacy ===
http://dbpedia.org/class/yago/Metaphor107106800,http://dbpedia.org/resource/Grassroots,grassroots,1880,87,0.9990928391574422,0.0005400031174708278,"Furthermore, in 2017, the Recording Academy's District Advocate day became the largest grassroots initiative for music in the nation under Portnow's direction.",3,20,== President of the Recording Academy == | === Advocacy ===
http://dbpedia.org/class/yago/Movement108464601,http://dbpedia.org/resource/Grassroots,grassroots,1880,87,0.9990928391574422,0.0005400031174708278,"Furthermore, in 2017, the Recording Academy's District Advocate day became the largest grassroots initiative for music in the nation under Portnow's direction.",3,20,== President of the Recording Academy == | === Advocacy ===
http://dbpedia.org/class/yago/PoliticalMovement108472335,http://dbpedia.org/resource/Grassroots,grassroots,1880,87,0.9990928391574422,0.0005400031174708278,"Furthermore, in 2017, the Recording Academy's District Advocate day became the largest grassroots initiative for music in the nation under Portnow's direction.",3,20,== President of the Recording Academy == | === Advocacy ===
http://dbpedia.org/class/yago/RhetoricalDevice107098193,http://dbpedia.org/resource/Grassroots,grassroots,1880,87,0.9990928391574422,0.0005400031174708278,"Furthermore, in 2017, the Recording Academy's District Advocate day became the largest grassroots initiative for music in the nation under Portnow's direction.",3,20,== President of the Recording Academy == | === Advocacy ===
http://dbpedia.org/class/yago/SocialGroup107950920,http://dbpedia.org/resource/Grassroots,grassroots,1880,87,0.9990928391574422,0.0005400031174708278,"Furthermore, in 2017, the Recording Academy's District Advocate day became the largest grassroots initiative for music in the nation under Portnow's direction.",3,20,== President of the Recording Academy == | === Advocacy ===
http://dbpedia.org/class/yago/Trope107105475,http://dbpedia.org/resource/Grassroots,grassroots,1880,87,0.9990928391574422,0.0005400031174708278,"Furthermore, in 2017, the Recording Academy's District Advocate day became the largest grassroots initiative for music in the nation under Portnow's direction.",3,20,== President of the Recording Academy == | === Advocacy ===
http://www.w3.org/2002/07/owl#Thing,http://dbpedia.org/resource/Music_industry,music industry,2340,164,0.9999863665440192,1.08809716063626e-05,"For the first time in history, music creators from all 50 states met with congressional offices in their home districts to discuss legislative issues affecting the music industry, including performance rights, copyright reform, and the impact of digital services.",4,20,== President of the Recording Academy == | === Advocacy ===
http://dbpedia.org/ontology/PersonFunction,http://dbpedia.org/resource/Music_industry,music industry,2340,164,0.9999863665440192,1.08809716063626e-05,"For the first time in history, music creators from all 50 states met with congressional offices in their home districts to discuss legislative issues affecting the music industry, including performance rights, copyright reform, and the impact of digital services.",4,20,== President of the Recording Academy == | === Advocacy ===
http://dbpedia.org/class/yago/YagoLegalActor,http://dbpedia.org/resource/Music_industry,music industry,2340,164,0.9999863665440192,1.08809716063626e-05,"For the first time in history, music creators from all 50 states met with congressional offices in their home districts to discuss legislative issues affecting the music industry, including performance rights, copyright reform, and the impact of digital services.",4,20,== President of the Recording Academy == | === Advocacy ===
http://dbpedia.org/class/yago/YagoLegalActorGeo,http://dbpedia.org/resource/Music_industry,music industry,2340,164,0.9999863665440192,1.08809716063626e-05,"For the first time in history, music creators from all 50 states met with congressional offices in their home districts to discuss legislative issues affecting the music industry, including performance rights, copyright reform, and the impact of digital services.",4,20,== President of the Recording Academy == | === Advocacy ===
http://dbpedia.org/class/yago/WikicatRecordLabelDistributors,http://dbpedia.org/resource/Music_industry,music industry,2340,164,0.9999863665440192,1.08809716063626e-05,"For the first time in history, music creators from all 50 states met with congressional offices in their home districts to discuss legislative issues affecting the music industry, including performance rights, copyright reform, and the impact of digital services.",4,20,== President of the Recording Academy == | === Advocacy ===
http://dbpedia.org/class/yago/Businessperson109882716,http://dbpedia.org/resource/Music_industry,music industry,2340,164,0.9999863665440192,1.08809716063626e-05,"For the first time in history, music creators from all 50 states met with congressional offices in their home districts to discuss legislative issues affecting the music industry, including performance rights, copyright reform, and the impact of digital services.",4,20,== President of the Recording Academy == | === Advocacy ===
http://dbpedia.org/class/yago/Capitalist109609232,http://dbpedia.org/resource/Music_industry,music industry,2340,164,0.9999863665440192,1.08809716063626e-05,"For the first time in history, music creators from all 50 states met with congressional offices in their home districts to discuss legislative issues affecting the music industry, including performance rights, copyright reform, and the impact of digital services.",4,20,== President of the Recording Academy == | === Advocacy ===
http://dbpedia.org/class/yago/CausalAgent100007347,http://dbpedia.org/resource/Music_industry,music industry,2340,164,0.9999863665440192,1.08809716063626e-05,"For the first time in history, music creators from all 50 states met with congressional offices in their home districts to discuss legislative issues affecting the music industry, including performance rights, copyright reform, and the impact of digital services.",4,20,== President of the Recording Academy == | === Advocacy ===
http://dbpedia.org/class/yago/Distributor110018861,http://dbpedia.org/resource/Music_industry,music industry,2340,164,0.9999863665440192,1.08809716063626e-05,"For the first time in history, music creators from all 50 states met with congressional offices in their home districts to discuss legislative issues affecting the music industry, including performance rights, copyright reform, and the impact of digital services.",4,20,== President of the Recording Academy == | === Advocacy ===
http://dbpedia.org/class/yago/LivingThing100004258,http://dbpedia.org/resource/Music_industry,music industry,2340,164,0.9999863665440192,1.08809716063626e-05,"For the first time in history, music creators from all 50 states met with congressional offices in their home districts to discuss legislative issues affecting the music industry, including performance rights, copyright reform, and the impact of digital services.",4,20,== President of the Recording Academy == | === Advocacy ===
http://dbpedia.org/class/yago/Object100002684,http://dbpedia.org/resource/Music_industry,music industry,2340,164,0.9999863665440192,1.08809716063626e-05,"For the first time in history, music creators from all 50 states met with congressional offices in their home districts to discuss legislative issues affecting the music industry, including performance rights, copyright reform, and the impact of digital services.",4,20,== President of the Recording Academy == | === Advocacy ===
http://dbpedia.org/class/yago/Organism100004475,http://dbpedia.org/resource/Music_industry,music industry,2340,164,0.9999863665440192,1.08809716063626e-05,"For the first time in history, music creators from all 50 states met with congressional offices in their home districts to discuss legislative issues affecting the music industry, including performance rights, copyright reform, and the impact of digital services.",4,20,== President of the Recording Academy == | === Advocacy ===
http://dbpedia.org/class/yago/Person100007846,http://dbpedia.org/resource/Music_industry,music industry,2340,164,0.9999863665440192,1.08809716063626e-05,"For the first time in history, music creators from all 50 states met with congressional offices in their home districts to discuss legislative issues affecting the music industry, including performance rights, copyright reform, and the impact of digital services.",4,20,== President of the Recording Academy == | === Advocacy ===
http://dbpedia.org/class/yago/PhysicalEntity100001930,http://dbpedia.org/resource/Music_industry,music industry,2340,164,0.9999863665440192,1.08809716063626e-05,"For the first time in history, music creators from all 50 states met with congressional offices in their home districts to discuss legislative issues affecting the music industry, including performance rights, copyright reform, and the impact of digital services.",4,20,== President of the Recording Academy == | === Advocacy ===
http://dbpedia.org/class/yago/Supplier110677271,http://dbpedia.org/resource/Music_industry,music industry,2340,164,0.9999863665440192,1.08809716063626e-05,"For the first time in history, music creators from all 50 states met with congressional offices in their home districts to discuss legislative issues affecting the music industry, including performance rights, copyright reform, and the impact of digital services.",4,20,== President of the Recording Academy == | === Advocacy ===
http://dbpedia.org/class/yago/Whole100003553,http://dbpedia.org/resource/Music_industry,music industry,2340,164,0.9999863665440192,1.08809716063626e-05,"For the first time in history, music creators from all 50 states met with congressional offices in their home districts to discuss legislative issues affecting the music industry, including performance rights, copyright reform, and the impact of digital services.",4,20,== President of the Recording Academy == | === Advocacy ===
http://www.w3.org/2002/07/owl#Thing,http://dbpedia.org/resource/Copyright,copyright,18844,210,0.9999163231930476,6.32121255088136e-05,"For the first time in history, music creators from all 50 states met with congressional offices in their home districts to discuss legislative issues affecting the music industry, including performance rights, copyright reform, and the impact of digital services.",4,20,== President of the Recording Academy == | === Advocacy ===
http://dbpedia.org/ontology/River,http://dbpedia.org/resource/Copyright,copyright,18844,210,0.9999163231930476,6.32121255088136e-05,"For the first time in history, music creators from all 50 states met with congressional offices in their home districts to discuss legislative issues affecting the music industry, including performance rights, copyright reform, and the impact of digital services.",4,20,== President of the Recording Academy == | === Advocacy ===
http://dbpedia.org/ontology/Band,http://dbpedia.org/resource/Copyright,copyright,18844,210,0.9999163231930476,6.32121255088136e-05,"For the first time in history, music creators from all 50 states met with congressional offices in their home districts to discuss legislative issues affecting the music industry, including performance rights, copyright reform, and the impact of digital services.",4,20,== President of the Recording Academy == | === Advocacy ===
http://www.w3.org/2002/07/owl#Thing,http://dbpedia.org/resource/Vice_President_of_the_United_States,vice president,10486,115,0.8889848769263334,0.1229196801725033,"Concerning the controversies of hosting that year's Grammy Awards in New York, Dana Tomarken, the former executive vice president of the MusiCares foundation claimed wrongful termination.",1,23,== President of the Recording Academy == | === 60th Grammy Awards controversies ===
http://dbpedia.org/ontology/PersonFunction,http://dbpedia.org/resource/Vice_President_of_the_United_States,vice president,10486,115,0.8889848769263334,0.1229196801725033,"Concerning the controversies of hosting that year's Grammy Awards in New York, Dana Tomarken, the former executive vice president of the MusiCares foundation claimed wrongful termination.",1,23,== President of the Recording Academy == | === 60th Grammy Awards controversies ===
http://dbpedia.org/ontology/RugbyPlayer,http://dbpedia.org/resource/Vice_President_of_the_United_States,vice president,10486,115,0.8889848769263334,0.1229196801725033,"Concerning the controversies of hosting that year's Grammy Awards in New York, Dana Tomarken, the former executive vice president of the MusiCares foundation claimed wrongful termination.",1,23,== President of the Recording Academy == | === 60th Grammy Awards controversies ===
http://dbpedia.org/class/yago/YagoPermanentlyLocatedEntity,http://dbpedia.org/resource/Wrongful_dismissal,wrongful termination,217,166,1.0,0.0,"Concerning the controversies of hosting that year's Grammy Awards in New York, Dana Tomarken, the former executive vice president of the MusiCares foundation claimed wrongful termination.",1,23,== President of the Recording Academy == | === 60th Grammy Awards controversies ===
http://dbpedia.org/class/yago/Abstraction100002137,http://dbpedia.org/resource/Wrongful_dismissal,wrongful termination,217,166,1.0,0.0,"Concerning the controversies of hosting that year's Grammy Awards in New York, Dana Tomarken, the former executive vice president of the MusiCares foundation claimed wrongful termination.",1,23,== President of the Recording Academy == | === 60th Grammy Awards controversies ===
http://dbpedia.org/class/yago/Act100030358,http://dbpedia.org/resource/Wrongful_dismissal,wrongful termination,217,166,1.0,0.0,"Concerning the controversies of hosting that year's Grammy Awards in New York, Dana Tomarken, the former executive vice president of the MusiCares foundation claimed wrongful termination.",1,23,== President of the Recording Academy == | === 60th Grammy Awards controversies ===
http://dbpedia.org/class/yago/Activity100407535,http://dbpedia.org/resource/Wrongful_dismissal,wrongful termination,217,166,1.0,0.0,"Concerning the controversies of hosting that year's Grammy Awards in New York, Dana Tomarken, the former executive vice president of the MusiCares foundation claimed wrongful termination.",1,23,== President of the Recording Academy == | === 60th Grammy Awards controversies ===
http://dbpedia.org/class/yago/Event100029378,http://dbpedia.org/resource/Wrongful_dismissal,wrongful termination,217,166,1.0,0.0,"Concerning the controversies of hosting that year's Grammy Awards in New York, Dana Tomarken, the former executive vice president of the MusiCares foundation claimed wrongful termination.",1,23,== President of the Recording Academy == | === 60th Grammy Awards controversies ===
http://dbpedia.org/class/yago/Practice100410247,http://dbpedia.org/resource/Wrongful_dismissal,wrongful termination,217,166,1.0,0.0,"Concerning the controversies of hosting that year's Grammy Awards in New York, Dana Tomarken, the former executive vice president of the MusiCares foundation claimed wrongful termination.",1,23,== President of the Recording Academy == | === 60th Grammy Awards controversies ===
http://dbpedia.org/class/yago/PsychologicalFeature100023100,http://dbpedia.org/resource/Wrongful_dismissal,wrongful termination,217,166,1.0,0.0,"Concerning the controversies of hosting that year's Grammy Awards in New York, Dana Tomarken, the former executive vice president of the MusiCares foundation claimed wrongful termination.",1,23,== President of the Recording Academy == | === 60th Grammy Awards controversies ===
http://dbpedia.org/class/yago/WikicatEthicallyDisputedBusinessPractices,http://dbpedia.org/resource/Wrongful_dismissal,wrongful termination,217,166,1.0,0.0,"Concerning the controversies of hosting that year's Grammy Awards in New York, Dana Tomarken, the former executive vice president of the MusiCares foundation claimed wrongful termination.",1,23,== President of the Recording Academy == | === 60th Grammy Awards controversies ===
http://www.w3.org/2002/07/owl#Thing,http://dbpedia.org/resource/Auction,silent auction,3523,165,0.9999999999999716,0.0,"She claimed that by having the MusiCares Person of the Year Tribute to Fleetwood Mac at Radio City Music Hall, the event had to forgo its traditional VIP dinner and silent auction.",3,23,== President of the Recording Academy == | === 60th Grammy Awards controversies ===
http://dbpedia.org/ontology/Election,http://dbpedia.org/resource/Auction,silent auction,3523,165,0.9999999999999716,0.0,"She claimed that by having the MusiCares Person of the Year Tribute to Fleetwood Mac at Radio City Music Hall, the event had to forgo its traditional VIP dinner and silent auction.",3,23,== President of the Recording Academy == | === 60th Grammy Awards controversies ===
http://dbpedia.org/ontology/PersonFunction,http://dbpedia.org/resource/Auction,silent auction,3523,165,0.9999999999999716,0.0,"She claimed that by having the MusiCares Person of the Year Tribute to Fleetwood Mac at Radio City Music Hall, the event had to forgo its traditional VIP dinner and silent auction.",3,23,== President of the Recording Academy == | === 60th Grammy Awards controversies ===
http://www.w3.org/2002/07/owl#Thing,http://dbpedia.org/resource/Joint_venture,joint venture,4130,28,0.999999487603606,3.732753965567154e-07,Irving Azoff who then had a joint venture with the Madison Square Garden Company told Tomarken that the event can't be held at Barclays and had to be held at Radio City.,6,23,== President of the Recording Academy == | === 60th Grammy Awards controversies ===
http://dbpedia.org/ontology/Company,http://dbpedia.org/resource/Joint_venture,joint venture,4130,28,0.999999487603606,3.732753965567154e-07,Irving Azoff who then had a joint venture with the Madison Square Garden Company told Tomarken that the event can't be held at Barclays and had to be held at Radio City.,6,23,== President of the Recording Academy == | === 60th Grammy Awards controversies ===
http://dbpedia.org/ontology/Organisation,http://dbpedia.org/resource/Joint_venture,joint venture,4130,28,0.999999487603606,3.732753965567154e-07,Irving Azoff who then had a joint venture with the Madison Square Garden Company told Tomarken that the event can't be held at Barclays and had to be held at Radio City.,6,23,== President of the Recording Academy == | === 60th Grammy Awards controversies ===
http://dbpedia.org/class/yago/WikicatConflictsIn1855,http://dbpedia.org/resource/Sea_of_Azov_naval_campaign_(1855),Azoff,7,40,0.8763747034464882,0.0,Oak View Group which is associated with Azoff received 300 of the highest price tickets to the MusiCares event at Radio City.,7,23,== President of the Recording Academy == | === 60th Grammy Awards controversies ===
http://dbpedia.org/class/yago/YagoPermanentlyLocatedEntity,http://dbpedia.org/resource/Sea_of_Azov_naval_campaign_(1855),Azoff,7,40,0.8763747034464882,0.0,Oak View Group which is associated with Azoff received 300 of the highest price tickets to the MusiCares event at Radio City.,7,23,== President of the Recording Academy == | === 60th Grammy Awards controversies ===
http://dbpedia.org/class/yago/Abstraction100002137,http://dbpedia.org/resource/Sea_of_Azov_naval_campaign_(1855),Azoff,7,40,0.8763747034464882,0.0,Oak View Group which is associated with Azoff received 300 of the highest price tickets to the MusiCares event at Radio City.,7,23,== President of the Recording Academy == | === 60th Grammy Awards controversies ===
http://dbpedia.org/class/yago/Act100030358,http://dbpedia.org/resource/Sea_of_Azov_naval_campaign_(1855),Azoff,7,40,0.8763747034464882,0.0,Oak View Group which is associated with Azoff received 300 of the highest price tickets to the MusiCares event at Radio City.,7,23,== President of the Recording Academy == | === 60th Grammy Awards controversies ===
http://dbpedia.org/class/yago/Battle100953559,http://dbpedia.org/resource/Sea_of_Azov_naval_campaign_(1855),Azoff,7,40,0.8763747034464882,0.0,Oak View Group which is associated with Azoff received 300 of the highest price tickets to the MusiCares event at Radio City.,7,23,== President of the Recording Academy == | === 60th Grammy Awards controversies ===
http://dbpedia.org/class/yago/Conflict100958896,http://dbpedia.org/resource/Sea_of_Azov_naval_campaign_(1855),Azoff,7,40,0.8763747034464882,0.0,Oak View Group which is associated with Azoff received 300 of the highest price tickets to the MusiCares event at Radio City.,7,23,== President of the Recording Academy == | === 60th Grammy Awards controversies ===
http://dbpedia.org/class/yago/Event100029378,http://dbpedia.org/resource/Sea_of_Azov_naval_campaign_(1855),Azoff,7,40,0.8763747034464882,0.0,Oak View Group which is associated with Azoff received 300 of the highest price tickets to the MusiCares event at Radio City.,7,23,== President of the Recording Academy == | === 60th Grammy Awards controversies ===
http://dbpedia.org/class/yago/GroupAction101080366,http://dbpedia.org/resource/Sea_of_Azov_naval_campaign_(1855),Azoff,7,40,0.8763747034464882,0.0,Oak View Group which is associated with Azoff received 300 of the highest price tickets to the MusiCares event at Radio City.,7,23,== President of the Recording Academy == | === 60th Grammy Awards controversies ===
http://dbpedia.org/class/yago/MilitaryAction100952963,http://dbpedia.org/resource/Sea_of_Azov_naval_campaign_(1855),Azoff,7,40,0.8763747034464882,0.0,Oak View Group which is associated with Azoff received 300 of the highest price tickets to the MusiCares event at Radio City.,7,23,== President of the Recording Academy == | === 60th Grammy Awards controversies ===
http://dbpedia.org/class/yago/NavalBattle100958477,http://dbpedia.org/resource/Sea_of_Azov_naval_campaign_(1855),Azoff,7,40,0.8763747034464882,0.0,Oak View Group which is associated with Azoff received 300 of the highest price tickets to the MusiCares event at Radio City.,7,23,== President of the Recording Academy == | === 60th Grammy Awards controversies ===
http://dbpedia.org/class/yago/PsychologicalFeature100023100,http://dbpedia.org/resource/Sea_of_Azov_naval_campaign_(1855),Azoff,7,40,0.8763747034464882,0.0,Oak View Group which is associated with Azoff received 300 of the highest price tickets to the MusiCares event at Radio City.,7,23,== President of the Recording Academy == | === 60th Grammy Awards controversies ===
http://dbpedia.org/class/yago/WikicatNavalBattlesOfTheCrimeanWar,http://dbpedia.org/resource/Sea_of_Azov_naval_campaign_(1855),Azoff,7,40,0.8763747034464882,0.0,Oak View Group which is associated with Azoff received 300 of the highest price tickets to the MusiCares event at Radio City.,7,23,== President of the Recording Academy == | === 60th Grammy Awards controversies ===
http://www.w3.org/2002/07/owl#Thing,http://dbpedia.org/resource/Music_industry,music industry,2340,99,0.9999437372560774,2.8268017436902218e-05,"Portnow also came under heavy criticism at the 60th Grammy Awards for suggesting that women in the music industry need to ""step up"".",11,23,== President of the Recording Academy == | === 60th Grammy Awards controversies ===
http://dbpedia.org/ontology/PersonFunction,http://dbpedia.org/resource/Music_industry,music industry,2340,99,0.9999437372560774,2.8268017436902218e-05,"Portnow also came under heavy criticism at the 60th Grammy Awards for suggesting that women in the music industry need to ""step up"".",11,23,== President of the Recording Academy == | === 60th Grammy Awards controversies ===
http://dbpedia.org/class/yago/YagoLegalActor,http://dbpedia.org/resource/Music_industry,music industry,2340,99,0.9999437372560774,2.8268017436902218e-05,"Portnow also came under heavy criticism at the 60th Grammy Awards for suggesting that women in the music industry need to ""step up"".",11,23,== President of the Recording Academy == | === 60th Grammy Awards controversies ===
http://dbpedia.org/class/yago/YagoLegalActorGeo,http://dbpedia.org/resource/Music_industry,music industry,2340,99,0.9999437372560774,2.8268017436902218e-05,"Portnow also came under heavy criticism at the 60th Grammy Awards for suggesting that women in the music industry need to ""step up"".",11,23,== President of the Recording Academy == | === 60th Grammy Awards controversies ===
http://dbpedia.org/class/yago/WikicatRecordLabelDistributors,http://dbpedia.org/resource/Music_industry,music industry,2340,99,0.9999437372560774,2.8268017436902218e-05,"Portnow also came under heavy criticism at the 60th Grammy Awards for suggesting that women in the music industry need to ""step up"".",11,23,== President of the Recording Academy == | === 60th Grammy Awards controversies ===
http://dbpedia.org/class/yago/Businessperson109882716,http://dbpedia.org/resource/Music_industry,music industry,2340,99,0.9999437372560774,2.8268017436902218e-05,"Portnow also came under heavy criticism at the 60th Grammy Awards for suggesting that women in the music industry need to ""step up"".",11,23,== President of the Recording Academy == | === 60th Grammy Awards controversies ===
http://dbpedia.org/class/yago/Capitalist109609232,http://dbpedia.org/resource/Music_industry,music industry,2340,99,0.9999437372560774,2.8268017436902218e-05,"Portnow also came under heavy criticism at the 60th Grammy Awards for suggesting that women in the music industry need to ""step up"".",11,23,== President of the Recording Academy == | === 60th Grammy Awards controversies ===
http://dbpedia.org/class/yago/CausalAgent100007347,http://dbpedia.org/resource/Music_industry,music industry,2340,99,0.9999437372560774,2.8268017436902218e-05,"Portnow also came under heavy criticism at the 60th Grammy Awards for suggesting that women in the music industry need to ""step up"".",11,23,== President of the Recording Academy == | === 60th Grammy Awards controversies ===
http://dbpedia.org/class/yago/Distributor110018861,http://dbpedia.org/resource/Music_industry,music industry,2340,99,0.9999437372560774,2.8268017436902218e-05,"Portnow also came under heavy criticism at the 60th Grammy Awards for suggesting that women in the music industry need to ""step up"".",11,23,== President of the Recording Academy == | === 60th Grammy Awards controversies ===
http://dbpedia.org/class/yago/LivingThing100004258,http://dbpedia.org/resource/Music_industry,music industry,2340,99,0.9999437372560774,2.8268017436902218e-05,"Portnow also came under heavy criticism at the 60th Grammy Awards for suggesting that women in the music industry need to ""step up"".",11,23,== President of the Recording Academy == | === 60th Grammy Awards controversies ===
http://dbpedia.org/class/yago/Object100002684,http://dbpedia.org/resource/Music_industry,music industry,2340,99,0.9999437372560774,2.8268017436902218e-05,"Portnow also came under heavy criticism at the 60th Grammy Awards for suggesting that women in the music industry need to ""step up"".",11,23,== President of the Recording Academy == | === 60th Grammy Awards controversies ===
http://dbpedia.org/class/yago/Organism100004475,http://dbpedia.org/resource/Music_industry,music industry,2340,99,0.9999437372560774,2.8268017436902218e-05,"Portnow also came under heavy criticism at the 60th Grammy Awards for suggesting that women in the music industry need to ""step up"".",11,23,== President of the Recording Academy == | === 60th Grammy Awards controversies ===
http://dbpedia.org/class/yago/Person100007846,http://dbpedia.org/resource/Music_industry,music industry,2340,99,0.9999437372560774,2.8268017436902218e-05,"Portnow also came under heavy criticism at the 60th Grammy Awards for suggesting that women in the music industry need to ""step up"".",11,23,== President of the Recording Academy == | === 60th Grammy Awards controversies ===
http://dbpedia.org/class/yago/PhysicalEntity100001930,http://dbpedia.org/resource/Music_industry,music industry,2340,99,0.9999437372560774,2.8268017436902218e-05,"Portnow also came under heavy criticism at the 60th Grammy Awards for suggesting that women in the music industry need to ""step up"".",11,23,== President of the Recording Academy == | === 60th Grammy Awards controversies ===
http://dbpedia.org/class/yago/Supplier110677271,http://dbpedia.org/resource/Music_industry,music industry,2340,99,0.9999437372560774,2.8268017436902218e-05,"Portnow also came under heavy criticism at the 60th Grammy Awards for suggesting that women in the music industry need to ""step up"".",11,23,== President of the Recording Academy == | === 60th Grammy Awards controversies ===
http://dbpedia.org/class/yago/Whole100003553,http://dbpedia.org/resource/Music_industry,music industry,2340,99,0.9999437372560774,2.8268017436902218e-05,"Portnow also came under heavy criticism at the 60th Grammy Awards for suggesting that women in the music industry need to ""step up"".",11,23,== President of the Recording Academy == | === 60th Grammy Awards controversies ===
http://www.w3.org/2002/07/owl#Thing,http://dbpedia.org/resource/Hope,Hope,558,88,0.7234105540574652,0.3787132643523189,"Portnow sat on the 2018 executive board, Music & Entertainment Industry for the City of Hope, where he previously served a three-year term as President of the Music and Entertainment Industry chapter from 2000 to 2002, raising funds for the world-renowned cancer treatment and research center.",0,27,== Philanthropy ==
http://www.w3.org/2002/07/owl#Thing,http://dbpedia.org/resource/President_of_the_United_States,President,56186,142,0.838973078228754,0.1584521801687758,"Portnow sat on the 2018 executive board, Music & Entertainment Industry for the City of Hope, where he previously served a three-year term as President of the Music and Entertainment Industry chapter from 2000 to 2002, raising funds for the world-renowned cancer treatment and research center.",0,27,== Philanthropy ==
http://dbpedia.org/ontology/Person,http://dbpedia.org/resource/President_of_the_United_States,President,56186,142,0.838973078228754,0.1584521801687758,"Portnow sat on the 2018 executive board, Music & Entertainment Industry for the City of Hope, where he previously served a three-year term as President of the Music and Entertainment Industry chapter from 2000 to 2002, raising funds for the world-renowned cancer treatment and research center.",0,27,== Philanthropy ==
http://dbpedia.org/ontology/PersonFunction,http://dbpedia.org/resource/President_of_the_United_States,President,56186,142,0.838973078228754,0.1584521801687758,"Portnow sat on the 2018 executive board, Music & Entertainment Industry for the City of Hope, where he previously served a three-year term as President of the Music and Entertainment Industry chapter from 2000 to 2002, raising funds for the world-renowned cancer treatment and research center.",0,27,== Philanthropy ==
http://www.w3.org/2002/07/owl#Thing,http://dbpedia.org/resource/Philanthropy,philanthropy,5118,65,0.9999999996378222,0.0,"In October 2003, the City Of Hope presented Portnow with its top philanthropy honor, the Spirit of Life Award, at a gala event that raised more than $2.3 million to benefit research and treatment efforts.",1,27,== Philanthropy ==
http://dbpedia.org/ontology/PersonFunction,http://dbpedia.org/resource/Philanthropy,philanthropy,5118,65,0.9999999996378222,0.0,"In October 2003, the City Of Hope presented Portnow with its top philanthropy honor, the Spirit of Life Award, at a gala event that raised more than $2.3 million to benefit research and treatment efforts.",1,27,== Philanthropy ==
http://www.w3.org/2002/07/owl#Thing,http://dbpedia.org/resource/Honorary_degree,Honorary Doctorate,7053,36,0.9998614073218082,0.00013861188878658162,"In May 2017, Portnow was awarded an Honorary Doctorate of Music from Berklee College of Music.",0,29,== Honors ==
http://dbpedia.org/ontology/University,http://dbpedia.org/resource/Honorary_degree,Honorary Doctorate,7053,36,0.9998614073218082,0.00013861188878658162,"In May 2017, Portnow was awarded an Honorary Doctorate of Music from Berklee College of Music.",0,29,== Honors ==
http://www.w3.org/2002/07/owl#Thing,http://dbpedia.org/resource/UJA-Federation_of_New_York,UJA-Federation,107,17,0.9998920786210408,0.00010793297514772138,He was named the UJA-Federation of NY's Music Visionary of the Year at its annual luncheon in June 2014.,1,29,== Honors ==
http://dbpedia.org/class/yago/WikicatJewishCommunityOrganizations,http://dbpedia.org/resource/UJA-Federation_of_New_York,UJA-Federation,107,17,0.9998920786210408,0.00010793297514772138,He was named the UJA-Federation of NY's Music Visionary of the Year at its annual luncheon in June 2014.,1,29,== Honors ==
http://dbpedia.org/class/yago/WikicatPhilanthropicOrganizationsBasedInTheUnitedStates,http://dbpedia.org/resource/UJA-Federation_of_New_York,UJA-Federation,107,17,0.9998920786210408,0.00010793297514772138,He was named the UJA-Federation of NY's Music Visionary of the Year at its annual luncheon in June 2014.,1,29,== Honors ==
http://dbpedia.org/ontology/Organisation,http://dbpedia.org/resource/UJA-Federation_of_New_York,UJA-Federation,107,17,0.9998920786210408,0.00010793297514772138,He was named the UJA-Federation of NY's Music Visionary of the Year at its annual luncheon in June 2014.,1,29,== Honors ==
http://dbpedia.org/class/yago/YagoLegalActor,http://dbpedia.org/resource/UJA-Federation_of_New_York,UJA-Federation,107,17,0.9998920786210408,0.00010793297514772138,He was named the UJA-Federation of NY's Music Visionary of the Year at its annual luncheon in June 2014.,1,29,== Honors ==
http://dbpedia.org/class/yago/YagoLegalActorGeo,http://dbpedia.org/resource/UJA-Federation_of_New_York,UJA-Federation,107,17,0.9998920786210408,0.00010793297514772138,He was named the UJA-Federation of NY's Music Visionary of the Year at its annual luncheon in June 2014.,1,29,== Honors ==
http://dbpedia.org/class/yago/YagoPermanentlyLocatedEntity,http://dbpedia.org/resource/UJA-Federation_of_New_York,UJA-Federation,107,17,0.9998920786210408,0.00010793297514772138,He was named the UJA-Federation of NY's Music Visionary of the Year at its annual luncheon in June 2014.,1,29,== Honors ==
http://dbpedia.org/class/yago/Abstraction100002137,http://dbpedia.org/resource/UJA-Federation_of_New_York,UJA-Federation,107,17,0.9998920786210408,0.00010793297514772138,He was named the UJA-Federation of NY's Music Visionary of the Year at its annual luncheon in June 2014.,1,29,== Honors ==
http://dbpedia.org/class/yago/Group100031264,http://dbpedia.org/resource/UJA-Federation_of_New_York,UJA-Federation,107,17,0.9998920786210408,0.00010793297514772138,He was named the UJA-Federation of NY's Music Visionary of the Year at its annual luncheon in June 2014.,1,29,== Honors ==
http://dbpedia.org/class/yago/Organization108008335,http://dbpedia.org/resource/UJA-Federation_of_New_York,UJA-Federation,107,17,0.9998920786210408,0.00010793297514772138,He was named the UJA-Federation of NY's Music Visionary of the Year at its annual luncheon in June 2014.,1,29,== Honors ==
http://dbpedia.org/class/yago/SocialGroup107950920,http://dbpedia.org/resource/UJA-Federation_of_New_York,UJA-Federation,107,17,0.9998920786210408,0.00010793297514772138,He was named the UJA-Federation of NY's Music Visionary of the Year at its annual luncheon in June 2014.,1,29,== Honors ==
http://www.w3.org/2002/07/owl#Thing,http://dbpedia.org/resource/Magazine,magazine,15550,123,0.9998641315991416,5.570880595941468e-05,"Other honors include the George Washington University's Distinguished Alumni Achievement Award, and inclusion in Billboard magazine's Power 100 and the Variety500 industry lists.",2,29,== Honors ==
http://dbpedia.org/ontology/MusicGenre,http://dbpedia.org/resource/Magazine,magazine,15550,123,0.9998641315991416,5.570880595941468e-05,"Other honors include the George Washington University's Distinguished Alumni Achievement Award, and inclusion in Billboard magazine's Power 100 and the Variety500 industry lists.",2,29,== Honors ==
http://dbpedia.org/ontology/PeriodicalLiterature,http://dbpedia.org/resource/Magazine,magazine,15550,123,0.9998641315991416,5.570880595941468e-05,"Other honors include the George Washington University's Distinguished Alumni Achievement Award, and inclusion in Billboard magazine's Power 100 and the Variety500 industry lists.",2,29,== Honors ==
http://www.w3.org/2002/07/owl#Thing,http://dbpedia.org/resource/Magazine,magazine,15550,19,0.9938069801204072,0.0020254029271915,SongwriterUniverse magazine profile,0,34,== External links ==
http://dbpedia.org/ontology/MusicGenre,http://dbpedia.org/resource/Magazine,magazine,15550,19,0.9938069801204072,0.0020254029271915,SongwriterUniverse magazine profile,0,34,== External links ==
http://dbpedia.org/ontology/PeriodicalLiterature,http://dbpedia.org/resource/Magazine,magazine,15550,19,0.9938069801204072,0.0020254029271915,SongwriterUniverse magazine profile,0,34,== External links ==
