before,after,paragraphIndex,annotation,sentences
,0,0,HT,Irena Dubiska (1899–1989) was a Polish violinist.
